Mesh2HRTF 0.1.2
    1
    1  1225
200000 -4.346095E-06 -1.087441E-05
200001 -6.269607E-06  1.000187E-05
200002 -6.284429E-06  1.062890E-05
200003 -6.320506E-06  1.109419E-05
200004 -6.370583E-06  1.140043E-05
200005 -6.424936E-06  1.155028E-05
200006 -6.472180E-06  1.154600E-05
200007 -6.500226E-06  1.138929E-05
200008 -6.497300E-06  1.108126E-05
200009 -6.452909E-06  1.062261E-05
200010 -6.358672E-06  1.001384E-05
200011 -6.208894E-06  9.255440E-06
200012 -6.000836E-06  8.348210E-06
200013 -5.734640E-06  7.293608E-06
200014 -5.412937E-06  6.094191E-06
200015 -5.040213E-06  4.754203E-06
200016 -4.622044E-06  3.280324E-06
200017 -4.164331E-06  1.682556E-06
200018 -3.672666E-06 -2.483788E-08
200019 -3.151947E-06 -1.822422E-06
200020 -2.606256E-06 -3.684929E-06
200021 -2.039053E-06 -5.580988E-06
200022 -1.453586E-06 -7.473440E-06
200023 -8.534417E-07 -9.320361E-06
200024 -2.430966E-07 -1.107682E-05
200025  3.716560E-07 -1.269734E-05
200026  9.835007E-07 -1.413876E-05
200027  1.583677E-06 -1.536343E-05
200028  2.162337E-06 -1.634209E-05
200029  2.709132E-06 -1.705635E-05
200030  3.213922E-06 -1.750031E-05
200031  3.667498E-06 -1.768102E-05
200032  4.062189E-06 -1.761800E-05
200033  4.392261E-06 -1.734155E-05
200034  4.654068E-06 -1.689029E-05
200035  4.845940E-06 -1.630825E-05
200036  4.967853E-06 -1.564164E-05
200037  5.020978E-06 -1.493594E-05
200038  5.007167E-06 -1.423335E-05
200039  4.928492E-06 -1.357088E-05
200040  4.786894E-06 -1.297908E-05
200041  4.583978E-06 -1.248138E-05
200042  4.320981E-06 -1.209400E-05
200043  3.998880E-06 -1.182607E-05
200044  3.618619E-06 -1.167997E-05
200045  3.181414E-06 -1.165167E-05
200046  2.689086E-06 -1.173103E-05
200047  2.144391E-06 -1.190195E-05
200048  1.551316E-06 -1.214260E-05
200049  9.153172E-07 -1.242569E-05
200050  2.434892E-07 -1.271902E-05
200051 -4.553618E-07 -1.298638E-05
200052 -1.170752E-06 -1.318898E-05
200053 -1.890679E-06 -1.328740E-05
200054 -2.601938E-06 -1.324391E-05
200055 -3.290575E-06 -1.302511E-05
200056 -3.942511E-06 -1.260454E-05
200057 -4.544275E-06 -1.196500E-05
200058 -5.083808E-06 -1.110025E-05
200059 -5.551273E-06 -1.001584E-05
200060 -5.939772E-06 -8.728952E-06
200061 -6.245896E-06 -7.267299E-06
200062 -6.470027E-06 -5.667057E-06
200063 -6.616362E-06 -3.970234E-06
200064 -6.692628E-06 -2.221683E-06
200065 -6.709525E-06 -4.661515E-07
200066 -6.679936E-06  1.254365E-06
200067 -6.617993E-06  2.902693E-06
200068 -6.538057E-06  4.447852E-06
200069 -6.453718E-06  5.865689E-06
200070 -6.376867E-06  7.138812E-06
200071 -6.316917E-06  8.255972E-06
200072 -6.280202E-06  9.211056E-06
200073  4.149822E-06  1.239769E-05
200074  3.790294E-06  1.221156E-05
200075  3.199007E-06  1.206403E-05
200076  2.410844E-06  1.197731E-05
200077  1.479571E-06  1.195015E-05
200078  4.769437E-07  1.196415E-05
200079 -5.118319E-07  1.199188E-05
200080 -1.396640E-06  1.200529E-05
200081 -2.094159E-06  1.198283E-05
200082 -2.540655E-06  1.191352E-05
200083 -2.703054E-06  1.179716E-05
200084 -2.585458E-06  1.164017E-05
200085 -2.229125E-06  1.144793E-05
200086 -1.705420E-06  1.121530E-05
200087 -1.102916E-06  1.091775E-05
200088 -5.111993E-07  1.050587E-05
200089 -4.678393E-09  9.905537E-06
200090  3.703541E-07  9.025316E-06
200091  6.029364E-07  7.771145E-06
200092  7.176393E-07  6.066687E-06
200093  7.678373E-07  3.876108E-06
200094  8.234010E-07  1.224753E-06
200095  9.551781E-07 -1.787330E-06
200096  1.219265E-06 -4.983523E-06
200097  1.644208E-06 -8.123117E-06
200098  2.223857E-06 -1.092806E-05
200099  2.917536E-06 -1.312059E-05
200100  3.657699E-06 -1.446521E-05
200101  4.363479E-06 -1.480702E-05
200102  4.957075E-06 -1.409799E-05
200103  5.379135E-06 -1.240558E-05
200104  5.599525E-06 -9.901476E-06
200105  5.621167E-06 -6.833193E-06
200106  5.476499E-06 -3.484697E-06
200107  5.218080E-06 -1.346958E-07
200108  4.906177E-06  2.979227E-06
200109  4.596582E-06  5.684513E-06
200110  4.331282E-06  7.882933E-06
200111  4.133454E-06  9.546079E-06
200112  4.006909E-06  1.070047E-05
200113  3.939103E-06  1.140686E-05
200114  3.906340E-06  1.173838E-05
200115  3.879702E-06  1.176113E-05
200116  3.830520E-06  1.151974E-05
200117  3.734503E-06  1.102947E-05
200118  3.574049E-06  1.027554E-05
200119  3.338609E-06  9.220041E-06
200120  3.023418E-06  7.815704E-06
200121  2.627314E-06  6.025126E-06
200122  2.150671E-06  3.842296E-06
200123  1.594551E-06  1.312157E-06
200124  9.617929E-07 -1.456868E-06
200125  2.600708E-07 -4.291938E-06
200126 -4.939637E-07 -6.968960E-06
200127 -1.271030E-06 -9.239263E-06
200128 -2.027834E-06 -1.086555E-05
200129 -2.709223E-06 -1.166010E-05
200130 -3.254131E-06 -1.151696E-05
200131 -3.604309E-06 -1.043108E-05
200132 -3.713905E-06 -8.500188E-06
200133 -3.557629E-06 -5.909286E-06
200134 -3.135590E-06 -2.901542E-06
200135 -2.473874E-06  2.579842E-07
200136 -1.620985E-06  3.318532E-06
200137 -6.412873E-07  6.073398E-06
200138  3.929524E-07  8.379122E-06
200139  1.409229E-06  1.016269E-05
200140  2.340914E-06  1.141773E-05
200141  3.131178E-06  1.219245E-05
200142  3.734775E-06  1.257275E-05
200143  4.118331E-06  1.266389E-05
200144  4.260053E-06  1.257349E-05
200145  9.133329E-06 -6.501976E-06
200146  8.879618E-06 -7.578221E-06
200147  8.316844E-06 -8.027170E-06
200148  7.351862E-06 -7.920887E-06
200149  5.938401E-06 -7.393029E-06
200150  4.120971E-06 -6.620445E-06
200151  2.059146E-06 -5.794845E-06
200152  1.741937E-08 -5.086145E-06
200153 -1.683506E-06 -4.604071E-06
200154 -2.743374E-06 -4.367968E-06
200155 -2.964061E-06 -4.294731E-06
200156 -2.309422E-06 -4.211012E-06
200157 -9.231738E-07 -3.889735E-06
200158  9.007760E-07 -3.104679E-06
200159  2.785313E-06 -1.692287E-06
200160  4.353629E-06  3.920464E-07
200161  5.306558E-06  3.035498E-06
200162  5.476863E-06  5.957169E-06
200163  4.852902E-06  8.731994E-06
200164  3.572510E-06  1.085133E-05
200165  1.892506E-06  1.181608E-05
200166  1.402076E-07  1.124998E-05
200167 -1.347066E-06  9.011434E-06
200168 -2.287799E-06  5.275170E-06
200169 -2.517683E-06  5.541850E-07
200170 -2.033092E-06 -4.358931E-06
200171 -1.001855E-06 -8.532509E-06
200172  2.687847E-07 -1.109356E-05
200173  1.405563E-06 -1.143448E-05
200174  2.067212E-06 -9.369170E-06
200175  2.038058E-06 -5.188371E-06
200176  1.285834E-06  4.075537E-07
200177 -3.669985E-08  6.480414E-06
200178 -1.646020E-06  1.207831E-05
200179 -3.216291E-06  1.644438E-05
200180 -4.468749E-06  1.915230E-05
200181 -5.232265E-06  2.014107E-05
200182 -5.461193E-06  1.965759E-05
200183 -5.215662E-06  1.814320E-05
200184 -4.621880E-06  1.610912E-05
200185 -3.831342E-06  1.403609E-05
200186 -2.990371E-06  1.231363E-05
200187 -2.221649E-06  1.121426E-05
200188 -1.613287E-06  1.088656E-05
200189 -1.210658E-06  1.135037E-05
200190 -1.010135E-06  1.248665E-05
200191 -9.584960E-07  1.402700E-05
200192 -9.638016E-07  1.555940E-05
200193 -9.208311E-07  1.656958E-05
200194 -7.471898E-07  1.652905E-05
200195 -4.182094E-07  1.502219E-05
200196  1.547391E-08  1.188180E-05
200197  4.396482E-07  7.287196E-06
200198  7.176673E-07  1.780427E-06
200199  7.466193E-07 -3.820984E-06
200200  5.052827E-07 -8.600816E-06
200201  7.276472E-08 -1.176176E-05
200202 -3.906035E-07 -1.281805E-05
200203 -6.922142E-07 -1.170491E-05
200204 -6.662003E-07 -8.775926E-06
200205 -2.206439E-07 -4.697145E-06
200206  6.417137E-07 -2.774923E-07
200207  1.832220E-06  3.711293E-06
200208  3.207037E-06  6.678010E-06
200209  4.606997E-06  8.290764E-06
200210  5.893970E-06  8.486709E-06
200211  6.975125E-06  7.427153E-06
200212  7.811524E-06  5.422177E-06
200213  8.411716E-06  2.849197E-06
200214  8.813661E-06  8.368070E-08
200215  9.059960E-06 -2.548849E-06
200216  9.172467E-06 -4.798865E-06
200217 -1.247215E-06 -1.440579E-05
200218  1.541066E-07 -1.428415E-05
200219  1.809527E-06 -1.352748E-05
200220  3.186409E-06 -1.220097E-05
200221  3.708104E-06 -1.043837E-05
200222  2.967253E-06 -8.487068E-06
200223  9.280478E-07 -6.701980E-06
200224 -1.985093E-06 -5.475994E-06
200225 -4.979472E-06 -5.128137E-06
200226 -7.150589E-06 -5.793829E-06
200227 -7.801340E-06 -7.361089E-06
200228 -6.686154E-06 -9.475618E-06
200229 -4.078990E-06 -1.160946E-05
200230 -6.509878E-07 -1.316789E-05
200231  2.770778E-06 -1.360444E-05
200232  5.452540E-06 -1.252246E-05
200233  6.919778E-06 -9.755356E-06
200234  7.005897E-06 -5.425905E-06
200235  5.808438E-06  1.820056E-08
200236  3.608529E-06  5.808212E-06
200237  8.031192E-07  1.092605E-05
200238 -2.133010E-06  1.427041E-05
200239 -4.675367E-06  1.491757E-05
200240 -6.306475E-06  1.242968E-05
200241 -6.626859E-06  7.112528E-06
200242 -5.505044E-06  9.977577E-08
200243 -3.203603E-06 -6.831032E-06
200244 -3.951146E-07 -1.171726E-05
200245  1.991224E-06 -1.302746E-05
200246  3.074366E-06 -1.021587E-05
200247  2.366620E-06 -3.978067E-06
200248 -3.373396E-09  3.930552E-06
200249 -3.317206E-06  1.126978E-05
200250 -6.551012E-06  1.605942E-05
200251 -8.785974E-06  1.719135E-05
200252 -9.541732E-06  1.467373E-05
200253 -8.877482E-06  9.450497E-06
200254 -7.244611E-06  2.930080E-06
200255 -5.211473E-06 -3.538231E-06
200256 -3.227051E-06 -9.024295E-06
200257 -1.528905E-06 -1.311431E-05
200258 -1.919716E-07 -1.577982E-05
200259  7.612099E-07 -1.713760E-05
200260  1.275713E-06 -1.723266E-05
200261  1.252047E-06 -1.593921E-05
200262  6.074660E-07 -1.301954E-05
200263 -6.223931E-07 -8.323627E-06
200264 -2.198619E-06 -2.054370E-06
200265 -3.677004E-06  5.028794E-06
200266 -4.529359E-06  1.160968E-05
200267 -4.360371E-06  1.610132E-05
200268 -3.115530E-06  1.716728E-05
200269 -1.152080E-06  1.428004E-05
200270  8.911954E-07  8.050795E-06
200271  2.370909E-06  1.384228E-07
200272  2.916842E-06 -7.264176E-06
200273  2.565222E-06 -1.216397E-05
200274  1.691768E-06 -1.341610E-05
200275  8.021328E-07 -1.103157E-05
200276  3.016122E-07 -6.056458E-06
200277  3.523487E-07 -1.221866E-07
200278  8.597922E-07  5.119394E-06
200279  1.560805E-06  8.459662E-06
200280  2.150275E-06  9.364699E-06
200281  2.388118E-06  7.958507E-06
200282  2.157459E-06  4.830292E-06
200283  1.475043E-06  7.734828E-07
200284  4.716658E-07 -3.449096E-06
200285 -6.392707E-07 -7.258362E-06
200286 -1.597241E-06 -1.031608E-05
200287 -2.137501E-06 -1.250128E-05
200288 -2.048955E-06 -1.383722E-05
200289 -1.206907E-05  1.651395E-07
200290 -9.672897E-06  9.937451E-07
200291 -5.737705E-06  1.502310E-06
200292 -1.022946E-06  2.146722E-06
200293  3.131257E-06  3.316818E-06
200294  5.277256E-06  5.071464E-06
200295  4.556694E-06  7.048919E-06
200296  1.230511E-06  8.612930E-06
200297 -3.325553E-06  9.144224E-06
200298 -7.223716E-06  8.304795E-06
200299 -8.945572E-06  6.142376E-06
200300 -8.004212E-06  3.017092E-06
200301 -5.042721E-06 -5.688126E-07
200302 -1.382281E-06 -4.128289E-06
200303  1.664450E-06 -7.259513E-06
200304  3.330725E-06 -9.619825E-06
200305  3.556703E-06 -1.085714E-05
200306  2.786484E-06 -1.058617E-05
200307  1.588723E-06 -8.482225E-06
200308  3.324868E-07 -4.497876E-06
200309 -9.211901E-07  8.857454E-07
200310 -2.283122E-06  6.531074E-06
200311 -3.759480E-06  1.079422E-05
200312 -5.023502E-06  1.201122E-05
200313 -5.418700E-06  9.210090E-06
200314 -4.265502E-06  2.760927E-06
200315 -1.356060E-06 -5.410989E-06
200316  2.651382E-06 -1.232115E-05
200317  6.263109E-06 -1.508437E-05
200318  7.745551E-06 -1.227887E-05
200319  6.068230E-06 -4.811362E-06
200320  1.655211E-06  4.278081E-06
200321 -3.609083E-06  1.109747E-05
200322 -7.269597E-06  1.266451E-05
200323 -7.622289E-06  8.228387E-06
200324 -4.634522E-06 -5.320904E-07
200325  1.482526E-07 -1.047169E-05
200326  4.619081E-06 -1.850524E-05
200327  7.315589E-06 -2.286878E-05
200328  8.022138E-06 -2.355798E-05
200329  7.516762E-06 -2.192011E-05
200330  6.846428E-06 -1.980015E-05
200331  6.706596E-06 -1.872291E-05
200332  7.203356E-06 -1.937970E-05
200333  7.906754E-06 -2.143414E-05
200334  8.035531E-06 -2.358883E-05
200335  6.772882E-06 -2.394865E-05
200336  3.745156E-06 -2.075275E-05
200337 -5.335263E-07 -1.334319E-05
200338 -4.648743E-06 -2.901937E-06
200339 -6.918473E-06  7.627330E-06
200340 -6.368096E-06  1.465604E-05
200341 -3.373352E-06  1.565423E-05
200342  5.266833E-07  1.049844E-05
200343  3.532510E-06  1.640175E-06
200344  4.568229E-06 -7.040203E-06
200345  3.709863E-06 -1.204826E-05
200346  1.884807E-06 -1.176856E-05
200347  1.742839E-07 -6.920788E-06
200348 -7.793646E-07  9.244973E-08
200349 -9.594056E-07  6.445159E-06
200350 -7.826765E-07  1.006275E-05
200351 -7.579175E-07  1.022492E-05
200352 -1.221175E-06  7.497805E-06
200353 -2.250285E-06  3.216914E-06
200354 -3.731622E-06 -1.142601E-06
200355 -5.485438E-06 -4.445144E-06
200356 -7.357745E-06 -6.117162E-06
200357 -9.231252E-06 -6.142393E-06
200358 -1.096300E-05 -4.920650E-06
200359 -1.229798E-05 -3.071832E-06
200360 -1.282869E-05 -1.227885E-06
200361 -8.147761E-06  1.369956E-05
200362 -8.893324E-06  1.245269E-05
200363 -6.874584E-06  9.914384E-06
200364 -1.870377E-06  7.372176E-06
200365  4.596748E-06  6.090830E-06
200366  9.725900E-06  6.571608E-06
200367  1.100028E-05  8.290263E-06
200368  7.849886E-06  1.013246E-05
200369  2.136920E-06  1.116200E-05
200370 -2.986804E-06  1.112910E-05
200371 -5.039614E-06  1.041984E-05
200372 -3.592113E-06  9.610565E-06
200373 -2.214341E-07  9.004968E-06
200374  2.713966E-06  8.424891E-06
200375  3.514751E-06  7.312450E-06
200376  1.925933E-06  5.061600E-06
200377 -9.963540E-07  1.436166E-06
200378 -3.638847E-06 -3.110420E-06
200379 -4.704287E-06 -7.404397E-06
200380 -3.803031E-06 -9.908430E-06
200381 -1.569235E-06 -9.381521E-06
200382  7.052150E-07 -5.581717E-06
200383  1.768049E-06  3.259124E-07
200384  1.140628E-06  5.947530E-06
200385 -4.923653E-07  8.541825E-06
200386 -1.550779E-06  6.392421E-06
200387 -5.062317E-07  3.917232E-08
200388  2.923464E-06 -7.492531E-06
200389  7.131225E-06 -1.198760E-05
200390  9.242725E-06 -1.043959E-05
200391  6.981246E-06 -3.151546E-06
200392  6.797897E-07  5.999985E-06
200393 -6.206861E-06  1.161421E-05
200394 -8.977012E-06  9.984704E-06
200395 -4.970457E-06  1.410560E-06
200396  4.197085E-06 -9.926565E-06
200397  1.345573E-05 -1.839234E-05
200398  1.774506E-05 -1.999879E-05
200399  1.538440E-05 -1.424747E-05
200400  8.680288E-06 -3.820567E-06
200401  1.632242E-06  7.283831E-06
200402 -2.884957E-06  1.570068E-05
200403 -4.092532E-06  1.955491E-05
200404 -2.381314E-06  1.818852E-05
200405  1.652434E-06  1.170728E-05
200406  6.930505E-06  1.214798E-06
200407  1.121255E-05 -1.051186E-05
200408  1.172080E-05 -1.914321E-05
200409  7.226638E-06 -2.058528E-05
200410 -3.491061E-07 -1.366026E-05
200411 -6.783310E-06 -1.567753E-06
200412 -8.504239E-06  9.472866E-06
200413 -5.160896E-06  1.383918E-05
200414  3.806429E-07  9.909452E-06
200415  4.428852E-06  8.518127E-07
200416  5.066191E-06 -7.631005E-06
200417  2.954177E-06 -1.087126E-05
200418  1.662119E-07 -7.716187E-06
200419 -1.579544E-06 -5.915624E-07
200420 -1.868728E-06  6.431642E-06
200421 -1.359105E-06  1.004663E-05
200422 -9.605684E-07  9.168739E-06
200423 -1.173486E-06  4.926485E-06
200424 -1.913513E-06 -3.868444E-07
200425 -2.728140E-06 -4.567141E-06
200426 -3.156108E-06 -6.310345E-06
200427 -3.017149E-06 -5.385948E-06
200428 -2.514413E-06 -2.348797E-06
200429 -2.139071E-06  1.896428E-06
200430 -2.446475E-06  6.417047E-06
200431 -3.776860E-06  1.036434E-05
200432 -5.965625E-06  1.297915E-05
200433  4.960827E-06  9.363810E-06
200434 -1.618819E-06  6.338583E-06
200435 -5.799010E-06  1.340183E-06
200436 -4.760595E-06 -3.690725E-06
200437  1.249404E-06 -6.397689E-06
200438  8.389110E-06 -5.899588E-06
200439  1.178178E-05 -3.487944E-06
200440  9.277828E-06 -1.407400E-06
200441  3.100681E-06 -9.547657E-07
200442 -2.091427E-06 -1.651685E-06
200443 -2.907616E-06 -1.965804E-06
200444  5.002921E-07 -6.264632E-07
200445  5.122600E-06  2.582140E-06
200446  7.611915E-06  6.837886E-06
200447  6.416458E-06  1.072415E-05
200448  2.256393E-06  1.273355E-05
200449 -2.772321E-06  1.176373E-05
200450 -6.457908E-06  7.590321E-06
200451 -7.369519E-06  1.135335E-06
200452 -5.243997E-06 -5.683559E-06
200453 -9.944979E-07 -1.053297E-05
200454  3.587538E-06 -1.149008E-05
200455  6.464322E-06 -7.905874E-06
200456  6.254205E-06 -1.047491E-06
200457  3.085325E-06  5.955395E-06
200458 -1.140158E-06  9.361667E-06
200459 -3.552140E-06  7.071066E-06
200460 -2.140586E-06  4.972976E-07
200461  2.363853E-06 -5.746738E-06
200462  6.209338E-06 -6.828336E-06
200463  5.025497E-06 -1.451487E-06
200464 -2.172995E-06  6.688461E-06
200465 -1.074104E-05  1.133492E-05
200466 -1.296265E-05  8.381934E-06
200467 -4.531402E-06 -7.953680E-07
200468  1.046435E-05 -1.004909E-05
200469  2.148717E-05 -1.264796E-05
200470  1.986086E-05 -5.753238E-06
200471  6.150455E-06  8.011483E-06
200472 -1.062172E-05  2.275684E-05
200473 -2.126130E-05  3.343372E-05
200474 -2.376644E-05  3.872352E-05
200475 -2.250483E-05  4.055240E-05
200476 -2.112210E-05  4.080207E-05
200477 -1.796153E-05  3.843049E-05
200478 -9.315862E-06  3.022354E-05
200479  3.841175E-06  1.498521E-05
200480  1.432612E-05 -2.992360E-06
200481  1.495957E-05 -1.543670E-05
200482  5.871336E-06 -1.617111E-05
200483 -5.167961E-06 -6.437298E-06
200484 -9.766602E-06  5.658606E-06
200485 -5.986929E-06  1.132790E-05
200486  1.191864E-06  7.551848E-06
200487  5.416847E-06 -1.460668E-06
200488  4.402516E-06 -8.372252E-06
200489  5.673958E-07 -8.432706E-06
200490 -2.366263E-06 -2.342549E-06
200491 -2.706966E-06  5.184134E-06
200492 -1.312811E-06  9.230032E-06
200493  8.247844E-08  7.780274E-06
200494  5.102735E-07  2.307894E-06
200495  1.410986E-07 -3.856234E-06
200496 -2.387213E-07 -7.753089E-06
200497  1.680909E-07 -8.146019E-06
200498  1.803727E-06 -5.557869E-06
200499  4.592926E-06 -1.477107E-06
200500  7.989373E-06  2.579005E-06
200501  1.119346E-05  5.722390E-06
200502  1.331586E-05  7.869253E-06
200503  1.338969E-05  9.335181E-06
200504  1.058081E-05  1.008514E-05
200505  1.324327E-05 -2.183276E-06
200506  3.880660E-06 -2.747409E-06
200507 -6.250005E-06 -7.004369E-06
200508 -1.074818E-05 -1.251417E-05
200509 -6.820838E-06 -1.491279E-05
200510  1.539995E-06 -1.245605E-05
200511  6.830880E-06 -7.866325E-06
200512  4.899149E-06 -5.450004E-06
200513 -1.561012E-06 -6.936997E-06
200514 -6.190916E-06 -1.041206E-05
200515 -5.073645E-06 -1.268332E-05
200516  3.784407E-07 -1.198780E-05
200517  5.689561E-06 -8.602618E-06
200518  7.480503E-06 -3.756683E-06
200519  5.512173E-06  1.396800E-06
200520  1.735215E-06  5.922271E-06
200521 -1.736476E-06  8.891164E-06
200522 -3.761024E-06  9.494881E-06
200523 -4.069743E-06  7.420136E-06
200524 -2.762279E-06  3.075009E-06
200525 -1.417389E-07 -2.387044E-06
200526  3.075029E-06 -7.078680E-06
200527  5.612842E-06 -8.694978E-06
200528  5.959152E-06 -5.683601E-06
200529  3.213040E-06  1.069440E-06
200530 -1.898739E-06  7.751235E-06
200531 -6.655214E-06  9.803948E-06
200532 -7.579755E-06  5.697516E-06
200533 -3.294674E-06 -1.177146E-06
200534  3.057858E-06 -4.965448E-06
200535  5.057945E-06 -2.487560E-06
200536 -1.266948E-06  3.705805E-06
200537 -1.176578E-05  7.545107E-06
200538 -1.562228E-05  5.085081E-06
200539 -5.430541E-06 -1.668976E-06
200540  1.293220E-05 -6.299730E-06
200541  2.261757E-05 -3.421471E-06
200542  1.127348E-05  6.724277E-06
200543 -1.500829E-05  1.812545E-05
200544 -3.553869E-05  2.323711E-05
200545 -3.507423E-05  1.866566E-05
200546 -1.937985E-05  8.444465E-06
200547 -8.567064E-06  1.878610E-06
200548 -1.470166E-05  6.189835E-06
200549 -2.857740E-05  1.927085E-05
200550 -3.064426E-05  2.992701E-05
200551 -1.346646E-05  2.727674E-05
200552  9.836214E-06  1.125048E-05
200553  1.992611E-05 -6.594371E-06
200554  1.123689E-05 -1.349604E-05
200555 -4.206972E-06 -6.900125E-06
200556 -1.107968E-05  4.328276E-06
200557 -5.724831E-06  9.196520E-06
200558  3.309036E-06  4.433467E-06
200559  6.537401E-06 -4.126530E-06
200560  2.699781E-06 -8.274504E-06
200561 -2.536579E-06 -4.809724E-06
200562 -4.069200E-06  2.716825E-06
200563 -1.887891E-06  7.991240E-06
200564  7.905799E-07  7.212268E-06
200565  1.736140E-06  1.408525E-06
200566  1.277397E-06 -5.186137E-06
200567  8.053849E-07 -8.613211E-06
200568  1.109748E-06 -7.624506E-06
200569  2.254384E-06 -3.675863E-06
200570  4.104009E-06  7.022205E-07
200571  6.413037E-06  3.430305E-06
200572  8.828796E-06  3.494322E-06
200573  1.129310E-05  1.099094E-06
200574  1.410242E-05 -2.239453E-06
200575  1.687286E-05 -4.267746E-06
200576  1.750323E-05 -3.764906E-06
200577  1.265460E-05 -5.403296E-06
200578  6.556744E-06  2.581038E-07
200579 -5.768386E-06 -1.586037E-06
200580 -1.449377E-05 -7.990965E-06
200581 -1.263242E-05 -1.080940E-05
200582 -3.429594E-06 -6.205893E-06
200583  3.159880E-06  1.171192E-06
200584  1.150331E-06  4.053482E-06
200585 -5.841217E-06  4.244441E-07
200586 -9.743537E-06 -5.650582E-06
200587 -6.948248E-06 -9.433748E-06
200588 -9.130952E-07 -9.867922E-06
200589  2.854494E-06 -8.891629E-06
200590  2.448561E-06 -8.184822E-06
200591  1.400667E-07 -7.522661E-06
200592 -1.052167E-06 -5.755904E-06
200593 -2.571703E-07 -2.407013E-06
200594  1.272898E-06  1.897724E-06
200595  1.981164E-06  5.906043E-06
200596  1.422787E-06  8.108105E-06
200597  3.239490E-07  7.062450E-06
200598 -2.415656E-07  2.456751E-06
200599  2.660194E-07 -3.576410E-06
200600  1.332206E-06 -6.924309E-06
200601  1.451340E-06 -4.655916E-06
200602 -8.502799E-07  1.692276E-06
200603 -5.151326E-06  6.715210E-06
200604 -8.120940E-06  6.012313E-06
200605 -5.707791E-06  5.779454E-07
200606  1.949977E-06 -4.208716E-06
200607  8.128761E-06 -4.173204E-06
200608  4.898855E-06 -5.188125E-07
200609 -6.835591E-06  1.934157E-06
200610 -1.458401E-05  3.883647E-07
200611 -6.364901E-06 -2.738671E-06
200612  1.266429E-05 -2.551292E-06
200613  2.028093E-05  2.776365E-06
200614  2.832082E-07  9.404007E-06
200615 -3.423532E-05  1.014414E-05
200616 -4.768382E-05 -9.030595E-07
200617 -1.840519E-05 -2.409122E-05
200618  3.333781E-05 -5.149741E-05
200619  6.089892E-05 -6.830021E-05
200620  3.819229E-05 -6.139608E-05
200621 -1.255231E-05 -3.148275E-05
200622 -4.399407E-05  3.617723E-06
200623 -3.232259E-05  2.191567E-05
200624  2.285417E-06  1.623293E-05
200625  2.265007E-05 -5.143194E-07
200626  1.441408E-05 -9.675227E-06
200627 -5.205748E-06 -4.973517E-06
200628 -1.283198E-05  4.558491E-06
200629 -4.334136E-06  7.259433E-06
200630  6.413040E-06  1.218234E-06
200631  7.231086E-06 -5.936210E-06
200632  1.663894E-08 -6.604615E-06
200633 -5.325972E-06 -6.060093E-07
200634 -3.767782E-06  5.942851E-06
200635  9.284439E-07  7.095543E-06
200636  2.983509E-06  2.088781E-06
200637  1.529058E-06 -4.776162E-06
200638 -1.448626E-07 -8.214984E-06
200639  1.799779E-07 -6.170509E-06
200640  1.518031E-06 -8.158943E-07
200641  2.100198E-06  3.951563E-06
200642  1.565079E-06  5.665472E-06
200643  2.206790E-07  4.109314E-06
200644 -1.945994E-06 -8.868039E-08
200645 -4.109460E-06 -6.360497E-06
200646 -3.610741E-06 -1.305540E-05
200647  1.669598E-06 -1.645878E-05
200648  9.353897E-06 -1.330974E-05
200649  8.788126E-06 -1.883696E-07
200650  9.180777E-06  1.215967E-05
200651 -2.134564E-06  1.195636E-05
200652 -1.294365E-05  2.220944E-06
200653 -1.230846E-05 -3.443509E-06
200654 -2.536062E-06  2.107471E-06
200655  4.424622E-06  1.181588E-05
200656  1.523900E-06  1.490421E-05
200657 -6.085080E-06  9.692500E-06
200658 -8.921429E-06  3.095410E-06
200659 -4.734910E-06  8.265650E-07
200660  4.303756E-07  1.807158E-06
200661  7.689531E-07  1.472005E-06
200662 -2.971563E-06 -2.304088E-06
200663 -5.745981E-06 -7.518689E-06
200664 -4.278642E-06 -1.082018E-05
200665  2.865273E-07 -1.045925E-05
200666  4.492451E-06 -6.642319E-06
200667  5.829520E-06 -4.798475E-07
200668  4.048038E-06  6.200173E-06
200669  4.775546E-07  1.041369E-05
200670 -3.048304E-06  9.166057E-06
200671 -4.770387E-06  2.461277E-06
200672 -3.610933E-06 -5.200350E-06
200673 -3.102550E-07 -7.989702E-06
200674  2.130649E-06 -4.324252E-06
200675  6.786360E-07  1.426376E-06
200676 -3.710149E-06  3.594841E-06
200677 -5.253925E-06  1.049668E-06
200678  7.115126E-07 -2.461807E-06
200679  1.011132E-05 -3.353755E-06
200680  1.185530E-05 -2.202336E-06
200681  1.117048E-06 -2.024961E-06
200682 -1.090920E-05 -3.442440E-06
200683 -7.521889E-06 -3.336003E-06
200684  1.013624E-05  7.563354E-07
200685  1.733632E-05  6.010835E-06
200686 -6.295333E-06  5.740137E-06
200687 -4.294538E-05 -4.943408E-06
200688 -4.329523E-05 -2.647423E-05
200689  2.112039E-05 -5.643020E-05
200690  1.148829E-04 -8.901028E-05
200691  1.617470E-04 -1.114708E-04
200692  1.189385E-04 -1.075616E-04
200693  2.304191E-05 -7.244696E-05
200694 -4.631674E-05 -2.370575E-05
200695 -4.584945E-05  9.939837E-06
200696 -3.325568E-06  1.444684E-05
200697  2.465227E-05  1.735236E-06
200698  1.524497E-05 -6.593595E-06
200699 -7.999512E-06 -2.494068E-06
200700 -1.443619E-05  4.919572E-06
200701 -1.848762E-06  5.005197E-06
200702  9.613172E-06 -1.566463E-06
200703  6.762477E-06 -6.144591E-06
200704 -3.386836E-06 -3.519977E-06
200705 -7.046777E-06  3.032748E-06
200706 -1.441299E-06  6.545087E-06
200707  4.584120E-06  3.611599E-06
200708  3.806516E-06 -3.044599E-06
200709 -1.035526E-06 -7.538253E-06
200710 -2.913310E-06 -5.960984E-06
200711 -3.119679E-07  3.661099E-07
200712  2.140253E-06  6.235182E-06
200713  9.572470E-07  7.447863E-06
200714 -2.687052E-06  4.329267E-06
200715 -6.970727E-06  1.485054E-07
200716 -1.264729E-05 -3.391043E-06
200717 -1.972909E-05 -7.886103E-06
200718 -2.351754E-05 -1.445592E-05
200719 -1.794480E-05 -1.891881E-05
200720 -3.806668E-06 -1.420117E-05
200721  7.017074E-06  4.011950E-06
200722  1.223867E-05  2.126964E-05
200723  2.631202E-06  2.166933E-05
200724 -8.477010E-06  7.164276E-06
200725 -7.971398E-06 -2.612672E-06
200726  2.060314E-06  3.125282E-06
200727  8.406888E-06  1.432155E-05
200728  4.115551E-06  1.678657E-05
200729 -3.778992E-06  1.025313E-05
200730 -5.069327E-06  4.880320E-06
200731  3.850080E-07  6.495820E-06
200732  4.130359E-06  1.109455E-05
200733  9.223418E-07  1.171435E-05
200734 -5.568163E-06  6.355731E-06
200735 -8.473906E-06 -1.421961E-06
200736 -5.481139E-06 -7.286583E-06
200737  2.157305E-07 -9.672491E-06
200738  4.376776E-06 -9.056859E-06
200739  5.301658E-06 -5.719596E-06
200740  3.684243E-06  2.024810E-07
200741  6.619764E-07  6.643292E-06
200742 -3.002373E-06  9.396246E-06
200743 -6.011262E-06  5.738545E-06
200744 -6.024897E-06 -1.810082E-06
200745 -1.647907E-06 -7.064527E-06
200746  4.576925E-06 -6.369884E-06
200747  6.831659E-06 -2.071832E-06
200748  2.153526E-06  9.917257E-07
200749 -4.154387E-06  1.059661E-06
200750 -2.779357E-06  9.045501E-08
200751  7.390586E-06 -1.924149E-07
200752  1.461310E-05 -7.858110E-07
200753  7.702548E-06 -3.097893E-06
200754 -6.701684E-06 -5.261748E-06
200755 -9.085833E-06 -3.098852E-06
200756  5.643493E-06  3.709592E-06
200757  1.433375E-05  8.068428E-06
200758 -6.981766E-06  1.482854E-06
200759 -4.089907E-05 -1.632499E-05
200760 -3.072619E-05 -3.776059E-05
200761  5.826178E-05 -5.808760E-05
200762  1.824175E-04 -7.950632E-05
200763  2.442747E-04 -9.996228E-05
200764  1.868383E-04 -1.047547E-04
200765  5.626316E-05 -8.030383E-05
200766 -4.275845E-05 -3.564802E-05
200767 -5.161529E-05  8.583110E-07
200768 -4.705028E-06  1.043657E-05
200769  2.630957E-05  1.759727E-06
200770  1.402510E-05 -4.352501E-06
200771 -1.138499E-05 -4.346552E-07
200772 -1.491376E-05  4.531971E-06
200773  1.371951E-06  2.365217E-06
200774  1.189141E-05 -3.446931E-06
200775  4.910135E-06 -4.760914E-06
200776 -6.792714E-06 -6.216788E-09
200777 -7.374526E-06  5.022607E-06
200778  1.920161E-06  4.808648E-06
200779  7.571700E-06 -4.238979E-07
200780  2.827662E-06 -5.844106E-06
200781 -4.752477E-06 -6.456268E-06
200782 -5.146481E-06 -1.111742E-06
200783  6.301069E-07  6.029153E-06
200784  3.573670E-06  8.658643E-06
200785 -4.752340E-08  4.593728E-06
200786 -5.354232E-06 -1.676317E-06
200787 -8.636451E-06 -3.899862E-06
200788 -1.329418E-05 -1.166840E-06
200789 -2.254753E-05  5.693233E-07
200790 -3.078406E-05 -4.665526E-06
200791 -2.767560E-05 -1.311872E-05
200792 -1.118960E-05 -1.202591E-05
200793  8.246328E-06  1.701618E-06
200794  1.409365E-05  2.180398E-05
200795  5.249420E-06  2.286853E-05
200796 -4.737401E-06  4.522462E-06
200797 -3.277167E-06 -8.296313E-06
200798  6.585218E-06 -1.968430E-06
200799  1.153497E-05  9.944071E-06
200800  5.946219E-06  1.071389E-05
200801 -1.608710E-06  2.676236E-06
200802 -1.203200E-06 -1.040340E-06
200803  5.139409E-06  4.437893E-06
200804  7.557299E-06  1.228366E-05
200805  2.084287E-06  1.452111E-05
200806 -5.330316E-06  1.024782E-05
200807 -7.541362E-06  4.053616E-06
200808 -4.133430E-06 -2.688804E-07
200809  2.178194E-07 -2.790361E-06
200810  2.020522E-06 -5.095108E-06
200811  1.682846E-06 -6.743430E-06
200812  1.212089E-06 -5.382413E-06
200813  1.009734E-06 -3.860712E-07
200814 -3.894760E-07  4.836107E-06
200815 -3.515284E-06  5.693431E-06
200816 -5.659124E-06  1.671812E-06
200817 -2.884812E-06 -2.931251E-06
200818  4.553171E-06 -4.199116E-06
200819  9.955549E-06 -2.617967E-06
200820  6.427901E-06 -8.380636E-07
200821 -3.424305E-06  3.200927E-07
200822 -7.698652E-06  1.632102E-06
200823  5.946390E-07  2.658335E-06
200824  1.199275E-05  1.445254E-06
200825  1.067037E-05 -2.443029E-06
200826 -3.109663E-06 -5.429670E-06
200827 -1.027744E-05 -2.483810E-06
200828  2.993392E-07  5.679832E-06
200829  1.079123E-05  9.433522E-06
200830 -4.034229E-06 -7.170312E-07
200831 -3.203998E-05 -2.076316E-05
200832 -1.847307E-05 -3.518940E-05
200833  7.481473E-05 -3.669511E-05
200834  2.064092E-04 -3.704708E-05
200835  2.739685E-04 -4.935353E-05
200836  2.132692E-04 -6.479571E-05
200837  7.117612E-05 -6.085792E-05
200838 -3.837938E-05 -3.297431E-05
200839 -5.034743E-05 -3.386934E-06
200840 -2.631263E-06  6.715280E-06
200841  2.683538E-05  1.240881E-06
200842  1.129687E-05 -2.548377E-06
200843 -1.398872E-05  8.965987E-07
200844 -1.374718E-05  3.327778E-06
200845  4.594245E-06 -2.181920E-07
200846  1.260343E-05 -4.176957E-06
200847  2.172497E-06 -2.425758E-06
200848 -9.284240E-06  2.826714E-06
200849 -6.425702E-06  5.036563E-06
200850  5.041402E-06  1.847365E-06
200851  8.934530E-06 -3.328869E-06
200852  6.599618E-07 -5.806855E-06
200853 -7.947619E-06 -3.207947E-06
200854 -5.694694E-06  3.215100E-06
200855  2.892900E-06  8.243820E-06
200856  5.248368E-06  6.300369E-06
200857 -8.441972E-07 -1.671173E-06
200858 -5.744119E-06 -7.423214E-06
200859 -4.383371E-06 -3.834835E-06
200860 -4.285349E-06  7.353232E-06
200861 -1.307320E-05  1.588226E-05
200862 -2.478163E-05  1.123137E-05
200863 -2.532235E-05 -4.170276E-06
200864 -1.023637E-05 -1.175053E-05
200865  1.094345E-05 -5.273075E-06
200866  1.376725E-05  1.600542E-05
200867  4.565041E-06  1.832708E-05
200868 -3.127084E-06 -1.548800E-06
200869  2.598976E-08 -1.500216E-05
200870  9.046357E-06 -7.187251E-06
200871  1.212892E-05  4.748014E-06
200872  5.940544E-06  3.026763E-06
200873 -5.543214E-07 -6.581485E-06
200874  1.178047E-06 -8.984362E-06
200875  7.644571E-06 -1.294995E-06
200876  9.020969E-06  7.599826E-06
200877  2.891107E-06  1.042514E-05
200878 -3.701158E-06  8.110172E-06
200879 -4.610821E-06  5.610707E-06
200880 -1.456166E-06  5.200546E-06
200881  4.675600E-07  4.726119E-06
200882 -7.714439E-07  1.317783E-06
200883 -2.510434E-06 -4.368505E-06
200884 -1.652707E-06 -8.115434E-06
200885  1.392542E-06 -6.469628E-06
200886  2.996887E-06 -8.305179E-07
200887  5.269926E-07  3.746910E-06
200888 -3.767770E-06  4.123702E-06
200889 -4.089643E-06  1.865647E-06
200890  2.212659E-06 -1.627133E-07
200891  9.470292E-06 -1.354393E-06
200892  8.200889E-06 -1.989482E-06
200893 -2.745112E-06 -1.242332E-06
200894 -1.158258E-05  1.152861E-06
200895 -6.796885E-06  3.161732E-06
200896  6.275810E-06  2.216994E-06
200897  1.028504E-05 -1.662868E-06
200898 -3.879683E-07 -4.664434E-06
200899 -1.012848E-05 -1.877213E-06
200900 -4.270973E-06  6.107712E-06
200901  6.569543E-06  9.639141E-06
200902 -5.201910E-07 -9.793186E-07
200903 -2.059691E-05 -1.987040E-05
200904 -9.339188E-06 -2.647549E-05
200905  6.977804E-05 -1.047617E-05
200906  1.859749E-04  9.970712E-06
200907  2.490560E-04  8.050336E-06
200908  1.963591E-04 -1.558338E-05
200909  6.658261E-05 -3.241023E-05
200910 -3.439005E-05 -2.425079E-05
200911 -4.412334E-05 -4.821436E-06
200912  6.908272E-07  3.996371E-06
200913  2.545078E-05  1.022746E-06
200914  7.858409E-06 -1.005526E-06
200915 -1.496623E-05  1.530757E-06
200916 -1.120591E-05  1.755571E-06
200917  7.035438E-06 -2.208812E-06
200918  1.172188E-05 -3.902543E-06
200919 -6.146159E-07  1.229513E-08
200920 -1.027908E-05  4.404560E-06
200921 -4.643579E-06  3.612730E-06
200922  7.049634E-06 -1.094624E-06
200923  8.580860E-06 -4.501273E-06
200924 -1.707293E-06 -3.891772E-06
200925 -9.600476E-06  1.781587E-07
200926 -4.664997E-06  5.504950E-06
200927  5.423137E-06  7.443088E-06
200928  6.356261E-06  1.791654E-06
200929 -1.673350E-06 -7.542282E-06
200930 -4.951102E-06 -9.749881E-06
200931  2.063365E-06  7.967523E-07
200932  7.612006E-06  1.858918E-05
200933  2.343657E-08  3.127843E-05
200934 -1.410872E-05  2.638678E-05
200935 -1.741512E-05  4.134518E-06
200936 -4.542702E-06 -1.349218E-05
200937  1.370858E-05 -1.234793E-05
200938  1.178564E-05  8.659249E-06
200939  1.605123E-06  1.234812E-05
200940 -3.004737E-06 -6.848510E-06
200941  1.970340E-06 -1.867086E-05
200942  9.234611E-06 -8.882301E-06
200943  1.029438E-05  2.375046E-06
200944  4.587647E-06 -2.026536E-06
200945 -1.901464E-07 -1.277473E-05
200946  2.187460E-06 -1.424876E-05
200947  7.938816E-06 -6.174310E-06
200948  8.620145E-06  1.569680E-06
200949  3.077870E-06  3.662893E-06
200950 -1.812108E-06  2.941748E-06
200951 -1.460684E-06  4.040701E-06
200952  1.104960E-06  7.467589E-06
200953  7.766121E-07  9.529335E-06
200954 -2.840663E-06  6.590625E-06
200955 -5.564329E-06 -8.943646E-07
200956 -3.756271E-06 -8.091730E-06
200957  1.615718E-06 -9.722913E-06
200958  5.596679E-06 -5.040963E-06
200959  4.044997E-06  1.513847E-06
200960 -1.645101E-06  5.254824E-06
200961 -4.984788E-06  5.382110E-06
200962 -9.986361E-07  3.340928E-06
200963  6.752710E-06  1.429282E-07
200964  8.039830E-06 -2.713710E-06
200965 -1.673594E-06 -3.016765E-06
200966 -1.274851E-05 -7.538225E-07
200967 -1.162521E-05  1.295036E-06
200968  5.791442E-07  8.728450E-07
200969  7.975298E-06 -1.592842E-06
200970  1.421716E-06 -3.418748E-06
200971 -8.425590E-06 -1.189953E-06
200972 -6.889279E-06  5.174829E-06
200973  2.153991E-06  8.385529E-06
200974  1.514811E-06 -3.311973E-07
200975 -9.621333E-06 -1.603701E-05
200976 -2.235194E-06 -1.755884E-05
200977  5.292348E-05  8.113235E-06
200978  1.390352E-04  4.187020E-05
200979  1.899429E-04  4.894084E-05
200980  1.522694E-04  2.198346E-05
200981  5.074100E-05 -9.039290E-06
200982 -2.969425E-05 -1.624306E-05
200983 -3.529951E-05 -5.340460E-06
200984  3.309712E-06  2.277694E-06
200985  2.214948E-05  1.194493E-06
200986  4.571148E-06  1.836567E-07
200987 -1.421745E-05  1.659002E-06
200988 -8.050939E-06  3.514035E-07
200989  8.249238E-06 -3.352692E-06
200990  9.718488E-06 -3.082155E-06
200991 -2.783113E-06  1.913397E-06
200992 -9.795766E-06  4.831420E-06
200993 -2.577076E-06  1.687828E-06
200994  7.722986E-06 -3.242282E-06
200995  7.020819E-06 -4.306390E-06
200996 -3.542106E-06 -1.456733E-06
200997 -9.613571E-06  2.522642E-06
200998 -2.861710E-06  5.911479E-06
200999  7.238364E-06  5.363025E-06
201000  6.622440E-06 -2.381420E-06
201001 -2.470957E-06 -1.121391E-05
201002 -4.199380E-06 -8.696894E-06
201003  7.038583E-06  7.771945E-06
201004  1.658486E-05  2.843452E-05
201005  9.611699E-06  4.152831E-05
201006 -6.435207E-06  3.613855E-05
201007 -1.080979E-05  1.003076E-05
201008  1.515852E-06 -1.511044E-05
201009  1.597899E-05 -1.649955E-05
201010  9.273558E-06  2.875242E-06
201011 -2.005237E-06  7.240245E-06
201012 -3.270190E-06 -9.873093E-06
201013  3.075623E-06 -1.871062E-05
201014  7.643186E-06 -7.245715E-06
201015  6.796119E-06  2.666261E-06
201016  2.695580E-06 -3.965390E-06
201017  1.017281E-07 -1.500466E-05
201018  2.436122E-06 -1.574764E-05
201019  6.900434E-06 -8.505862E-06
201020  7.305725E-06 -3.061721E-06
201021  3.073439E-06 -2.306806E-06
201022 -8.804557E-08 -2.027998E-06
201023  9.761506E-07  1.527148E-06
201024  2.799056E-06  7.369099E-06
201025  9.751074E-07  1.121132E-05
201026 -3.888567E-06  9.397331E-06
201027 -7.059210E-06  1.997710E-06
201028 -4.843037E-06 -6.592004E-06
201029  1.580796E-06 -1.044681E-05
201030  6.841143E-06 -7.159557E-06
201031  6.131365E-06 -1.083987E-07
201032  2.042412E-08  5.420510E-06
201033 -5.319957E-06  7.080361E-06
201034 -3.716482E-06  5.210584E-06
201035  3.503620E-06  9.525538E-07
201036  6.877196E-06 -3.143836E-06
201037 -2.524630E-07 -4.232180E-06
201038 -1.116956E-05 -2.748628E-06
201039 -1.270778E-05 -1.624665E-06
201040 -3.071060E-06 -1.883780E-06
201041  5.138728E-06 -2.291082E-06
201042  2.268942E-06 -1.947472E-06
201043 -5.751239E-06 -1.439519E-07
201044 -7.323061E-06  3.610175E-06
201045 -1.774201E-06  5.910001E-06
201046  1.458060E-06  3.397142E-07
201047 -8.154368E-07 -1.086763E-05
201048  4.379822E-06 -1.028619E-05
201049  3.457716E-05  1.626297E-05
201050  8.559995E-05  5.361890E-05
201051  1.203370E-04  6.622799E-05
201052  9.979261E-05  4.081764E-05
201053  3.274686E-05  4.335717E-06
201054 -2.330633E-05 -1.120618E-05
201055 -2.586448E-05 -5.574928E-06
201056  4.278047E-06  1.329240E-06
201057  1.758114E-05  1.466335E-06
201058  2.057192E-06  8.970787E-07
201059 -1.216977E-05  1.547099E-06
201060 -5.043009E-06 -5.354265E-07
201061  8.243169E-06 -3.747394E-06
201062  7.240558E-06 -2.238472E-06
201063 -4.066523E-06  3.022098E-06
201064 -8.299131E-06  4.606359E-06
201065 -6.687898E-07  6.256209E-08
201066  7.330377E-06 -4.433351E-06
201067  4.924878E-06 -3.519643E-06
201068 -4.585439E-06  5.320205E-07
201069 -8.464398E-06  3.660731E-06
201070 -1.078054E-06  5.338408E-06
201071  7.933009E-06  3.443586E-06
201072  6.310994E-06 -5.125186E-06
201073 -2.911284E-06 -1.285638E-05
201074 -4.096463E-06 -6.014788E-06
201075  8.830975E-06  1.472487E-05
201076  2.060364E-05  3.521551E-05
201077  1.375442E-05  4.559015E-05
201078 -4.101108E-06  3.932790E-05
201079 -8.379707E-06  1.289650E-05
201080  5.617585E-06 -1.528364E-05
201081  1.767872E-05 -1.710370E-05
201082  7.059339E-06 -5.397595E-07
201083 -5.100143E-06  3.307230E-06
201084 -3.244911E-06 -1.108545E-05
201085  3.695610E-06 -1.652573E-05
201086  4.889586E-06 -4.328725E-06
201087  2.451876E-06  3.710347E-06
201088  8.132353E-07 -4.233217E-06
201089  6.015708E-07 -1.457885E-05
201090  2.391852E-06 -1.470041E-05
201091  5.377343E-06 -8.848852E-06
201092  5.953606E-06 -5.773158E-06
201093  3.327451E-06 -6.138365E-06
201094  1.441129E-06 -5.179980E-06
201095  2.514467E-06 -3.508027E-07
201096  3.548736E-06  6.359325E-06
201097  1.021587E-06  1.090159E-05
201098 -4.127721E-06  1.014244E-05
201099 -7.366995E-06  3.745453E-06
201100 -5.181635E-06 -4.852904E-06
201101  1.321513E-06 -9.837771E-06
201102  6.941186E-06 -7.734842E-06
201103  6.855661E-06 -9.227160E-07
201104  1.075996E-06  5.191515E-06
201105 -5.083504E-06  7.403446E-06
201106 -5.303628E-06  5.497891E-06
201107  8.248453E-07  8.664965E-07
201108  5.423365E-06 -3.361557E-06
201109  1.164355E-06 -4.460437E-06
201110 -7.874977E-06 -3.737914E-06
201111 -1.059658E-05 -4.130776E-06
201112 -4.145545E-06 -4.913777E-06
201113  2.660404E-06 -3.452566E-06
201114  2.213465E-06 -4.567115E-07
201115 -2.930553E-06  1.398838E-06
201116 -6.099720E-06  2.158533E-06
201117 -4.783715E-06  2.736005E-06
201118 -2.937299E-07  5.192452E-07
201119  5.300415E-06 -5.246130E-06
201120  1.101581E-05 -4.092816E-06
201121  2.035148E-05  1.690656E-05
201122  3.808065E-05  4.943020E-05
201123  5.576425E-05  6.357579E-05
201124  5.116029E-05  4.324008E-05
201125  1.795107E-05  9.019441E-06
201126 -1.517685E-05 -8.459682E-06
201127 -1.703442E-05 -5.422089E-06
201128  3.567988E-06  8.063787E-07
201129  1.253092E-05  1.480956E-06
201130  5.423608E-07  1.136660E-06
201131 -9.409471E-06  1.469600E-06
201132 -2.637333E-06 -7.947697E-07
201133  7.323954E-06 -3.689419E-06
201134  4.821590E-06 -1.757221E-06
201135 -4.535473E-06  3.394553E-06
201136 -6.367555E-06  4.267037E-06
201137  8.401954E-07 -8.351883E-07
201138  6.324874E-06 -4.898220E-06
201139  2.827545E-06 -2.840938E-06
201140 -4.927106E-06  1.685900E-06
201141 -6.764115E-06  4.001119E-06
201142  2.285076E-07  4.642205E-06
201143  7.604992E-06  2.308083E-06
201144  5.864763E-06 -6.449936E-06
201145 -2.680348E-06 -1.339063E-05
201146 -4.702716E-06 -3.472277E-06
201147  7.240426E-06  2.033316E-05
201148  1.992067E-05  3.967819E-05
201149  1.351518E-05  4.574417E-05
201150 -5.742251E-06  3.746689E-05
201151 -9.470753E-06  1.270923E-05
201152  7.536459E-06 -1.416207E-05
201153  1.882790E-05 -1.487370E-05
201154  5.442279E-06 -2.001244E-06
201155 -7.114857E-06  5.917944E-08
201156 -2.685181E-06 -1.146691E-05
201157  4.029298E-06 -1.375367E-05
201158  1.636074E-06 -2.082113E-06
201159 -1.960908E-06  3.756201E-06
201160 -7.393463E-07 -4.358173E-06
201161  1.343585E-06 -1.310445E-05
201162  2.330417E-06 -1.272379E-05
201163  3.941473E-06 -8.388532E-06
201164  5.060397E-06 -7.095954E-06
201165  4.043786E-06 -7.878005E-06
201166  2.836250E-06 -6.259519E-06
201167  3.298460E-06 -9.839573E-07
201168  3.553187E-06  5.489463E-06
201169  9.129516E-07  9.870959E-06
201170 -3.920327E-06  9.763214E-06
201171 -7.032286E-06  4.455527E-06
201172 -5.112723E-06 -3.614172E-06
201173  9.599371E-07 -8.982257E-06
201174  6.380275E-06 -7.559623E-06
201175  6.668059E-06 -1.060706E-06
201176  1.610267E-06  5.035312E-06
201177 -4.443377E-06  7.042806E-06
201178 -5.738559E-06  4.711800E-06
201179 -8.637858E-07  3.625380E-08
201180  4.073225E-06 -3.440453E-06
201181  2.249809E-06 -3.654383E-06
201182 -4.065131E-06 -3.218345E-06
201183 -6.613748E-06 -5.272964E-06
201184 -3.136153E-06 -7.296253E-06
201185  9.092247E-07 -4.707094E-06
201186  1.500670E-06  9.111437E-07
201187 -5.522427E-07  3.381275E-06
201188 -4.040105E-06  1.241324E-06
201189 -6.830779E-06 -6.771638E-07
201190 -2.930503E-06  1.355923E-09
201191  9.079309E-06  3.691517E-07
201192  1.734831E-05  2.102559E-06
201193  1.106048E-05  1.413059E-05
201194  1.413877E-07  3.582096E-05
201195  1.716332E-06  4.780486E-05
201196  1.066734E-05  3.460133E-05
201197  7.707078E-06  8.379714E-06
201198 -5.832387E-06 -6.396692E-06
201199 -9.167646E-06 -4.604817E-06
201200  1.668395E-06  3.228425E-07
201201  7.537551E-06  9.383380E-07
201202 -9.603414E-08  1.009964E-06
201203 -6.416375E-06  1.664805E-06
201204 -9.465534E-07 -4.647851E-07
201205  5.869866E-06 -3.493174E-06
201206  2.757591E-06 -1.838204E-06
201207 -4.413286E-06  3.219842E-06
201208 -4.449864E-06  4.189961E-06
201209  1.882170E-06 -8.931160E-07
201210  5.108897E-06 -4.961207E-06
201211  1.049690E-06 -2.694718E-06
201212 -4.781475E-06  1.994871E-06
201213 -5.003949E-06  4.039063E-06
201214  9.056303E-07  4.325881E-06
201215  6.565362E-06  1.994927E-06
201216  5.618487E-06 -6.754403E-06
201217 -1.621730E-06 -1.357547E-05
201218 -5.787555E-06 -2.192822E-06
201219  2.592442E-06  2.394639E-05
201220  1.484777E-05  4.303808E-05
201221  9.769818E-06  4.485690E-05
201222 -9.400910E-06  3.291914E-05
201223 -1.199751E-05  9.911053E-06
201224  8.158039E-06 -1.249489E-05
