Mesh2HRTF 0.1.2
    1
    1  1225
200000 -8.357526E-04  4.980813E-04
200001  5.644739E-06  2.798935E-04
200002  5.642989E-06  2.798924E-04
200003  5.638562E-06  2.798920E-04
200004  5.631964E-06  2.798921E-04
200005  5.623948E-06  2.798927E-04
200006  5.615414E-06  2.798935E-04
200007  5.607301E-06  2.798942E-04
200008  5.600480E-06  2.798945E-04
200009  5.595660E-06  2.798943E-04
200010  5.593325E-06  2.798932E-04
200011  5.593694E-06  2.798913E-04
200012  5.596716E-06  2.798887E-04
200013  5.602084E-06  2.798856E-04
200014  5.609285E-06  2.798821E-04
200015  5.617662E-06  2.798787E-04
200016  5.626496E-06  2.798757E-04
200017  5.635084E-06  2.798735E-04
200018  5.642840E-06  2.798724E-04
200019  5.649352E-06  2.798727E-04
200020  5.654439E-06  2.798743E-04
200021  5.658162E-06  2.798775E-04
200022  5.660804E-06  2.798821E-04
200023  5.662820E-06  2.798879E-04
200024  5.664770E-06  2.798946E-04
200025  5.667235E-06  2.799019E-04
200026  5.670741E-06  2.799094E-04
200027  5.675688E-06  2.799168E-04
200028  5.682305E-06  2.799237E-04
200029  5.690616E-06  2.799300E-04
200030  5.700430E-06  2.799354E-04
200031  5.711354E-06  2.799399E-04
200032  5.722821E-06  2.799433E-04
200033  5.734141E-06  2.799458E-04
200034  5.744572E-06  2.799474E-04
200035  5.753397E-06  2.799482E-04
200036  5.760006E-06  2.799482E-04
200037  5.763965E-06  2.799474E-04
200038  5.765069E-06  2.799460E-04
200039  5.763358E-06  2.799439E-04
200040  5.759103E-06  2.799410E-04
200041  5.752759E-06  2.799372E-04
200042  5.744900E-06  2.799326E-04
200043  5.736142E-06  2.799270E-04
200044  5.727077E-06  2.799204E-04
200045  5.718213E-06  2.799128E-04
200046  5.709928E-06  2.799044E-04
200047  5.702449E-06  2.798954E-04
200048  5.695840E-06  2.798861E-04
200049  5.690006E-06  2.798768E-04
200050  5.684717E-06  2.798681E-04
200051  5.679637E-06  2.798604E-04
200052  5.674378E-06  2.798540E-04
200053  5.668562E-06  2.798495E-04
200054  5.661891E-06  2.798470E-04
200055  5.654206E-06  2.798467E-04
200056  5.645536E-06  2.798486E-04
200057  5.636113E-06  2.798525E-04
200058  5.626360E-06  2.798581E-04
200059  5.616848E-06  2.798649E-04
200060  5.608224E-06  2.798723E-04
200061  5.601134E-06  2.798799E-04
200062  5.596145E-06  2.798870E-04
200063  5.593668E-06  2.798933E-04
200064  5.593905E-06  2.798982E-04
200065  5.596815E-06  2.799017E-04
200066  5.602102E-06  2.799037E-04
200067  5.609225E-06  2.799042E-04
200068  5.617443E-06  2.799035E-04
200069  5.625877E-06  2.799019E-04
200070  5.633602E-06  2.798997E-04
200071  5.639750E-06  2.798974E-04
200072  5.643613E-06  2.798952E-04
200073  8.836437E-05 -5.309779E-05
200074  8.835990E-05 -5.309725E-05
200075  8.834849E-05 -5.309154E-05
200076  8.833290E-05 -5.308135E-05
200077  8.831667E-05 -5.306798E-05
200078  8.830287E-05 -5.305327E-05
200079  8.829327E-05 -5.303933E-05
200080  8.828814E-05 -5.302816E-05
200081  8.828663E-05 -5.302126E-05
200082  8.828748E-05 -5.301922E-05
200083  8.828973E-05 -5.302164E-05
200084  8.829315E-05 -5.302720E-05
200085  8.829821E-05 -5.303411E-05
200086  8.830560E-05 -5.304057E-05
200087  8.831561E-05 -5.304519E-05
200088  8.832751E-05 -5.304715E-05
200089  8.833951E-05 -5.304610E-05
200090  8.834926E-05 -5.304194E-05
200091  8.835472E-05 -5.303457E-05
200092  8.835511E-05 -5.302387E-05
200093  8.835112E-05 -5.300977E-05
200094  8.834466E-05 -5.299247E-05
200095  8.833794E-05 -5.297261E-05
200096  8.833258E-05 -5.295134E-05
200097  8.832912E-05 -5.293018E-05
200098  8.832701E-05 -5.291076E-05
200099  8.832516E-05 -5.289437E-05
200100  8.832261E-05 -5.288170E-05
200101  8.831912E-05 -5.287258E-05
200102  8.831542E-05 -5.286616E-05
200103  8.831297E-05 -5.286121E-05
200104  8.831345E-05 -5.285666E-05
200105  8.831790E-05 -5.285190E-05
200106  8.832612E-05 -5.284690E-05
200107  8.833652E-05 -5.284213E-05
200108  8.834665E-05 -5.283817E-05
200109  8.835425E-05 -5.283556E-05
200110  8.835820E-05 -5.283458E-05
200111  8.835908E-05 -5.283538E-05
200112  8.835884E-05 -5.283803E-05
200113  8.835973E-05 -5.284266E-05
200114  8.836321E-05 -5.284947E-05
200115  8.836909E-05 -5.285875E-05
200116  8.837561E-05 -5.287070E-05
200117  8.838008E-05 -5.288534E-05
200118  8.838013E-05 -5.290238E-05
200119  8.837466E-05 -5.292111E-05
200120  8.836443E-05 -5.294048E-05
200121  8.835175E-05 -5.295926E-05
200122  8.833963E-05 -5.297630E-05
200123  8.833049E-05 -5.299070E-05
200124  8.832519E-05 -5.300192E-05
200125  8.832279E-05 -5.300964E-05
200126  8.832111E-05 -5.301366E-05
200127  8.831790E-05 -5.301378E-05
200128  8.831202E-05 -5.300985E-05
200129  8.830393E-05 -5.300203E-05
200130  8.829540E-05 -5.299102E-05
200131  8.828853E-05 -5.297823E-05
200132  8.828476E-05 -5.296565E-05
200133  8.828428E-05 -5.295559E-05
200134  8.828610E-05 -5.295018E-05
200135  8.828881E-05 -5.295090E-05
200136  8.829131E-05 -5.295823E-05
200137  8.829350E-05 -5.297161E-05
200138  8.829630E-05 -5.298958E-05
200139  8.830127E-05 -5.301021E-05
200140  8.830974E-05 -5.303147E-05
200141  8.832193E-05 -5.305162E-05
200142  8.833651E-05 -5.306926E-05
200143  8.835066E-05 -5.308334E-05
200144  8.836090E-05 -5.309304E-05
200145 -4.910868E-05  7.227083E-07
200146 -4.911170E-05  7.255013E-07
200147 -4.911854E-05  7.306228E-07
200148 -4.912104E-05  7.375951E-07
200149 -4.911276E-05  7.455085E-07
200150 -4.909341E-05  7.537608E-07
200151 -4.906815E-05  7.617634E-07
200152 -4.904341E-05  7.680567E-07
200153 -4.902353E-05  7.703227E-07
200154 -4.901052E-05  7.670066E-07
200155 -4.900570E-05  7.593769E-07
200156 -4.901008E-05  7.519444E-07
200157 -4.902266E-05  7.503526E-07
200158 -4.903863E-05  7.580478E-07
200159 -4.905050E-05  7.741573E-07
200160 -4.905236E-05  7.940821E-07
200161 -4.904436E-05  8.122509E-07
200162 -4.903296E-05  8.250439E-07
200163 -4.902615E-05  8.320105E-07
200164 -4.902720E-05  8.350602E-07
200165 -4.903243E-05  8.367718E-07
200166 -4.903476E-05  8.392519E-07
200167 -4.902979E-05  8.439351E-07
200168 -4.901904E-05  8.515077E-07
200169 -4.900806E-05  8.612945E-07
200170 -4.900206E-05  8.706268E-07
200171 -4.900323E-05  8.754973E-07
200172 -4.901160E-05  8.729002E-07
200173 -4.902736E-05  8.634110E-07
200174 -4.905149E-05  8.517737E-07
200175 -4.908350E-05  8.445866E-07
200176 -4.911863E-05  8.465251E-07
200177 -4.914813E-05  8.577847E-07
200178 -4.916380E-05  8.744819E-07
200179 -4.916368E-05  8.915183E-07
200180 -4.915403E-05  9.056565E-07
200181 -4.914498E-05  9.166054E-07
200182 -4.914304E-05  9.256223E-07
200183 -4.914613E-05  9.331672E-07
200184 -4.914520E-05  9.377793E-07
200185 -4.913068E-05  9.370574E-07
200186 -4.909877E-05  9.296288E-07
200187 -4.905352E-05  9.162169E-07
200188 -4.900443E-05  8.990356E-07
200189 -4.896237E-05  8.804413E-07
200190 -4.893627E-05  8.622912E-07
200191 -4.893112E-05  8.463633E-07
200192 -4.894661E-05  8.348733E-07
200193 -4.897632E-05  8.299775E-07
200194 -4.900869E-05  8.322972E-07
200195 -4.903110E-05  8.396974E-07
200196 -4.903615E-05  8.476472E-07
200197 -4.902620E-05  8.513531E-07
200198 -4.901214E-05  8.484051E-07
200199 -4.900623E-05  8.400781E-07
200200 -4.901344E-05  8.303064E-07
200201 -4.902817E-05  8.230960E-07
200202 -4.903861E-05  8.202777E-07
200203 -4.903532E-05  8.209948E-07
200204 -4.901738E-05  8.227062E-07
200205 -4.899214E-05  8.224742E-07
200206 -4.897010E-05  8.177395E-07
200207 -4.895942E-05  8.068308E-07
200208 -4.896355E-05  7.896933E-07
200209 -4.898193E-05  7.685235E-07
200210 -4.901152E-05  7.474572E-07
200211 -4.904732E-05  7.308962E-07
200212 -4.908228E-05  7.213562E-07
200213 -4.910857E-05  7.183335E-07
200214 -4.912087E-05  7.190546E-07
200215 -4.911993E-05  7.205560E-07
200216 -4.911287E-05  7.215431E-07
200217  3.054762E-05  9.331939E-06
200218  3.054573E-05  9.318754E-06
200219  3.054210E-05  9.311588E-06
200220  3.055424E-05  9.304410E-06
200221  3.058549E-05  9.291820E-06
200222  3.061772E-05  9.277514E-06
200223  3.062848E-05  9.271214E-06
200224  3.061315E-05  9.276571E-06
200225  3.058924E-05  9.284687E-06
200226  3.058069E-05  9.282081E-06
200227  3.059823E-05  9.264826E-06
200228  3.063246E-05  9.243276E-06
200229  3.066306E-05  9.232696E-06
200230  3.067498E-05  9.240150E-06
200231  3.066923E-05  9.259922E-06
200232  3.065937E-05  9.279357E-06
200233  3.065663E-05  9.288245E-06
200234  3.065798E-05  9.284723E-06
200235  3.065190E-05  9.274553E-06
200236  3.063620E-05  9.264714E-06
200237  3.062471E-05  9.256778E-06
200238  3.063175E-05  9.247130E-06
200239  3.065266E-05  9.234404E-06
200240  3.066493E-05  9.225045E-06
200241  3.064937E-05  9.228426E-06
200242  3.060857E-05  9.245349E-06
200243  3.056540E-05  9.263376E-06
200244  3.054512E-05  9.266274E-06
200245  3.055676E-05  9.248926E-06
200246  3.058700E-05  9.222212E-06
200247  3.061018E-05  9.202974E-06
200248  3.060776E-05  9.199669E-06
200249  3.058297E-05  9.207002E-06
200250  3.055759E-05  9.212373E-06
200251  3.055139E-05  9.207065E-06
200252  3.056331E-05  9.193758E-06
200253  3.057427E-05  9.185444E-06
200254  3.056898E-05  9.195681E-06
200255  3.055162E-05  9.226896E-06
200256  3.053891E-05  9.267268E-06
200257  3.054165E-05  9.300087E-06
200258  3.055611E-05  9.316769E-06
200259  3.057118E-05  9.320841E-06
200260  3.058014E-05  9.320450E-06
200261  3.058537E-05  9.319213E-06
200262  3.059372E-05  9.315351E-06
200263  3.060794E-05  9.308114E-06
200264  3.062219E-05  9.302131E-06
200265  3.062681E-05  9.304019E-06
200266  3.061923E-05  9.315404E-06
200267  3.061052E-05  9.329999E-06
200268  3.061810E-05  9.337092E-06
200269  3.064767E-05  9.328491E-06
200270  3.068239E-05  9.304898E-06
200271  3.069481E-05  9.277530E-06
200272  3.067333E-05  9.261482E-06
200273  3.063490E-05  9.264002E-06
200274  3.060861E-05  9.278543E-06
200275  3.060817E-05  9.291764E-06
200276  3.062226E-05  9.296359E-06
200277  3.062920E-05  9.295777E-06
200278  3.061733E-05  9.296995E-06
200279  3.059242E-05  9.301547E-06
200280  3.057011E-05  9.305357E-06
200281  3.056269E-05  9.305871E-06
200282  3.056990E-05  9.306608E-06
200283  3.057912E-05  9.313761E-06
200284  3.057579E-05  9.329339E-06
200285  3.055734E-05  9.348220E-06
200286  3.053704E-05  9.361272E-06
200287  3.053074E-05  9.361509E-06
200288  3.053915E-05  9.349166E-06
200289 -2.212479E-05 -1.204411E-05
200290 -2.214009E-05 -1.207363E-05
200291 -2.216118E-05 -1.209395E-05
200292 -2.216037E-05 -1.210925E-05
200293 -2.213535E-05 -1.213083E-05
200294 -2.210755E-05 -1.215382E-05
200295 -2.208998E-05 -1.215884E-05
200296 -2.207880E-05 -1.213886E-05
200297 -2.207079E-05 -1.211445E-05
200298 -2.207344E-05 -1.211480E-05
200299 -2.209390E-05 -1.214654E-05
200300 -2.212226E-05 -1.218909E-05
200301 -2.213558E-05 -1.221938E-05
200302 -2.212624E-05 -1.223123E-05
200303 -2.211478E-05 -1.222893E-05
200304 -2.212006E-05 -1.221569E-05
200305 -2.213245E-05 -1.219721E-05
200306 -2.213695E-05 -1.218614E-05
200307 -2.214133E-05 -1.219089E-05
200308 -2.215382E-05 -1.220572E-05
200309 -2.215638E-05 -1.222079E-05
200310 -2.213177E-05 -1.223552E-05
200311 -2.209634E-05 -1.225329E-05
200312 -2.207702E-05 -1.226841E-05
200313 -2.207406E-05 -1.226860E-05
200314 -2.206920E-05 -1.225197E-05
200315 -2.205617E-05 -1.223592E-05
200316 -2.204485E-05 -1.224184E-05
200317 -2.204240E-05 -1.227004E-05
200318 -2.204284E-05 -1.229766E-05
200319 -2.203753E-05 -1.230531E-05
200320 -2.203231E-05 -1.229795E-05
200321 -2.204389E-05 -1.229352E-05
200322 -2.207287E-05 -1.230056E-05
200323 -2.209561E-05 -1.231560E-05
200324 -2.209701E-05 -1.233302E-05
200325 -2.209268E-05 -1.234552E-05
200326 -2.210114E-05 -1.234248E-05
200327 -2.211614E-05 -1.232026E-05
200328 -2.212474E-05 -1.228998E-05
200329 -2.212789E-05 -1.226589E-05
200330 -2.212630E-05 -1.224959E-05
200331 -2.210979E-05 -1.223171E-05
200332 -2.207620E-05 -1.220781E-05
200333 -2.204304E-05 -1.218830E-05
200334 -2.203101E-05 -1.218883E-05
200335 -2.204612E-05 -1.220967E-05
200336 -2.207884E-05 -1.222974E-05
200337 -2.211386E-05 -1.222743E-05
200338 -2.214186E-05 -1.220268E-05
200339 -2.216186E-05 -1.217182E-05
200340 -2.216812E-05 -1.214894E-05
200341 -2.214842E-05 -1.214229E-05
200342 -2.211054E-05 -1.215742E-05
200343 -2.209128E-05 -1.218668E-05
200344 -2.211400E-05 -1.220350E-05
200345 -2.215379E-05 -1.218651E-05
200346 -2.216946E-05 -1.214651E-05
200347 -2.215262E-05 -1.211479E-05
200348 -2.212340E-05 -1.210742E-05
200349 -2.209589E-05 -1.211267E-05
200350 -2.207083E-05 -1.211189E-05
200351 -2.205263E-05 -1.210103E-05
200352 -2.205259E-05 -1.208839E-05
200353 -2.207181E-05 -1.207853E-05
200354 -2.209074E-05 -1.206699E-05
200355 -2.208741E-05 -1.205048E-05
200356 -2.206798E-05 -1.203391E-05
200357 -2.206404E-05 -1.202235E-05
200358 -2.208928E-05 -1.201429E-05
200359 -2.211808E-05 -1.201016E-05
200360 -2.212537E-05 -1.201882E-05
200361  1.752610E-05  1.290173E-05
200362  1.750204E-05  1.288098E-05
200363  1.747084E-05  1.285722E-05
200364  1.746035E-05  1.283754E-05
200365  1.744477E-05  1.281572E-05
200366  1.740822E-05  1.279172E-05
200367  1.738584E-05  1.277108E-05
200368  1.740181E-05  1.276258E-05
200369  1.743623E-05  1.277203E-05
200370  1.745567E-05  1.279375E-05
200371  1.743121E-05  1.281536E-05
200372  1.736068E-05  1.282406E-05
200373  1.730187E-05  1.280661E-05
200374  1.731952E-05  1.276208E-05
200375  1.738342E-05  1.271851E-05
200376  1.740903E-05  1.271470E-05
200377  1.739455E-05  1.275161E-05
200378  1.739905E-05  1.278150E-05
200379  1.741622E-05  1.276540E-05
200380  1.740783E-05  1.271770E-05
200381  1.740101E-05  1.267620E-05
200382  1.742438E-05  1.266111E-05
200383  1.743686E-05  1.267262E-05
200384  1.741209E-05  1.269395E-05
200385  1.739226E-05  1.270099E-05
200386  1.740841E-05  1.268997E-05
200387  1.744012E-05  1.267822E-05
200388  1.746626E-05  1.267549E-05
200389  1.748119E-05  1.268026E-05
200390  1.747954E-05  1.269444E-05
200391  1.747830E-05  1.271464E-05
200392  1.750763E-05  1.272157E-05
200393  1.754837E-05  1.270395E-05
200394  1.755158E-05  1.268196E-05
200395  1.752840E-05  1.268118E-05
200396  1.752623E-05  1.269602E-05
200397  1.753736E-05  1.270533E-05
200398  1.753259E-05  1.270439E-05
200399  1.752455E-05  1.269772E-05
200400  1.751314E-05  1.268861E-05
200401  1.746514E-05  1.268860E-05
200402  1.739740E-05  1.270620E-05
200403  1.736956E-05  1.273025E-05
200404  1.738718E-05  1.274784E-05
200405  1.741119E-05  1.275879E-05
200406  1.743092E-05  1.275802E-05
200407  1.744446E-05  1.273559E-05
200408  1.742419E-05  1.270415E-05
200409  1.737157E-05  1.269238E-05
200410  1.733879E-05  1.270692E-05
200411  1.734689E-05  1.273351E-05
200412  1.736359E-05  1.276845E-05
200413  1.738227E-05  1.280857E-05
200414  1.741890E-05  1.282534E-05
200415  1.743951E-05  1.280010E-05
200416  1.740772E-05  1.276782E-05
200417  1.736488E-05  1.277463E-05
200418  1.736293E-05  1.281464E-05
200419  1.738522E-05  1.284874E-05
200420  1.739790E-05  1.285672E-05
200421  1.740178E-05  1.284383E-05
200422  1.740643E-05  1.282299E-05
200423  1.741575E-05  1.280746E-05
200424  1.743611E-05  1.280686E-05
200425  1.746002E-05  1.282244E-05
200426  1.747054E-05  1.284680E-05
200427  1.748293E-05  1.286493E-05
200428  1.752685E-05  1.286071E-05
200429  1.757567E-05  1.283760E-05
200430  1.757401E-05  1.282793E-05
200431  1.753764E-05  1.285513E-05
200432  1.752448E-05  1.289341E-05
200433 -1.341757E-05 -1.088472E-05
200434 -1.345469E-05 -1.088875E-05
200435 -1.349557E-05 -1.088970E-05
200436 -1.348774E-05 -1.090607E-05
200437 -1.348608E-05 -1.091519E-05
200438 -1.350744E-05 -1.090008E-05
200439 -1.350982E-05 -1.090094E-05
200440 -1.350698E-05 -1.093606E-05
200441 -1.352540E-05 -1.096465E-05
200442 -1.352737E-05 -1.094594E-05
200443 -1.349741E-05 -1.088215E-05
200444 -1.350175E-05 -1.082564E-05
200445 -1.356476E-05 -1.083625E-05
200446 -1.360273E-05 -1.090393E-05
200447 -1.357942E-05 -1.095709E-05
200448 -1.357819E-05 -1.095495E-05
200449 -1.361539E-05 -1.092726E-05
200450 -1.360868E-05 -1.092633E-05
200451 -1.358702E-05 -1.095571E-05
200452 -1.362607E-05 -1.097457E-05
200453 -1.365217E-05 -1.097823E-05
200454 -1.359876E-05 -1.098538E-05
200455 -1.354008E-05 -1.097246E-05
200456 -1.351610E-05 -1.093685E-05
200457 -1.348522E-05 -1.093175E-05
200458 -1.346391E-05 -1.096248E-05
200459 -1.348987E-05 -1.097386E-05
200460 -1.350311E-05 -1.094832E-05
200461 -1.344450E-05 -1.091514E-05
200462 -1.338458E-05 -1.089688E-05
200463 -1.339784E-05 -1.089732E-05
200464 -1.342626E-05 -1.090820E-05
200465 -1.341098E-05 -1.091610E-05
200466 -1.340745E-05 -1.091370E-05
200467 -1.343804E-05 -1.090430E-05
200468 -1.343836E-05 -1.089990E-05
200469 -1.342642E-05 -1.090185E-05
200470 -1.346115E-05 -1.089792E-05
200471 -1.349581E-05 -1.090026E-05
200472 -1.350215E-05 -1.092163E-05
200473 -1.352585E-05 -1.092688E-05
200474 -1.353897E-05 -1.089894E-05
200475 -1.350192E-05 -1.088444E-05
200476 -1.349111E-05 -1.090612E-05
200477 -1.354988E-05 -1.092360E-05
200478 -1.357439E-05 -1.091519E-05
200479 -1.350246E-05 -1.091395E-05
200480 -1.344657E-05 -1.094330E-05
200481 -1.350813E-05 -1.098076E-05
200482 -1.360859E-05 -1.099413E-05
200483 -1.363982E-05 -1.097503E-05
200484 -1.363144E-05 -1.093864E-05
200485 -1.362720E-05 -1.091203E-05
200486 -1.359823E-05 -1.092074E-05
200487 -1.357572E-05 -1.095500E-05
200488 -1.361073E-05 -1.096156E-05
200489 -1.363800E-05 -1.092071E-05
200490 -1.360420E-05 -1.087861E-05
200491 -1.355541E-05 -1.086490E-05
200492 -1.351464E-05 -1.086453E-05
200493 -1.348101E-05 -1.086843E-05
200494 -1.349227E-05 -1.087793E-05
200495 -1.354173E-05 -1.088452E-05
200496 -1.354212E-05 -1.088047E-05
200497 -1.345935E-05 -1.086939E-05
200498 -1.338480E-05 -1.086346E-05
200499 -1.339602E-05 -1.087173E-05
200500 -1.343641E-05 -1.088751E-05
200501 -1.343771E-05 -1.090027E-05
200502 -1.343867E-05 -1.090422E-05
200503 -1.345782E-05 -1.089331E-05
200504 -1.344081E-05 -1.088095E-05
200505  8.268131E-06  5.423747E-06
200506  8.222639E-06  5.433161E-06
200507  8.175179E-06  5.449107E-06
200508  8.164692E-06  5.418519E-06
200509  8.138658E-06  5.401720E-06
200510  8.105866E-06  5.440554E-06
200511  8.095840E-06  5.479736E-06
200512  8.102716E-06  5.498448E-06
200513  8.125322E-06  5.498392E-06
200514  8.146500E-06  5.482511E-06
200515  8.133095E-06  5.496998E-06
200516  8.091029E-06  5.545033E-06
200517  8.052757E-06  5.554166E-06
200518  8.041424E-06  5.519368E-06
200519  8.072954E-06  5.511559E-06
200520  8.099249E-06  5.533433E-06
200521  8.077487E-06  5.533645E-06
200522  8.081424E-06  5.505129E-06
200523  8.104926E-06  5.486795E-06
200524  8.070462E-06  5.510616E-06
200525  8.051224E-06  5.530332E-06
200526  8.089957E-06  5.501986E-06
200527  8.108717E-06  5.488739E-06
200528  8.100695E-06  5.508812E-06
200529  8.116803E-06  5.506905E-06
200530  8.161122E-06  5.515397E-06
200531  8.190674E-06  5.570296E-06
200532  8.184298E-06  5.606523E-06
200533  8.169013E-06  5.595051E-06
200534  8.159320E-06  5.583280E-06
200535  8.140247E-06  5.585989E-06
200536  8.125818E-06  5.593932E-06
200537  8.162220E-06  5.617347E-06
200538  8.211117E-06  5.645062E-06
200539  8.199595E-06  5.653977E-06
200540  8.185352E-06  5.649349E-06
200541  8.192136E-06  5.644744E-06
200542  8.155558E-06  5.649784E-06
200543  8.113581E-06  5.643928E-06
200544  8.082101E-06  5.612838E-06
200545  8.024838E-06  5.598004E-06
200546  8.007997E-06  5.600022E-06
200547  8.062385E-06  5.584589E-06
200548  8.107961E-06  5.572587E-06
200549  8.112499E-06  5.582911E-06
200550  8.110534E-06  5.583102E-06
200551  8.117587E-06  5.550995E-06
200552  8.127746E-06  5.511517E-06
200553  8.110836E-06  5.483671E-06
200554  8.056243E-06  5.472767E-06
200555  8.037848E-06  5.502694E-06
200556  8.071755E-06  5.549818E-06
200557  8.083007E-06  5.550087E-06
200558  8.086245E-06  5.508293E-06
200559  8.094563E-06  5.478797E-06
200560  8.072564E-06  5.495388E-06
200561  8.073467E-06  5.534866E-06
200562  8.099513E-06  5.549452E-06
200563  8.085870E-06  5.542808E-06
200564  8.064464E-06  5.532080E-06
200565  8.079558E-06  5.523822E-06
200566  8.133290E-06  5.540968E-06
200567  8.214608E-06  5.565324E-06
200568  8.264243E-06  5.541563E-06
200569  8.250185E-06  5.487016E-06
200570  8.220929E-06  5.461620E-06
200571  8.199554E-06  5.457947E-06
200572  8.182985E-06  5.457469E-06
200573  8.207022E-06  5.477143E-06
200574  8.248841E-06  5.494279E-06
200575  8.250232E-06  5.479823E-06
200576  8.255882E-06  5.449026E-06
200577 -2.526718E-06  2.451715E-06
200578 -2.542717E-06  2.477662E-06
200579 -2.544923E-06  2.494308E-06
200580 -2.542433E-06  2.476724E-06
200581 -2.538249E-06  2.474801E-06
200582 -2.511608E-06  2.473147E-06
200583 -2.527163E-06  2.466250E-06
200584 -2.565699E-06  2.523193E-06
200585 -2.538596E-06  2.573805E-06
200586 -2.482140E-06  2.551253E-06
200587 -2.504643E-06  2.536660E-06
200588 -2.573542E-06  2.574531E-06
200589 -2.554109E-06  2.607608E-06
200590 -2.500532E-06  2.607456E-06
200591 -2.503691E-06  2.599243E-06
200592 -2.519034E-06  2.589766E-06
200593 -2.558352E-06  2.572264E-06
200594 -2.586039E-06  2.566736E-06
200595 -2.568049E-06  2.568079E-06
200596 -2.566495E-06  2.558589E-06
200597 -2.552739E-06  2.530402E-06
200598 -2.521522E-06  2.511482E-06
200599 -2.483775E-06  2.558041E-06
200600 -2.453357E-06  2.591625E-06
200601 -2.487529E-06  2.561296E-06
200602 -2.519362E-06  2.585791E-06
200603 -2.502636E-06  2.673551E-06
200604 -2.506871E-06  2.694148E-06
200605 -2.556820E-06  2.645912E-06
200606 -2.591110E-06  2.631946E-06
200607 -2.550681E-06  2.671364E-06
200608 -2.522696E-06  2.701548E-06
200609 -2.547792E-06  2.695897E-06
200610 -2.533202E-06  2.677930E-06
200611 -2.535627E-06  2.663643E-06
200612 -2.572330E-06  2.675413E-06
200613 -2.568634E-06  2.681499E-06
200614 -2.556146E-06  2.649781E-06
200615 -2.532336E-06  2.605972E-06
200616 -2.528002E-06  2.590943E-06
200617 -2.561679E-06  2.624274E-06
200618 -2.575360E-06  2.619131E-06
200619 -2.584126E-06  2.571652E-06
200620 -2.584195E-06  2.579827E-06
200621 -2.533555E-06  2.616347E-06
200622 -2.487711E-06  2.606623E-06
200623 -2.525724E-06  2.552582E-06
200624 -2.551947E-06  2.519838E-06
200625 -2.479664E-06  2.533316E-06
200626 -2.463038E-06  2.536431E-06
200627 -2.526560E-06  2.531765E-06
200628 -2.516212E-06  2.542063E-06
200629 -2.504383E-06  2.529627E-06
200630 -2.547209E-06  2.525460E-06
200631 -2.566662E-06  2.542711E-06
200632 -2.573630E-06  2.540850E-06
200633 -2.551782E-06  2.531929E-06
200634 -2.509763E-06  2.552050E-06
200635 -2.477109E-06  2.601543E-06
200636 -2.462247E-06  2.597517E-06
200637 -2.503957E-06  2.535844E-06
200638 -2.510048E-06  2.514836E-06
200639 -2.406537E-06  2.515100E-06
200640 -2.359460E-06  2.450368E-06
200641 -2.464790E-06  2.373089E-06
200642 -2.546731E-06  2.388488E-06
200643 -2.488322E-06  2.446377E-06
200644 -2.425756E-06  2.448946E-06
200645 -2.434280E-06  2.426201E-06
200646 -2.437158E-06  2.415513E-06
200647 -2.461489E-06  2.403322E-06
200648 -2.509369E-06  2.420501E-06
200649 -1.915756E-06 -8.289915E-06
200650 -1.906367E-06 -8.283438E-06
200651 -1.908781E-06 -8.292356E-06
200652 -1.951917E-06 -8.291822E-06
200653 -1.967257E-06 -8.264642E-06
200654 -1.890666E-06 -8.309336E-06
200655 -1.818949E-06 -8.354771E-06
200656 -1.803536E-06 -8.287896E-06
200657 -1.852413E-06 -8.260079E-06
200658 -1.854475E-06 -8.275768E-06
200659 -1.778874E-06 -8.242902E-06
200660 -1.795110E-06 -8.221632E-06
200661 -1.829064E-06 -8.234978E-06
200662 -1.808449E-06 -8.233471E-06
200663 -1.851164E-06 -8.257083E-06
200664 -1.883586E-06 -8.279621E-06
200665 -1.884185E-06 -8.264888E-06
200666 -1.888548E-06 -8.233235E-06
200667 -1.865705E-06 -8.217645E-06
200668 -1.869126E-06 -8.255774E-06
200669 -1.886074E-06 -8.315490E-06
200670 -1.912055E-06 -8.315493E-06
200671 -1.873655E-06 -8.225857E-06
200672 -1.784740E-06 -8.194361E-06
200673 -1.771718E-06 -8.220776E-06
200674 -1.796693E-06 -8.193010E-06
200675 -1.870304E-06 -8.167611E-06
200676 -1.927255E-06 -8.184899E-06
200677 -1.867922E-06 -8.198215E-06
200678 -1.834539E-06 -8.207114E-06
200679 -1.843610E-06 -8.196906E-06
200680 -1.868629E-06 -8.168398E-06
200681 -1.966143E-06 -8.193227E-06
200682 -1.975084E-06 -8.226659E-06
200683 -1.917769E-06 -8.239692E-06
200684 -1.918736E-06 -8.216423E-06
200685 -1.911513E-06 -8.196764E-06
200686 -1.904485E-06 -8.239610E-06
200687 -1.890290E-06 -8.295050E-06
200688 -1.901888E-06 -8.311010E-06
200689 -1.915435E-06 -8.260159E-06
200690 -1.891093E-06 -8.252710E-06
200691 -1.867610E-06 -8.265069E-06
200692 -1.850875E-06 -8.236031E-06
200693 -1.869234E-06 -8.247833E-06
200694 -1.859971E-06 -8.260838E-06
200695 -1.814527E-06 -8.249790E-06
200696 -1.806948E-06 -8.264115E-06
200697 -1.792719E-06 -8.264213E-06
200698 -1.821131E-06 -8.251289E-06
200699 -1.913446E-06 -8.284236E-06
200700 -1.883780E-06 -8.317630E-06
200701 -1.821592E-06 -8.329566E-06
200702 -1.855231E-06 -8.289277E-06
200703 -1.866837E-06 -8.251183E-06
200704 -1.874002E-06 -8.291397E-06
200705 -1.890421E-06 -8.325401E-06
200706 -1.882618E-06 -8.293124E-06
200707 -1.813070E-06 -8.227878E-06
200708 -1.732375E-06 -8.247454E-06
200709 -1.738528E-06 -8.307322E-06
200710 -1.769085E-06 -8.321585E-06
200711 -1.797914E-06 -8.357033E-06
200712 -1.852226E-06 -8.405419E-06
200713 -1.885280E-06 -8.388975E-06
200714 -1.882291E-06 -8.329436E-06
200715 -1.848761E-06 -8.296513E-06
200716 -1.836989E-06 -8.318728E-06
200717 -1.906877E-06 -8.379039E-06
200718 -1.931710E-06 -8.405342E-06
200719 -1.907194E-06 -8.404687E-06
200720 -1.920370E-06 -8.354534E-06
200721  3.711620E-06  4.250045E-06
200722  3.744006E-06  4.228661E-06
200723  3.754297E-06  4.203938E-06
200724  3.696084E-06  4.199049E-06
200725  3.611719E-06  4.219426E-06
200726  3.575666E-06  4.147568E-06
200727  3.625758E-06  4.119014E-06
200728  3.735329E-06  4.194098E-06
200729  3.704165E-06  4.172273E-06
200730  3.655653E-06  4.159216E-06
200731  3.762004E-06  4.227374E-06
200732  3.754581E-06  4.234678E-06
200733  3.646074E-06  4.162483E-06
200734  3.678860E-06  4.175676E-06
200735  3.713671E-06  4.174797E-06
200736  3.716082E-06  4.172827E-06
200737  3.747058E-06  4.222555E-06
200738  3.748073E-06  4.239298E-06
200739  3.762036E-06  4.249804E-06
200740  3.761376E-06  4.230703E-06
200741  3.751089E-06  4.192962E-06
200742  3.706667E-06  4.186436E-06
200743  3.674994E-06  4.232644E-06
200744  3.650504E-06  4.212978E-06
200745  3.646248E-06  4.222339E-06
200746  3.714568E-06  4.272369E-06
200747  3.668447E-06  4.229550E-06
200748  3.597972E-06  4.184291E-06
200749  3.707091E-06  4.214538E-06
200750  3.747618E-06  4.215542E-06
200751  3.661140E-06  4.169736E-06
200752  3.664033E-06  4.198884E-06
200753  3.659607E-06  4.198569E-06
200754  3.671303E-06  4.197755E-06
200755  3.734964E-06  4.201257E-06
200756  3.737373E-06  4.205976E-06
200757  3.738728E-06  4.239325E-06
200758  3.733111E-06  4.235108E-06
200759  3.735698E-06  4.221156E-06
200760  3.700990E-06  4.183762E-06
200761  3.654084E-06  4.172161E-06
200762  3.609779E-06  4.144232E-06
200763  3.620289E-06  4.181732E-06
200764  3.704187E-06  4.244411E-06
200765  3.673677E-06  4.195546E-06
200766  3.643786E-06  4.180275E-06
200767  3.723958E-06  4.237684E-06
200768  3.726630E-06  4.232373E-06
200769  3.648017E-06  4.183571E-06
200770  3.639622E-06  4.216007E-06
200771  3.664252E-06  4.211367E-06
200772  3.731893E-06  4.176882E-06
200773  3.790924E-06  4.176516E-06
200774  3.756112E-06  4.216499E-06
200775  3.752164E-06  4.237661E-06
200776  3.751972E-06  4.187332E-06
200777  3.739589E-06  4.174574E-06
200778  3.733330E-06  4.185113E-06
200779  3.739542E-06  4.181800E-06
200780  3.709797E-06  4.116750E-06
200781  3.692128E-06  4.115037E-06
200782  3.737346E-06  4.168008E-06
200783  3.693943E-06  4.128954E-06
200784  3.603254E-06  4.113277E-06
200785  3.638778E-06  4.210930E-06
200786  3.684615E-06  4.263853E-06
200787  3.632996E-06  4.208222E-06
200788  3.632469E-06  4.195834E-06
200789  3.641676E-06  4.175801E-06
200790  3.646945E-06  4.180985E-06
200791  3.686153E-06  4.200227E-06
200792  3.685236E-06  4.214302E-06
200793 -3.280873E-06  6.488163E-06
200794 -3.238190E-06  6.459595E-06
200795 -3.191383E-06  6.446951E-06
200796 -3.177790E-06  6.450025E-06
200797 -3.219244E-06  6.475143E-06
200798 -3.310534E-06  6.413748E-06
200799 -3.361372E-06  6.394589E-06
200800 -3.302398E-06  6.424247E-06
200801 -3.269374E-06  6.401981E-06
200802 -3.268583E-06  6.415134E-06
200803 -3.238142E-06  6.426716E-06
200804 -3.268418E-06  6.446297E-06
200805 -3.326757E-06  6.394457E-06
200806 -3.251964E-06  6.425448E-06
200807 -3.189346E-06  6.440583E-06
200808 -3.225315E-06  6.427013E-06
200809 -3.230925E-06  6.462996E-06
200810 -3.265518E-06  6.435250E-06
200811 -3.273697E-06  6.439800E-06
200812 -3.253906E-06  6.442065E-06
200813 -3.220578E-06  6.440459E-06
200814 -3.205155E-06  6.440959E-06
200815 -3.213533E-06  6.464176E-06
200816 -3.297091E-06  6.416024E-06
200817 -3.363171E-06  6.428912E-06
200818 -3.310675E-06  6.448608E-06
200819 -3.276765E-06  6.407832E-06
200820 -3.281297E-06  6.397247E-06
200821 -3.255918E-06  6.400486E-06
200822 -3.251012E-06  6.423877E-06
200823 -3.287284E-06  6.388605E-06
200824 -3.219165E-06  6.418252E-06
200825 -3.161041E-06  6.425099E-06
200826 -3.191887E-06  6.426940E-06
200827 -3.197139E-06  6.425943E-06
200828 -3.232999E-06  6.397060E-06
200829 -3.248546E-06  6.432468E-06
200830 -3.245130E-06  6.448888E-06
200831 -3.212183E-06  6.476129E-06
200832 -3.207224E-06  6.459449E-06
200833 -3.212919E-06  6.433688E-06
200834 -3.276797E-06  6.374308E-06
200835 -3.330379E-06  6.393723E-06
200836 -3.281564E-06  6.425573E-06
200837 -3.261821E-06  6.409011E-06
200838 -3.256950E-06  6.419828E-06
200839 -3.259610E-06  6.419903E-06
200840 -3.279472E-06  6.429694E-06
200841 -3.316243E-06  6.394321E-06
200842 -3.271430E-06  6.442629E-06
200843 -3.193611E-06  6.460151E-06
200844 -3.191462E-06  6.420018E-06
200845 -3.209272E-06  6.416279E-06
200846 -3.258076E-06  6.426681E-06
200847 -3.267339E-06  6.436953E-06
200848 -3.262671E-06  6.406555E-06
200849 -3.230342E-06  6.427227E-06
200850 -3.182706E-06  6.429904E-06
200851 -3.169102E-06  6.404147E-06
200852 -3.260524E-06  6.334624E-06
200853 -3.327155E-06  6.349883E-06
200854 -3.292213E-06  6.396683E-06
200855 -3.277047E-06  6.387056E-06
200856 -3.301836E-06  6.406782E-06
200857 -3.299314E-06  6.464395E-06
200858 -3.260664E-06  6.500499E-06
200859 -3.288609E-06  6.436033E-06
200860 -3.258523E-06  6.466474E-06
200861 -3.204016E-06  6.485691E-06
200862 -3.238756E-06  6.495632E-06
200863 -3.264220E-06  6.521572E-06
200864 -3.300674E-06  6.485299E-06
200865 -5.351218E-07 -3.509750E-06
200866 -5.147936E-07 -3.542096E-06
200867 -4.859117E-07 -3.551932E-06
200868 -4.459866E-07 -3.535931E-06
200869 -4.163650E-07 -3.483657E-06
200870 -4.246890E-07 -3.484578E-06
200871 -4.774007E-07 -3.491486E-06
200872 -5.354671E-07 -3.547029E-06
200873 -5.123759E-07 -3.537570E-06
200874 -4.496890E-07 -3.478044E-06
200875 -4.838714E-07 -3.564808E-06
200876 -5.070668E-07 -3.516785E-06
200877 -4.730349E-07 -3.500590E-06
200878 -4.312427E-07 -3.493842E-06
200879 -4.341714E-07 -3.498699E-06
200880 -5.125125E-07 -3.541715E-06
200881 -5.241581E-07 -3.530725E-06
200882 -5.546883E-07 -3.574474E-06
200883 -5.649197E-07 -3.558772E-06
200884 -5.435669E-07 -3.558485E-06
200885 -5.247247E-07 -3.550984E-06
200886 -4.994591E-07 -3.541984E-06
200887 -4.508373E-07 -3.500650E-06
200888 -4.495528E-07 -3.511808E-06
200889 -4.908404E-07 -3.499292E-06
200890 -5.292256E-07 -3.560036E-06
200891 -4.875352E-07 -3.564981E-06
200892 -4.222687E-07 -3.499430E-06
200893 -4.823638E-07 -3.568353E-06
200894 -4.842378E-07 -3.522598E-06
200895 -4.291307E-07 -3.498311E-06
200896 -3.941058E-07 -3.498828E-06
200897 -3.894746E-07 -3.516556E-06
200898 -4.563672E-07 -3.537117E-06
200899 -4.733001E-07 -3.541018E-06
200900 -5.038940E-07 -3.581349E-06
200901 -5.258881E-07 -3.551199E-06
200902 -5.267820E-07 -3.552859E-06
200903 -5.018076E-07 -3.530057E-06
200904 -4.896216E-07 -3.514349E-06
200905 -4.399152E-07 -3.491136E-06
200906 -4.175222E-07 -3.515750E-06
200907 -4.565133E-07 -3.523321E-06
200908 -4.939928E-07 -3.582683E-06
200909 -4.638525E-07 -3.555265E-06
200910 -4.076966E-07 -3.493483E-06
200911 -4.868900E-07 -3.588022E-06
200912 -4.920178E-07 -3.553547E-06
200913 -4.374758E-07 -3.525337E-06
200914 -4.292143E-07 -3.501729E-06
200915 -4.209231E-07 -3.503122E-06
200916 -4.827971E-07 -3.560879E-06
200917 -5.197225E-07 -3.571621E-06
200918 -5.378810E-07 -3.582370E-06
200919 -5.411974E-07 -3.566445E-06
200920 -5.499751E-07 -3.582504E-06
200921 -5.237433E-07 -3.559366E-06
200922 -4.701435E-07 -3.551972E-06
200923 -4.164817E-07 -3.542052E-06
200924 -4.287109E-07 -3.553938E-06
200925 -4.663982E-07 -3.540442E-06
200926 -5.120931E-07 -3.575889E-06
200927 -4.988314E-07 -3.553145E-06
200928 -4.553695E-07 -3.483267E-06
200929 -4.966229E-07 -3.527948E-06
200930 -4.497124E-07 -3.494409E-06
200931 -4.005665E-07 -3.493313E-06
200932 -4.046633E-07 -3.462923E-06
200933 -4.111254E-07 -3.456234E-06
200934 -4.862376E-07 -3.472539E-06
200935 -5.232540E-07 -3.447794E-06
200936 -5.491575E-07 -3.503535E-06
200937  5.868974E-06 -6.896904E-06
200938  5.860052E-06 -6.934779E-06
200939  5.841858E-06 -6.962028E-06
200940  5.841695E-06 -6.955107E-06
200941  5.867044E-06 -6.905785E-06
200942  5.929932E-06 -6.851302E-06
200943  5.948491E-06 -6.819473E-06
200944  5.852629E-06 -6.923661E-06
200945  5.821143E-06 -6.899627E-06
200946  5.887654E-06 -6.817884E-06
200947  5.855632E-06 -6.948346E-06
200948  5.855392E-06 -6.880806E-06
200949  5.915448E-06 -6.825139E-06
200950  5.892002E-06 -6.876599E-06
200951  5.845879E-06 -6.902196E-06
200952  5.796133E-06 -6.940091E-06
200953  5.822483E-06 -6.926397E-06
200954  5.827102E-06 -6.953116E-06
200955  5.829255E-06 -6.922781E-06
200956  5.838617E-06 -6.933662E-06
200957  5.813062E-06 -6.941934E-06
200958  5.789439E-06 -6.949862E-06
200959  5.824405E-06 -6.914314E-06
200960  5.897976E-06 -6.876177E-06
200961  5.928087E-06 -6.831777E-06
200962  5.855926E-06 -6.941419E-06
200963  5.856391E-06 -6.932952E-06
200964  5.933098E-06 -6.822805E-06
200965  5.864193E-06 -6.929685E-06
200966  5.875055E-06 -6.874283E-06
200967  5.952445E-06 -6.812528E-06
200968  5.912180E-06 -6.866153E-06
200969  5.867399E-06 -6.898173E-06
200970  5.832425E-06 -6.917990E-06
200971  5.861890E-06 -6.902216E-06
200972  5.867257E-06 -6.926743E-06
200973  5.851713E-06 -6.902583E-06
200974  5.839589E-06 -6.926208E-06
200975  5.828423E-06 -6.935559E-06
200976  5.801678E-06 -6.924737E-06
200977  5.834931E-06 -6.882145E-06
200978  5.915758E-06 -6.852916E-06
200979  5.941886E-06 -6.838388E-06
200980  5.879186E-06 -6.956329E-06
200981  5.878934E-06 -6.923856E-06
200982  5.941468E-06 -6.834859E-06
200983  5.864110E-06 -6.965249E-06
200984  5.885995E-06 -6.913995E-06
200985  5.965143E-06 -6.848447E-06
200986  5.902368E-06 -6.882116E-06
200987  5.853698E-06 -6.902761E-06
200988  5.814244E-06 -6.950641E-06
200989  5.821586E-06 -6.948492E-06
200990  5.846948E-06 -6.956644E-06
200991  5.854139E-06 -6.933356E-06
200992  5.831398E-06 -6.949367E-06
200993  5.820720E-06 -6.950388E-06
200994  5.823721E-06 -6.954459E-06
200995  5.856365E-06 -6.935445E-06
200996  5.911771E-06 -6.890922E-06
200997  5.941871E-06 -6.848735E-06
200998  5.868956E-06 -6.941812E-06
200999  5.842883E-06 -6.916390E-06
201000  5.897879E-06 -6.817281E-06
201001  5.863225E-06 -6.918126E-06
201002  5.919936E-06 -6.881376E-06
201003  5.990087E-06 -6.830089E-06
201004  5.928873E-06 -6.853242E-06
201005  5.873941E-06 -6.867759E-06
201006  5.828410E-06 -6.886489E-06
201007  5.839397E-06 -6.853644E-06
201008  5.855243E-06 -6.896072E-06
201009  4.674403E-06 -3.263154E-06
201010  4.654860E-06 -3.298146E-06
201011  4.616410E-06 -3.339529E-06
201012  4.582497E-06 -3.351317E-06
201013  4.568556E-06 -3.342991E-06
201014  4.626634E-06 -3.282478E-06
201015  4.685960E-06 -3.211901E-06
201016  4.629418E-06 -3.301539E-06
201017  4.568258E-06 -3.288097E-06
201018  4.601572E-06 -3.229001E-06
201019  4.600711E-06 -3.325702E-06
201020  4.611946E-06 -3.260777E-06
201021  4.642526E-06 -3.213954E-06
201022  4.593604E-06 -3.308267E-06
201023  4.558825E-06 -3.326789E-06
201024  4.562309E-06 -3.326948E-06
201025  4.611832E-06 -3.297320E-06
201026  4.635840E-06 -3.303019E-06
201027  4.644097E-06 -3.271156E-06
201028  4.645350E-06 -3.285334E-06
201029  4.603696E-06 -3.308542E-06
201030  4.548998E-06 -3.340164E-06
201031  4.536418E-06 -3.345346E-06
201032  4.603820E-06 -3.296886E-06
201033  4.664726E-06 -3.216349E-06
201034  4.624875E-06 -3.310299E-06
201035  4.597217E-06 -3.313153E-06
201036  4.642486E-06 -3.220022E-06
201037  4.608322E-06 -3.302644E-06
201038  4.625190E-06 -3.253240E-06
201039  4.668518E-06 -3.200118E-06
201040  4.599944E-06 -3.291843E-06
201041  4.560169E-06 -3.307585E-06
201042  4.574325E-06 -3.300848E-06
201043  4.631925E-06 -3.261949E-06
201044  4.655848E-06 -3.266261E-06
201045  4.648470E-06 -3.249922E-06
201046  4.635268E-06 -3.276602E-06
201047  4.607534E-06 -3.308202E-06
201048  4.557241E-06 -3.322129E-06
201049  4.544241E-06 -3.312619E-06
201050  4.609213E-06 -3.268400E-06
201051  4.666630E-06 -3.213000E-06
201052  4.636733E-06 -3.317663E-06
201053  4.612872E-06 -3.306692E-06
201054  4.647282E-06 -3.238208E-06
201055  4.612394E-06 -3.331074E-06
201056  4.642808E-06 -3.281566E-06
201057  4.688480E-06 -3.228287E-06
201058  4.603710E-06 -3.307899E-06
201059  4.559074E-06 -3.318674E-06
201060  4.572600E-06 -3.328241E-06
201061  4.612857E-06 -3.305270E-06
201062  4.651769E-06 -3.301702E-06
201063  4.660910E-06 -3.279855E-06
201064  4.637823E-06 -3.296244E-06
201065  4.611084E-06 -3.317586E-06
201066  4.578700E-06 -3.339176E-06
201067  4.563921E-06 -3.354675E-06
201068  4.612923E-06 -3.301338E-06
201069  4.670151E-06 -3.222366E-06
201070  4.631781E-06 -3.306616E-06
201071  4.586793E-06 -3.301915E-06
201072  4.617173E-06 -3.221605E-06
201073  4.612868E-06 -3.302835E-06
201074  4.660442E-06 -3.268661E-06
201075  4.698076E-06 -3.216896E-06
201076  4.625109E-06 -3.292607E-06
201077  4.578688E-06 -3.300458E-06
201078  4.584551E-06 -3.290639E-06
201079  4.627909E-06 -3.248097E-06
201080  4.663947E-06 -3.267301E-06
201081 -1.108920E-06  6.132780E-08
201082 -1.123652E-06  3.934243E-08
201083 -1.153365E-06 -4.533960E-10
201084 -1.189999E-06 -2.122833E-08
201085 -1.222543E-06 -5.759322E-08
201086 -1.199262E-06 -2.734448E-08
201087 -1.149075E-06  5.689077E-08
201088 -1.157982E-06  1.360508E-08
201089 -1.212834E-06  9.990990E-09
201090 -1.205864E-06  2.219660E-08
201091 -1.191027E-06 -6.647368E-09
201092 -1.178595E-06  3.946537E-08
201093 -1.180538E-06  5.508039E-08
201094 -1.215315E-06 -4.524728E-08
201095 -1.226786E-06 -3.890779E-08
201096 -1.196121E-06 -1.245201E-09
201097 -1.153575E-06  3.477940E-08
201098 -1.131110E-06  3.936749E-08
201099 -1.125389E-06  6.007004E-08
201100 -1.126931E-06  5.218387E-08
201101 -1.156901E-06  2.693399E-08
201102 -1.204983E-06 -1.253291E-08
201103 -1.241149E-06 -5.962937E-08
201104 -1.210077E-06 -3.421568E-08
201105 -1.165803E-06  5.639069E-08
201106 -1.165947E-06  1.233091E-08
201107 -1.194817E-06 -4.454937E-09
201108 -1.180564E-06  3.568724E-08
201109 -1.187231E-06  9.131129E-09
201110 -1.171842E-06  4.385108E-08
201111 -1.165633E-06  6.489252E-08
201112 -1.215086E-06 -3.303193E-08
201113 -1.232012E-06 -1.896757E-08
201114 -1.197162E-06  1.522185E-08
201115 -1.147490E-06  6.157557E-08
201116 -1.126649E-06  6.761871E-08
201117 -1.128819E-06  7.384534E-08
201118 -1.136437E-06  5.933131E-08
201119 -1.159058E-06  2.643729E-08
201120 -1.201595E-06 -1.455465E-09
201121 -1.235999E-06 -3.710037E-08
201122 -1.210193E-06 -1.435154E-08
201123 -1.165431E-06  6.170630E-08
201124 -1.160004E-06  8.809756E-09
201125 -1.186052E-06 -4.566400E-10
201126 -1.177554E-06  2.061159E-08
201127 -1.182011E-06 -5.760965E-09
201128 -1.157327E-06  2.918348E-08
201129 -1.149453E-06  4.785962E-08
201130 -1.208863E-06 -4.444408E-08
201131 -1.229598E-06 -2.926962E-08
201132 -1.190176E-06 -9.325250E-11
201133 -1.150670E-06  3.273037E-08
201134 -1.122430E-06  4.254957E-08
201135 -1.116887E-06  5.508926E-08
201136 -1.131794E-06  4.482040E-08
201137 -1.152320E-06  1.914658E-08
201138 -1.186154E-06 -7.863335E-09
201139 -1.222239E-06 -6.336486E-08
201140 -1.205149E-06 -3.658109E-08
201141 -1.164959E-06  5.468076E-08
201142 -1.163805E-06  1.538653E-08
201143 -1.200831E-06  5.206655E-10
201144 -1.192483E-06  3.228574E-08
201145 -1.181406E-06  7.604584E-09
201146 -1.150712E-06  3.247555E-08
201147 -1.149075E-06  5.651537E-08
201148 -1.194970E-06 -3.798539E-08
201149 -1.216177E-06 -2.111313E-08
201150 -1.186001E-06  2.009598E-08
201151 -1.145117E-06  6.140473E-08
201152 -1.114204E-06  5.866493E-08
201153 -5.972688E-06  6.397396E-07
201154 -5.980066E-06  6.346237E-07
201155 -5.993997E-06  6.058335E-07
201156 -6.020178E-06  5.849533E-07
201157 -6.044873E-06  5.223843E-07
201158 -6.043949E-06  5.177863E-07
201159 -6.020497E-06  5.959742E-07
201160 -6.007881E-06  5.941855E-07
201161 -6.041778E-06  5.792515E-07
201162 -6.038000E-06  5.507404E-07
201163 -6.033512E-06  5.775517E-07
201164 -6.020094E-06  6.038865E-07
201165 -6.033883E-06  5.925372E-07
201166 -6.045911E-06  5.079609E-07
201167 -6.050005E-06  5.361224E-07
201168 -6.020892E-06  5.949073E-07
201169 -5.996132E-06  6.266906E-07
201170 -5.980685E-06  6.347833E-07
201171 -5.978402E-06  6.403603E-07
201172 -5.981999E-06  6.416174E-07
201173 -5.995925E-06  6.224246E-07
201174 -6.023909E-06  5.885378E-07
201175 -6.052935E-06  5.191352E-07
201176 -6.045235E-06  5.159124E-07
201177 -6.030556E-06  5.946930E-07
201178 -6.015776E-06  5.963075E-07
201179 -6.033376E-06  5.730588E-07
201180 -6.028253E-06  5.614741E-07
201181 -6.032006E-06  5.837672E-07
201182 -6.017858E-06  6.059854E-07
201183 -6.027789E-06  5.982374E-07
201184 -6.047240E-06  5.132570E-07
201185 -6.053665E-06  5.495278E-07
201186 -6.024820E-06  5.990572E-07
201187 -5.995851E-06  6.400617E-07
201188 -5.983245E-06  6.488107E-07
201189 -5.981586E-06  6.449889E-07
201190 -5.985672E-06  6.465661E-07
201191 -5.999625E-06  6.227081E-07
201192 -6.023867E-06  5.944351E-07
201193 -6.050578E-06  5.309282E-07
201194 -6.047471E-06  5.244694E-07
201195 -6.028418E-06  6.004211E-07
201196 -6.012003E-06  5.951088E-07
201197 -6.029475E-06  5.757841E-07
201198 -6.027133E-06  5.542836E-07
201199 -6.029278E-06  5.808851E-07
201200 -6.010826E-06  6.009417E-07
201201 -6.020040E-06  5.910385E-07
201202 -6.043438E-06  5.081191E-07
201203 -6.052808E-06  5.432694E-07
201204 -6.017820E-06  5.961427E-07
201205 -5.993329E-06  6.277833E-07
201206 -5.979453E-06  6.374933E-07
201207 -5.975882E-06  6.389405E-07
201208 -5.982848E-06  6.383901E-07
201209 -5.993596E-06  6.168930E-07
201210 -6.016842E-06  5.946197E-07
201211 -6.044156E-06  5.182408E-07
201212 -6.043490E-06  5.138009E-07
201213 -6.031552E-06  5.949789E-07
201214 -6.015707E-06  5.970895E-07
201215 -6.035679E-06  5.741080E-07
201216 -6.030688E-06  5.605506E-07
201217 -6.028932E-06  5.848152E-07
201218 -6.009065E-06  6.008490E-07
201219 -6.022346E-06  5.970545E-07
201220 -6.036121E-06  5.080755E-07
201221 -6.046209E-06  5.457486E-07
201222 -6.019685E-06  6.050093E-07
201223 -5.993987E-06  6.370589E-07
201224 -5.975103E-06  6.430346E-07
