Mesh2HRTF 0.1.2
    1
    1  1225
200000 -2.554692E-05  5.867263E-06
200001  1.427320E-05 -1.561885E-05
200002  1.357990E-05 -1.488734E-05
200003  1.209923E-05 -1.378850E-05
200004  9.858211E-06 -1.236211E-05
200005  6.956557E-06 -1.067315E-05
200006  3.568391E-06 -8.816027E-06
200007 -6.804660E-08 -6.912139E-06
200008 -3.673178E-06 -5.100140E-06
200009 -6.959059E-06 -3.519773E-06
200010 -9.666936E-06 -2.292357E-06
200011 -1.160193E-05 -1.502133E-06
200012 -1.265751E-05 -1.182839E-06
200013 -1.282469E-05 -1.312673E-06
200014 -1.218453E-05 -1.818757E-06
200015 -1.088667E-05 -2.589889E-06
200016 -9.119516E-06 -3.494565E-06
200017 -7.079065E-06 -4.400445E-06
200018 -4.942616E-06 -5.191749E-06
200019 -2.851589E-06 -5.782228E-06
200020 -9.046082E-07 -6.122787E-06
200021  8.402609E-07 -6.204029E-06
200022  2.357202E-06 -6.054604E-06
200023  3.641834E-06 -5.736274E-06
200024  4.701138E-06 -5.336231E-06
200025  5.546323E-06 -4.956938E-06
200026  6.189522E-06 -4.703817E-06
200027  6.643994E-06 -4.671634E-06
200028  6.926592E-06 -4.931204E-06
200029  7.060836E-06 -5.518708E-06
200030  7.078931E-06 -6.429946E-06
200031  7.021569E-06 -7.621163E-06
200032  6.935050E-06 -9.016613E-06
200033  6.866077E-06 -1.052135E-05
200034  6.855205E-06 -1.203633E-05
200035  6.930253E-06 -1.347230E-05
200036  7.100900E-06 -1.475952E-05
200037  7.355335E-06 -1.585135E-05
200038  7.659352E-06 -1.672179E-05
200039  7.957950E-06 -1.735817E-05
200040  8.179278E-06 -1.775147E-05
200041  8.240835E-06 -1.788678E-05
200042  8.057820E-06 -1.773648E-05
200043  7.553459E-06 -1.725761E-05
200044  6.670667E-06 -1.639462E-05
200045  5.383803E-06 -1.508728E-05
200046  3.708497E-06 -1.328311E-05
200047  1.707091E-06 -1.095262E-05
200048 -5.126290E-07 -8.104954E-06
200049 -2.806767E-06 -4.800873E-06
200050 -5.012361E-06 -1.160076E-06
200051 -6.969652E-06  2.639883E-06
200052 -8.545279E-06  6.374490E-06
200053 -9.651193E-06  9.792658E-06
200054 -1.025468E-05  1.264418E-05
200055 -1.037695E-05  1.471009E-05
200056 -1.008073E-05  1.583056E-05
200057 -9.450407E-06  1.592549E-05
200058 -8.570122E-06  1.500372E-05
200059 -7.505685E-06  1.315979E-05
200060 -6.294615E-06  1.055892E-05
200061 -4.945983E-06  7.413771E-06
200062 -3.448826E-06  3.957242E-06
200063 -1.785779E-06  4.161753E-07
200064  5.226975E-08 -3.010151E-06
200065  2.054143E-06 -6.164159E-06
200066  4.181135E-06 -8.935812E-06
200067  6.365033E-06 -1.126077E-05
200068  8.510587E-06 -1.311263E-05
200069  1.050101E-05 -1.449170E-05
200070  1.220533E-05 -1.541312E-05
200071  1.348709E-05 -1.589665E-05
200072  1.421459E-05 -1.596030E-05
200073 -4.116141E-06  1.219212E-05
200074  1.679041E-06  8.771879E-06
200075  8.102146E-06  4.628998E-06
200076  1.368614E-05  6.059299E-07
200077  1.677206E-05 -2.317529E-06
200078  1.613771E-05 -3.329141E-06
200079  1.159483E-05 -2.112462E-06
200080  4.246193E-06  9.645136E-07
200081 -3.784346E-06  4.923595E-06
200082 -1.008011E-05  8.512737E-06
200083 -1.280594E-05  1.066514E-05
200084 -1.133620E-05  1.087420E-05
200085 -6.375774E-06  9.322098E-06
200086  4.282176E-07  6.725878E-06
200087  7.157529E-06  3.997611E-06
200088  1.226577E-05  1.884373E-06
200089  1.495775E-05  7.369722E-07
200090  1.523068E-05  4.780743E-07
200091  1.365233E-05  7.482127E-07
200092  1.102696E-05  1.141895E-06
200093  8.094869E-06  1.423329E-06
200094  5.354178E-06  1.630266E-06
200095  3.022132E-06  2.023856E-06
200096  1.097551E-06  2.907308E-06
200097 -5.384377E-07  4.397065E-06
200098 -2.036201E-06  6.262831E-06
200099 -3.526232E-06  7.935219E-06
200100 -5.091180E-06  8.708118E-06
200101 -6.740406E-06  8.062845E-06
200102 -8.384223E-06  5.962655E-06
200103 -9.829956E-06  2.959543E-06
200104 -1.082750E-05  3.652250E-08
200105 -1.116495E-05 -1.757525E-06
200106 -1.077327E-05 -1.711326E-06
200107 -9.778117E-06  2.975079E-07
200108 -8.458115E-06  3.808961E-06
200109 -7.122222E-06  8.011205E-06
200110 -5.967272E-06  1.205458E-05
200111 -4.988196E-06  1.529349E-05
200112 -3.983985E-06  1.737289E-05
200113 -2.655241E-06  1.817629E-05
200114 -7.525192E-07  1.771597E-05
200115  1.779178E-06  1.604811E-05
200116  4.710499E-06  1.325360E-05
200117  7.531502E-06  9.476892E-06
200118  9.570042E-06  4.987578E-06
200119  1.021514E-05  2.252558E-07
200120  9.190034E-06 -4.201966E-06
200121  6.772466E-06 -7.584713E-06
200122  3.840763E-06 -9.251980E-06
200123  1.663878E-06 -8.764985E-06
200124  1.456546E-06 -6.107805E-06
200125  3.849727E-06 -1.785324E-06
200126  8.511489E-06  3.249857E-06
200127  1.412924E-05  7.850086E-06
200128  1.881808E-05  1.101740E-05
200129  2.081304E-05  1.219525E-05
200130  1.914705E-05  1.138799E-05
200131  1.400709E-05  9.081815E-06
200132  6.615590E-06  6.035804E-06
200133 -1.282755E-06  3.049677E-06
200134 -8.069717E-06  7.872219E-07
200135 -1.275002E-05 -3.200111E-07
200136 -1.512523E-05 -1.025461E-07
200137 -1.564982E-05  1.361906E-06
200138 -1.510198E-05  3.794033E-06
200139 -1.423273E-05  6.779573E-06
200140 -1.350892E-05  9.843510E-06
200141 -1.299476E-05  1.251465E-05
200142 -1.236728E-05  1.436964E-05
200143 -1.104577E-05  1.506179E-05
200144 -8.415744E-06  1.435610E-05
200145 -1.806681E-05 -2.736242E-06
200146 -2.709958E-05  4.114952E-06
200147 -2.711239E-05  7.950819E-06
200148 -1.637082E-05  6.427799E-06
200149  9.010660E-07  9.451461E-08
200150  1.588446E-05 -7.498589E-06
200151  2.046058E-05 -1.195553E-05
200152  1.272458E-05 -1.095884E-05
200153 -1.703401E-06 -5.695682E-06
200154 -1.369498E-05  2.429526E-07
200155 -1.676582E-05  3.454772E-06
200156 -1.075906E-05  2.779663E-06
200157 -8.776844E-07 -4.618006E-07
200158  6.422840E-06 -3.777546E-06
200159  7.355668E-06 -5.143429E-06
200160  2.195171E-06 -3.918609E-06
200161 -5.907349E-06 -7.810317E-07
200162 -1.315762E-05  2.901341E-06
200163 -1.686045E-05  5.707323E-06
200164 -1.608887E-05  6.547159E-06
200165 -1.154985E-05  4.888855E-06
200166 -5.084091E-06  9.930375E-07
200167  1.033717E-06 -3.915396E-06
200168  4.961810E-06 -7.855392E-06
200169  6.065510E-06 -8.894145E-06
200170  5.109339E-06 -6.296219E-06
200171  3.615618E-06 -1.304241E-06
200172  2.790336E-06  3.168162E-06
200173  2.855939E-06  4.065507E-06
200174  3.317459E-06  1.998116E-07
200175  3.826741E-06 -6.588212E-06
200176  4.725152E-06 -1.218739E-05
200177  6.663144E-06 -1.275927E-05
200178  9.654304E-06 -7.469469E-06
200179  1.256613E-05  6.674784E-07
200180  1.367893E-05  6.667522E-06
200181  1.188849E-05  6.861365E-06
200182  7.473383E-06  1.094572E-06
200183  1.782215E-06 -7.660483E-06
200184 -3.762611E-06 -1.558448E-05
200185 -8.402447E-06 -2.019168E-05
200186 -1.199994E-05 -2.103031E-05
200187 -1.449441E-05 -1.901383E-05
200188 -1.548993E-05 -1.532446E-05
200189 -1.436594E-05 -1.068386E-05
200190 -1.084830E-05 -5.334026E-06
200191 -5.633691E-06  3.424182E-07
200192 -5.073361E-07  5.154180E-06
200193  2.430356E-06  7.285767E-06
200194  2.197990E-06  5.607773E-06
200195  7.179241E-08  1.053526E-06
200196 -6.723444E-07 -3.515566E-06
200197  3.282687E-06 -5.241847E-06
200198  1.263151E-05 -3.362127E-06
200199  2.393934E-05  5.042240E-07
200200  3.081206E-05  4.025014E-06
200201  2.761191E-05  5.990364E-06
200202  1.351540E-05  6.602083E-06
200203 -6.114695E-06  6.377670E-06
200204 -2.247536E-05  5.230659E-06
200205 -2.847613E-05  2.733791E-06
200206 -2.259814E-05 -9.998833E-07
200207 -8.878945E-06 -5.015264E-06
200208  6.363075E-06 -8.148826E-06
200209  1.820534E-05 -9.880935E-06
200210  2.480375E-05 -1.059568E-05
200211  2.678677E-05 -1.114222E-05
200212  2.560189E-05 -1.214862E-05
200213  2.212843E-05 -1.352760E-05
200214  1.619222E-05 -1.436813E-05
200215  7.088063E-06 -1.329256E-05
200216 -5.097192E-06 -9.289374E-06
200217  4.409653E-05 -1.455809E-05
200218  2.552059E-05 -1.359702E-05
200219 -6.821349E-06 -1.889866E-06
200220 -2.664596E-05  1.032712E-05
200221 -1.837270E-05  1.309330E-05
200222  6.492575E-06  6.405269E-06
200223  2.188249E-05 -1.158167E-06
200224  1.453048E-05 -2.506845E-06
200225 -4.658571E-06  1.403010E-06
200226 -1.516162E-05  4.794250E-06
200227 -8.128943E-06  4.261854E-06
200228  7.778113E-06  1.385583E-06
200229  1.783458E-05 -4.371450E-07
200230  1.517041E-05  1.048407E-07
200231  4.424803E-06  1.485214E-06
200232 -4.931801E-06  1.254480E-06
200233 -7.188930E-06 -1.737267E-06
200234 -3.605879E-06 -6.324903E-06
200235  7.287139E-07 -9.682476E-06
200236  2.223429E-06 -9.367568E-06
200237  1.363627E-06 -5.393334E-06
200238  8.114090E-07 -4.277242E-07
200239  1.645701E-06  2.365366E-06
200240  2.030737E-06  1.951733E-06
200241 -2.665782E-07  8.861959E-08
200242 -4.629965E-06 -3.793411E-07
200243 -7.674168E-06  2.081901E-06
200244 -6.756328E-06  6.304271E-06
200245 -2.937700E-06  8.782170E-06
200246 -3.079272E-08  6.100929E-06
200247 -7.120451E-07 -1.333741E-06
200248 -3.852916E-06 -7.563898E-06
200249 -6.056788E-06 -5.128185E-06
200250 -5.919132E-06  6.735909E-06
200251 -6.022789E-06  1.840622E-05
200252 -9.560344E-06  1.754720E-05
200253 -1.502527E-05  2.309573E-06
200254 -1.598587E-05 -1.490376E-05
200255 -7.475125E-06 -1.915567E-05
200256  8.242674E-06 -7.518025E-06
200257  2.367084E-05  1.009560E-05
200258  3.309311E-05  2.268445E-05
200259  3.576552E-05  2.633568E-05
200260  3.281351E-05  2.124578E-05
200261  2.430546E-05  7.623987E-06
200262  1.117466E-05 -1.075970E-05
200263 -2.062397E-06 -2.330394E-05
200264 -9.389853E-06 -2.034995E-05
200265 -8.366045E-06 -5.080570E-06
200266 -2.004825E-06  7.562442E-06
200267  4.313923E-06  6.489309E-06
200268  7.278592E-06 -3.976340E-06
200269  7.872123E-06 -1.074260E-05
200270  1.002955E-05 -7.724539E-06
200271  1.574381E-05 -1.051105E-06
200272  2.017656E-05  9.596581E-07
200273  1.400865E-05 -1.713858E-06
200274 -5.348753E-06 -3.169430E-06
200275 -2.545565E-05 -1.525708E-06
200276 -2.724130E-05 -1.464618E-06
200277 -4.924621E-06 -6.191341E-06
200278  2.533320E-05 -1.117355E-05
200279  3.998823E-05 -8.985843E-06
200280  2.973018E-05  1.632938E-06
200281  4.494822E-06  1.464539E-05
200282 -1.964969E-05  2.373610E-05
200283 -3.363403E-05  2.763348E-05
200284 -3.656169E-05  2.846903E-05
200285 -2.961531E-05  2.723869E-05
200286 -1.261042E-05  2.208818E-05
200287  1.273816E-05  1.097030E-05
200288  3.693629E-05 -3.842198E-06
200289 -8.145052E-07  2.185166E-05
200290  4.001834E-05 -3.778434E-06
200291  1.956606E-05 -1.357611E-05
200292 -2.309462E-05 -4.801870E-06
200293 -2.817536E-05  2.882660E-06
200294  2.307724E-06 -1.914357E-07
200295  2.038419E-05 -4.671689E-06
200296  5.702722E-06 -2.266003E-06
200297 -1.534230E-05  2.088210E-06
200298 -1.537057E-05  1.159264E-06
200299  2.222698E-07 -2.924710E-06
200300  8.965294E-06 -3.668101E-06
200301  1.640286E-06 -4.250714E-07
200302 -1.161156E-05  2.216811E-06
200303 -1.685640E-05  2.054197E-06
200304 -9.973592E-06  1.092967E-06
200305  3.098017E-06  9.123009E-07
200306  1.357172E-05  5.143619E-07
200307  1.569936E-05 -7.446421E-07
200308  9.181368E-06 -1.210601E-06
200309 -7.879289E-07  5.124014E-07
200310 -6.764445E-06  2.879368E-06
200311 -5.315094E-06  3.296066E-06
200312 -2.207790E-07  1.695848E-06
200313  2.508260E-06 -1.166914E-07
200314  1.951611E-06 -1.942852E-06
200315  1.791902E-06 -4.690149E-06
200316  3.737046E-06 -6.462594E-06
200317  5.478312E-06 -3.721237E-06
200318  4.851012E-06  1.841833E-06
200319  2.500009E-06  2.612708E-06
200320  7.437469E-07 -4.100853E-06
200321  1.965664E-06 -8.664915E-06
200322  6.225242E-06 -1.181869E-06
200323  8.859050E-06  9.668342E-06
200324  5.139507E-06  2.978554E-06
200325  4.276541E-07 -2.143003E-05
200326  7.694606E-06 -3.052059E-05
200327  2.620763E-05  2.051832E-06
200328  3.063213E-05  5.158240E-05
200329 -2.012324E-06  6.635009E-05
200330 -5.528459E-05  3.836129E-05
200331 -8.177769E-05  1.701297E-05
200332 -5.574161E-05  3.732526E-05
200333 -2.969353E-06  6.722999E-05
200334  3.059140E-05  5.505093E-05
200335  2.730475E-05  5.865028E-06
200336  4.710826E-06 -2.666968E-05
200337 -1.299193E-05 -1.553670E-05
200338 -1.464515E-05  9.266834E-06
200339 -1.532042E-06  9.978950E-06
200340  1.515384E-05 -9.167982E-06
200341  1.888121E-05 -1.694417E-05
200342  5.241439E-06 -2.596762E-06
200343 -7.515011E-06  1.236781E-05
200344 -1.421623E-06  7.934043E-06
200345  1.136250E-05 -6.583484E-06
200346  4.380444E-06 -8.927590E-06
200347 -1.668754E-05  1.656710E-06
200348 -1.462869E-05  5.065056E-06
200349  1.878838E-05 -4.197640E-06
200350  3.712875E-05 -5.340345E-06
200351  3.196806E-06  1.306617E-05
200352 -5.062907E-05  2.790994E-05
200353 -6.423689E-05  1.230574E-05
200354 -2.887013E-05 -2.580946E-05
200355  1.427207E-05 -5.717513E-05
200356  3.084599E-05 -6.687985E-05
200357  1.200879E-05 -5.582847E-05
200358 -3.426735E-05 -2.571233E-05
200359 -7.359384E-05  1.290273E-05
200360 -6.069601E-05  3.379017E-05
200361 -4.710497E-05  2.129321E-05
200362  3.565960E-05  9.055522E-06
200363  3.551894E-05 -8.977096E-06
200364 -1.606918E-05 -2.995460E-06
200365 -1.825923E-05  6.133525E-06
200366  1.629159E-05  2.556613E-06
200367  1.883105E-05 -2.511042E-06
200368 -6.786267E-06 -1.041544E-07
200369 -1.197723E-05  2.609863E-06
200370  7.150271E-06 -2.232903E-08
200371  1.659075E-05 -2.033909E-06
200372  5.077989E-06  1.205340E-06
200373 -6.843378E-06  3.439275E-06
200374 -3.153093E-06 -1.355550E-06
200375  9.166297E-06 -7.866928E-06
200376  1.427819E-05 -7.573889E-06
200377  6.515027E-06 -1.027734E-06
200378 -6.220725E-06  4.478294E-06
200379 -1.328499E-05  4.872991E-06
200380 -1.217743E-05  2.543449E-06
200381 -7.497549E-06  1.445998E-06
200382 -2.177598E-06  1.552572E-06
200383  3.923489E-06  4.413998E-08
200384  7.273735E-06 -2.176040E-06
200385  3.132770E-06 -4.414526E-07
200386 -3.481444E-06  4.697539E-06
200387 -3.153872E-06  5.673353E-06
200388  9.948243E-07 -1.166639E-07
200389 -1.206671E-06 -4.052685E-06
200390 -7.367040E-06  1.113615E-06
200391 -7.193910E-06  8.204637E-06
200392 -1.469833E-06  4.498256E-06
200393  1.037501E-06 -7.007257E-06
200394 -8.049401E-07 -7.097847E-06
200395 -3.134600E-06  9.312591E-06
200396 -7.402261E-06  1.558644E-05
200397 -1.138043E-05 -7.129638E-06
200398 -7.966101E-07 -2.284490E-05
200399  2.256881E-05  1.582613E-05
200400  1.290218E-05  7.270377E-05
200401 -7.491354E-05  5.107814E-05
200402 -2.038314E-04 -5.614282E-05
200403 -2.666001E-04 -1.235836E-04
200404 -2.051301E-04 -6.190769E-05
200405 -7.956888E-05  4.936287E-05
200406  8.715167E-06  7.740280E-05
200407  2.685546E-05  1.785950E-05
200408  1.196597E-05 -2.917716E-05
200409 -1.668798E-06 -1.622762E-05
200410 -9.113282E-06  1.124229E-05
200411 -6.065201E-06  9.537940E-06
200412  1.267531E-05 -7.032630E-06
200413  2.632641E-05 -7.636396E-06
200414  8.891310E-06  7.576600E-06
200415 -1.950347E-05  1.496370E-05
200416 -1.238421E-05  2.103906E-06
200417  2.366519E-05 -1.493405E-05
200418  2.743938E-05 -1.167040E-05
200419 -1.373459E-05  6.649040E-06
200420 -2.805969E-05  8.211756E-06
200421  1.582343E-05 -8.925357E-06
200422  3.138666E-05 -5.833721E-06
200423 -3.268898E-05  1.753959E-05
200424 -6.277446E-05 -1.435322E-07
200425  3.590137E-05 -6.353767E-05
200426  1.472376E-04 -7.234852E-05
200427  1.411480E-04  1.739423E-05
200428  1.072746E-04  8.833232E-05
200429  1.549779E-04  3.324682E-05
200430  1.747141E-04 -7.155827E-05
200431  5.630251E-05 -8.875528E-05
200432 -6.822421E-05 -2.291968E-05
200433 -5.788729E-05  2.200171E-05
200434  3.244130E-05  1.486465E-05
200435  1.595365E-05 -6.795600E-06
200436 -3.333952E-05 -3.292464E-06
200437 -1.005021E-05  5.511181E-06
200438  1.923929E-05  3.812268E-06
200439 -2.263940E-06 -6.136136E-07
200440 -2.099143E-05 -9.228452E-07
200441 -3.497186E-06  1.016642E-06
200442  1.075755E-05  1.481313E-06
200443 -1.694018E-06  7.599628E-07
200444 -1.443306E-05  1.417759E-06
200445 -7.969160E-06  1.831912E-06
200446  3.991832E-06  8.966465E-07
200447  6.441555E-06  2.582565E-06
200448  2.631855E-06  6.035285E-06
200449  6.499229E-07  4.866087E-06
200450  2.042175E-06 -5.200045E-07
200451  4.489064E-06 -4.697636E-06
200452  5.238858E-06 -6.810713E-06
200453  9.502771E-07 -6.948562E-06
200454 -7.438720E-06 -2.858471E-06
200455 -1.004256E-05  2.435964E-06
200456 -3.025078E-06  2.284886E-06
200457  3.645873E-07 -1.660554E-06
200458 -4.598169E-06 -2.022601E-06
200459 -3.519107E-06  1.220699E-06
200460  4.257367E-06  1.599103E-06
200461  4.548184E-06 -2.358103E-06
200462  2.369689E-07 -5.015750E-06
200463  2.120004E-06 -1.956741E-06
200464  5.715973E-06  2.869388E-06
200465  3.382792E-06  3.337353E-07
200466 -8.728326E-07 -7.329236E-06
200467 -2.247316E-07 -3.241276E-06
200468  2.101785E-06  1.128416E-05
200469 -1.139550E-06  5.770909E-06
200470 -2.537676E-06 -2.123848E-05
200471  1.224342E-05 -1.700683E-05
200472  2.790817E-05  3.606552E-05
200473  5.186244E-06  6.754526E-05
200474 -5.366298E-05  3.174113E-05
200475 -8.756257E-05 -3.419096E-06
200476 -5.680990E-05  2.633837E-05
200477  1.045961E-06  6.431466E-05
200478  2.523437E-05  3.772393E-05
200479  7.769113E-06 -1.401312E-05
200480 -1.011400E-05 -2.031039E-05
200481 -2.584654E-06  2.779324E-06
200482  9.234128E-06  6.425370E-06
200483  4.044817E-06 -2.226787E-06
200484 -1.641014E-06  3.506801E-06
200485  5.546265E-06  1.249680E-05
200486  6.851604E-06  6.335509E-06
200487 -6.296486E-06 -3.924853E-06
200488 -8.671396E-06 -4.897880E-06
200489  1.321848E-05 -3.990114E-06
200490  2.280719E-05 -4.490555E-06
200491 -1.118281E-05  4.097800E-07
200492 -3.303549E-05  2.436987E-08
200493  1.541495E-05 -1.019730E-05
200494  4.237233E-05  1.030426E-06
200495 -3.812386E-05  2.321557E-05
200496 -5.865494E-05 -1.685429E-05
200497  1.080627E-04 -7.009672E-05
200498  1.696699E-04  7.047297E-05
200499 -1.060704E-04  4.214112E-04
200500 -3.330154E-04  6.436967E-04
200501 -1.243812E-04  4.775007E-04
200502  1.842797E-04  1.217573E-04
200503  1.446518E-04 -6.692683E-05
200504 -5.257661E-05 -3.716889E-05
200505 -1.575186E-05  1.670554E-05
200506  4.742908E-05  3.969809E-06
200507 -2.674287E-06 -1.075682E-05
200508 -1.986033E-05 -5.218824E-06
200509  1.843227E-05 -1.179246E-06
200510  1.502123E-05 -3.484812E-06
200511 -1.032328E-05 -3.712342E-06
200512  2.875074E-07 -2.811969E-06
200513  1.614171E-05 -1.253689E-06
200514  3.979837E-06 -4.825568E-07
200515 -8.120044E-06 -3.202523E-06
200516  1.318333E-06 -3.954640E-06
200517  1.129892E-05 -2.214311E-06
200518  3.467410E-06 -2.084042E-06
200519 -9.708844E-06  1.214006E-07
200520 -1.128764E-05  3.162620E-06
200521 -3.365675E-06  1.284340E-06
200522  3.171118E-06 -8.186125E-08
200523  3.356930E-06  3.659359E-06
200524  2.677172E-06  3.486258E-06
200525  5.738829E-06 -4.592742E-06
200526  3.696073E-06 -8.738892E-06
200527 -3.573890E-06 -2.867082E-06
200528 -1.879515E-07  2.581977E-06
200529  7.276781E-06 -3.486095E-08
200530  3.806279E-06 -4.157503E-06
200531  1.323196E-06 -2.101054E-06
200532  2.203335E-06  2.513354E-06
200533 -2.354556E-06  3.493691E-06
200534 -1.197806E-06  7.184412E-07
200535  3.579865E-06 -2.945798E-06
200536 -1.602326E-06 -4.866624E-07
200537 -5.787079E-06  6.873270E-06
200538  5.517510E-07  3.639397E-06
200539  6.744467E-06 -7.657248E-06
200540  6.436700E-06 -3.683573E-06
200541  3.181701E-06  1.071787E-05
200542 -1.341441E-06  3.817977E-06
200543 -3.539329E-06 -2.046897E-05
200544  3.872444E-06 -2.231287E-05
200545  1.837431E-05  5.702041E-06
200546  2.926212E-05  3.218598E-05
200547  3.145060E-05  4.221056E-05
200548  2.436793E-05  3.771169E-05
200549  1.416454E-05  1.130996E-05
200550  1.037389E-05 -2.179239E-05
200551  3.544227E-06 -2.135138E-05
200552 -1.146737E-05  6.225403E-06
200553 -7.887465E-06  1.365250E-05
200554  1.237178E-05 -6.553504E-07
200555  9.166607E-06  1.948460E-07
200556 -1.235816E-05  1.488247E-05
200557 -1.578951E-05  1.243701E-05
200558  3.351246E-07 -5.199763E-06
200559  1.165269E-05 -9.962411E-06
200560  5.912502E-07  2.359498E-06
200561 -1.296829E-05  8.053932E-06
200562  3.525036E-06 -2.215323E-06
200563  1.517949E-05 -7.155289E-06
200564 -1.279261E-05 -1.490650E-06
200565 -8.863647E-06 -2.372338E-06
200566  3.328512E-05  4.086532E-06
200567 -1.326851E-05  1.878711E-05
200568 -7.045672E-05 -1.598723E-05
200569  7.026518E-05 -6.807872E-05
200570  1.928313E-04  3.496470E-05
200571 -2.860968E-05  3.082540E-04
200572 -2.613858E-04  4.694113E-04
200573 -7.843017E-05  3.225752E-04
200574  1.748958E-04  5.279279E-05
200575  8.530957E-05 -6.529737E-05
200576 -7.065338E-05 -2.483569E-05
200577  2.811164E-05  1.366417E-05
200578  1.482873E-05 -3.910306E-06
200579 -2.966887E-05 -4.307646E-06
200580 -2.784199E-07  1.052323E-05
200581  1.470996E-05  7.694281E-06
200582 -1.458182E-05 -1.986206E-06
200583 -1.330783E-05  2.899239E-06
200584  8.746871E-06  6.786737E-06
200585  6.736106E-07  2.668585E-06
200586 -1.348052E-05  1.129475E-06
200587 -2.423982E-06  1.375935E-06
200588  7.429122E-06  4.112320E-06
200589 -4.824537E-07  4.443255E-06
200590 -5.534721E-06 -2.778552E-06
200591  2.911698E-06 -6.450230E-06
200592  1.043464E-05 -4.301365E-06
200593  5.895338E-06 -3.717667E-06
200594 -2.399871E-06 -2.432614E-06
200595 -8.328030E-06  2.178316E-06
200596 -1.016157E-05  4.914312E-06
200597  8.634958E-08  2.722422E-06
200598  1.143617E-05 -1.781727E-07
200599  5.822171E-06 -9.645847E-08
200600 -8.254027E-07  2.281651E-06
200601 -9.756755E-07  3.333452E-06
200602 -6.681664E-06  8.566179E-07
200603 -3.329250E-06  2.327671E-08
200604  2.262111E-06 -9.054826E-07
200605 -5.908122E-06 -2.395595E-06
200606 -3.602350E-06  2.352881E-06
200607  3.767632E-06  1.479277E-06
200608 -1.443520E-06 -5.450223E-06
200609 -2.921233E-06 -1.681725E-06
200610  9.041654E-07  5.110537E-06
200611 -1.237048E-06  4.384450E-07
200612 -6.767187E-06 -6.810808E-06
200613 -8.347752E-06 -9.432245E-07
200614 -5.427994E-06  1.236012E-05
200615 -4.975971E-06  1.252311E-05
200616 -8.839404E-06 -3.830841E-06
200617 -1.154675E-05 -1.798215E-05
200618 -9.515119E-06 -1.976727E-05
200619 -2.975518E-06 -1.804960E-05
200620 -2.089148E-06 -1.947792E-05
200621 -1.166918E-05 -1.966559E-05
200622 -1.014095E-05 -9.386915E-06
200623  4.154511E-06  8.896225E-06
200624  2.707206E-06  1.030324E-05
200625 -1.142530E-06 -5.156630E-06
200626  4.075337E-06 -3.902617E-06
200627 -7.303121E-06  1.140887E-05
200628 -1.452324E-05  9.741472E-06
200629 -1.516034E-06 -5.613218E-06
200630  2.614475E-06 -6.647659E-06
200631  2.584497E-06  4.358976E-06
200632  3.764512E-06  5.817350E-06
200633 -8.962966E-06 -1.277446E-06
200634 -4.555527E-06 -5.291647E-06
200635  2.288993E-05  4.534506E-07
200636  5.142574E-06  5.922948E-06
200637 -3.040499E-05 -3.249617E-06
200638  9.455516E-06 -5.638462E-06
200639  3.507128E-05  1.006362E-05
200640 -4.191679E-05  3.106503E-06
200641 -4.150251E-05 -3.388744E-05
200642  9.903192E-05 -3.779250E-05
200643  1.522200E-04  7.749137E-06
200644  1.143448E-04  2.767562E-05
200645  1.428651E-04 -1.369826E-05
200646  1.112163E-04 -5.480727E-05
200647 -3.128381E-05 -4.018433E-05
200648 -5.408211E-05  2.411522E-06
200649  2.972009E-05  1.014116E-05
200650 -1.921172E-05 -9.431014E-06
200651 -1.255658E-05 -3.751225E-06
200652  1.964723E-05  7.588264E-06
200653  5.384680E-07 -8.062689E-07
200654 -1.064801E-05 -7.462001E-06
200655  8.975227E-06  2.205439E-06
200656  7.956992E-06  2.625599E-06
200657 -7.462812E-06 -5.606777E-06
200658 -2.954677E-06 -1.828717E-06
200659  9.495026E-06  2.071462E-06
200660 -5.311767E-07  1.931298E-06
200661 -1.280572E-05  1.268787E-06
200662 -4.891433E-06 -4.847894E-07
200663  4.944102E-06  2.147802E-06
200664  2.734037E-06  3.994941E-06
200665 -3.290455E-06  1.107778E-06
200666  5.032620E-07 -2.761522E-06
200667  7.934011E-06 -5.527383E-06
200668  3.610741E-06 -3.375399E-06
200669 -4.806710E-06  3.341215E-06
200670 -5.379576E-06  6.058592E-06
200671 -7.702009E-06  3.910583E-07
200672 -5.755393E-06 -3.528868E-06
200673  2.960801E-06  4.807155E-07
200674 -2.452296E-06  3.402735E-07
200675 -2.148823E-06  7.706310E-07
200676  6.521425E-06  3.378788E-07
200677  1.945492E-06 -4.969889E-06
200678  2.913303E-06  2.205058E-06
200679  1.773421E-06  4.200114E-06
200680 -9.120324E-07 -1.717245E-06
200681  6.440543E-06 -1.394296E-06
200682  2.621989E-06 -2.781552E-07
200683 -4.146593E-06  2.808950E-06
200684  1.338364E-06  2.296601E-06
200685  6.980921E-06 -5.369476E-06
200686  7.247171E-06 -5.990222E-06
200687  6.570128E-06  5.508456E-06
200688  7.283093E-06  1.357943E-05
200689  6.599207E-06  1.016339E-05
200690 -1.095369E-06  1.791468E-06
200691 -4.975052E-06 -5.060131E-06
200692  4.964064E-06 -2.407883E-06
200693  6.353738E-06  8.266408E-06
200694 -6.118955E-06  1.125673E-05
200695 -3.383336E-06  7.713411E-06
200696  3.109158E-06 -1.795158E-06
200697  2.228772E-06 -9.428519E-06
200698 -1.121815E-07  1.549706E-07
200699 -1.485596E-05  3.272771E-06
200700 -7.403602E-06 -5.817525E-06
200701  1.583012E-05 -6.361031E-06
200702  1.987160E-06  3.249918E-06
200703 -1.497557E-05  6.369746E-06
200704  2.809365E-06 -1.447036E-06
200705  1.181351E-05 -4.456784E-06
200706 -6.520202E-06 -9.243143E-07
200707 -4.025360E-06  6.362220E-06
200708  1.282512E-05  8.598316E-06
200709 -5.465208E-06 -5.596941E-06
200710 -1.243714E-05 -1.117760E-05
200711  2.720574E-05  5.804908E-06
200712  1.329108E-05  1.701674E-05
200713 -5.524928E-05  2.002021E-06
200714 -4.380558E-05 -2.401168E-05
200715  3.230204E-05 -3.968619E-05
200716  6.696925E-05 -4.240093E-05
200717  3.591869E-05 -3.182486E-05
200718 -3.745712E-05 -1.316274E-05
200719 -5.879844E-05  7.777250E-06
200720  9.142541E-06  2.198021E-05
200721  2.944726E-08 -8.153944E-06
200722 -1.485875E-05 -7.659004E-06
200723  1.506102E-05  4.349782E-06
200724  1.053346E-05 -3.205338E-06
200725 -1.140578E-05 -9.577619E-06
200726  4.862768E-06 -1.357335E-06
200727  1.208558E-05  2.536664E-06
200728 -5.194524E-06 -4.456947E-06
200729 -1.492170E-06 -6.569201E-06
200730  7.234169E-06  1.059005E-06
200731  4.765243E-06 -1.826147E-06
200732 -3.103461E-06 -7.128148E-06
200733  2.147529E-06 -4.638039E-06
200734  1.138529E-05 -1.788741E-07
200735  2.888633E-06  3.234617E-06
200736 -8.180324E-06  1.742739E-06
200737 -8.341402E-06  2.055846E-06
200738 -1.690245E-06  4.053346E-06
200739  5.043864E-06  3.849411E-07
200740  6.892962E-06 -3.240777E-06
200741  4.259156E-07 -2.509619E-06
200742 -4.357459E-06 -1.450407E-06
200743 -7.076181E-06 -3.547824E-06
200744 -6.147210E-06 -4.915892E-06
200745  6.568833E-06  1.578474E-06
200746  5.989257E-06 -1.516156E-07
200747 -1.516189E-06  6.339738E-07
200748 -1.016599E-06  5.262396E-06
200749 -2.429023E-06 -2.384106E-06
200750  4.153936E-06  1.316138E-06
200751 -2.027786E-06 -1.098849E-06
200752 -7.472251E-06  1.407078E-06
200753  2.616316E-06  4.604803E-06
200754  2.101247E-07 -5.426644E-06
200755 -2.437560E-06 -1.274902E-06
200756  3.580623E-06  8.459935E-06
200757  5.650302E-06  4.766360E-06
200758  3.619910E-06 -6.740471E-06
200759  1.125837E-06 -1.130341E-05
200760  3.736967E-07 -5.688068E-06
200761  5.359039E-06  4.486600E-06
200762  6.324403E-06  1.163768E-05
200763 -3.059920E-06  9.998405E-06
200764 -3.287908E-06  7.322923E-06
200765  6.147816E-06  1.050459E-05
200766  1.172267E-06 -1.121070E-06
200767  5.427809E-07 -9.718421E-06
200768  2.159699E-06 -1.669944E-06
200769 -4.575460E-06  6.418245E-07
200770  2.556442E-06  2.057209E-06
200771  3.187858E-06 -8.455536E-06
200772  3.569780E-06 -9.454073E-06
200773  5.579503E-06  5.005529E-06
200774 -4.296628E-06  6.971496E-06
200775 -6.109094E-06 -3.777616E-06
200776  2.331950E-06 -6.861326E-06
200777  8.364283E-06  3.931439E-06
200778 -3.857056E-06  4.308837E-06
200779 -1.612387E-05 -1.076852E-06
200780  7.344351E-06  4.165156E-06
200781  1.917114E-05  3.530676E-06
200782 -1.695803E-05 -4.689177E-06
200783 -1.514946E-05 -4.563820E-06
200784  2.807652E-05  9.461257E-06
200785  1.683793E-05  1.171739E-05
200786 -3.329621E-05 -4.441329E-06
200787 -5.632035E-05 -7.865378E-06
200788 -5.897005E-05  5.901262E-07
200789 -6.153394E-05  5.201827E-06
200790 -4.364979E-05  6.617791E-06
200791  8.423877E-06  1.117234E-05
200792  3.558278E-05  8.352315E-06
200793 -1.908940E-05 -1.923931E-05
200794 -4.777664E-07  4.595532E-06
200795  8.749342E-06  1.466797E-05
200796 -1.111934E-05 -5.727015E-06
200797 -1.080416E-05 -1.342877E-06
200798  4.539968E-06  1.158069E-05
200799 -3.582969E-06  2.243515E-06
200800 -1.284861E-05 -2.034922E-06
200801  3.040792E-06  5.572819E-06
200802 -1.058801E-06  6.651284E-06
200803 -8.193296E-06 -1.909431E-06
200804 -4.413972E-06 -2.300630E-06
200805  5.139593E-06  1.271227E-06
200806  8.690400E-06  1.512162E-07
200807  1.326736E-06 -2.680745E-06
200808  1.438241E-06 -6.065074E-06
200809  4.516868E-06 -1.484422E-06
200810 -1.168986E-06  5.426215E-06
200811 -9.256489E-06  4.404456E-06
200812 -4.484323E-06  1.016351E-06
200813  2.596693E-06 -2.790949E-06
200814  6.388479E-06 -5.374088E-06
200815  6.899264E-06 -2.241539E-06
200816 -2.994102E-06 -1.735579E-06
200817 -3.268989E-06  2.499147E-06
200818  1.103246E-06 -1.674861E-06
200819 -6.234227E-07 -3.189426E-06
200820 -2.080363E-06  4.458114E-06
200821 -6.699078E-06 -3.211266E-06
200822  1.237264E-06  5.998527E-07
200823  2.227485E-06 -6.529456E-06
200824 -3.089897E-06  1.441984E-06
200825 -1.173215E-06  4.075008E-06
200826 -1.591235E-06 -6.578831E-06
200827  2.430196E-06 -7.141015E-07
200828  7.838492E-07  9.154438E-07
200829 -7.723863E-06  1.020109E-07
200830 -1.000090E-05 -6.690680E-07
200831 -6.352819E-06 -5.412726E-06
200832 -7.265664E-06 -1.144775E-05
200833 -6.456176E-06 -1.068091E-05
200834  1.405136E-06 -2.069453E-06
200835 -4.360273E-07  2.276112E-06
200836 -9.266249E-06 -6.319898E-06
200837 -1.319357E-06 -3.757201E-06
200838  3.997306E-06 -5.187243E-06
200839  4.485827E-06 -7.502152E-06
200840  9.281205E-07  4.501879E-06
200841 -7.260837E-06 -8.183194E-07
200842  9.269304E-06  7.204912E-07
200843  1.624676E-05 -3.637534E-06
200844  3.332294E-06 -1.427993E-06
200845 -9.556621E-06  5.220714E-06
200846 -3.779752E-06  1.409293E-06
200847  1.157191E-05 -3.593472E-06
200848 -1.491359E-06 -4.216774E-06
200849 -8.399571E-06  4.491720E-06
200850  5.183077E-06  4.311797E-06
200851 -2.050002E-06 -4.786410E-06
200852 -7.369075E-06 -1.841706E-06
200853  9.250503E-06  9.385161E-06
200854 -1.757001E-06  6.542453E-06
200855 -1.777638E-05 -1.201357E-05
200856  3.472335E-06 -7.881842E-06
200857  2.981402E-05  9.449152E-06
200858  1.907241E-05  1.121327E-05
200859 -9.739600E-06  1.130955E-05
200860 -1.931244E-05  8.352644E-06
200861 -4.346344E-06  2.019909E-06
200862  2.322990E-05  1.987835E-06
200863  3.321301E-05  2.213995E-06
200864  5.057071E-06 -1.102607E-05
200865 -1.142249E-05 -8.698819E-06
200866  7.665195E-06  1.174668E-05
200867 -2.457848E-06  7.769414E-06
200868 -9.799360E-06 -5.887738E-06
200869  3.643421E-06  7.450162E-06
200870  1.921670E-06  8.509892E-06
200871 -4.245907E-06 -4.725052E-06
200872 -2.891573E-06  1.526955E-06
200873  7.031465E-06  8.997524E-06
200874 -4.350532E-06  1.616000E-06
200875 -4.875888E-06 -7.376017E-07
200876 -1.768737E-06  6.939505E-06
200877 -3.661086E-06  5.690978E-06
200878 -4.854210E-06 -5.567172E-07
200879 -3.964064E-06 -1.633031E-06
200880  4.946929E-06 -2.743347E-06
200881  8.851732E-06 -2.056048E-06
200882  3.908370E-06 -6.376636E-07
200883 -5.257074E-06 -3.592921E-07
200884 -5.900173E-06  2.657385E-06
200885 -2.559391E-06  2.727235E-06
200886  1.422562E-06 -2.174585E-06
200887  9.850083E-06  3.472873E-07
200888  2.942827E-06 -1.377368E-06
200889 -7.389259E-06  1.157151E-07
200890 -4.629966E-06 -1.122610E-06
200891  7.779306E-07 -5.159721E-06
200892  5.242456E-06  2.494059E-06
200893 -1.914075E-06 -3.350022E-06
200894 -2.935108E-06  3.643584E-06
200895  4.549042E-06 -5.904889E-06
200896  4.532845E-06  3.127608E-06
200897  1.032760E-06  9.095590E-07
200898 -3.721053E-06 -2.091278E-06
200899  2.274396E-06  5.022020E-06
200900  4.441995E-06 -7.197521E-06
200901 -3.857005E-06 -8.290507E-06
200902 -1.058079E-05  2.497542E-06
200903 -6.172691E-06  9.324837E-06
200904 -2.704163E-06  3.842764E-06
200905 -4.584276E-06 -6.637288E-06
200906  1.979142E-06 -8.213226E-06
200907  8.802600E-06  9.944642E-07
200908  1.729356E-06 -7.030865E-06
200909  1.910189E-06 -6.173431E-06
200910  9.254979E-07  3.236733E-06
200911 -2.437349E-06  6.204012E-07
200912 -2.488352E-06  6.479822E-06
200913 -1.046967E-06 -6.560489E-06
200914  1.222650E-05  1.671886E-06
200915  7.651881E-06  4.635456E-06
200916 -5.423309E-06  4.021055E-06
200917 -6.957292E-06 -1.301933E-06
200918  2.816094E-06 -4.186092E-06
200919  1.094279E-05  3.790308E-06
200920 -6.456063E-06  9.989087E-07
200921 -1.030297E-05 -2.443835E-06
200922  1.082581E-05  1.301186E-06
200923  7.277011E-06  1.198973E-06
200924 -1.422712E-05 -4.300963E-06
200925 -5.826513E-06  2.017178E-06
200926  1.047901E-05  1.109782E-05
200927  4.353521E-06 -4.435406E-06
200928 -1.472660E-05 -1.545730E-05
200929 -3.914460E-06 -1.984903E-06
200930  1.732118E-05  1.355632E-05
200931  2.557854E-05  1.797499E-05
200932  3.225228E-05  9.508016E-06
200933  3.465830E-05  4.779321E-06
200934  2.571778E-05  5.893424E-06
200935  1.357537E-06 -1.047940E-06
200936 -2.012810E-05 -1.296019E-05
200937  1.743193E-06  6.707451E-06
200938  9.708889E-06  6.466195E-06
200939  6.537294E-07 -5.998612E-06
200940  2.647891E-06 -4.160492E-06
200941  1.277026E-05  8.064294E-06
200942  1.642920E-06 -4.368532E-06
200943  4.149842E-06 -8.603990E-06
200944  6.127765E-06  2.613973E-06
200945  8.001771E-06  1.216471E-06
200946  7.047096E-07 -7.167967E-06
200947  5.917927E-06  2.490046E-07
200948  3.124839E-06  7.960060E-06
200949 -3.977332E-06  1.479764E-06
200950 -5.771970E-06 -1.971782E-06
200951 -6.263424E-06  3.348692E-06
200952 -2.319937E-06  4.376747E-06
200953 -3.445564E-07 -8.710546E-07
200954  4.759317E-06 -5.160265E-06
200955  6.356436E-06 -3.855561E-06
200956  1.828625E-06  2.153804E-06
200957 -5.225889E-06  5.618621E-06
200958 -9.121205E-06 -1.917198E-07
200959  2.161767E-06 -1.183822E-07
200960  6.526480E-06 -2.331082E-06
200961 -1.950847E-06 -1.077095E-06
200962 -4.011246E-06  3.437308E-06
200963 -7.798063E-07 -3.492379E-06
200964  6.659977E-06  1.822317E-06
200965  3.818968E-06 -1.857312E-06
200966 -5.465490E-06  6.818155E-06
200967  9.130328E-07 -4.399325E-06
200968  3.531175E-06  3.744230E-06
200969  4.492641E-06 -1.420349E-06
200970 -5.820172E-06  2.560951E-06
200971 -3.904486E-06  6.568480E-06
200972  6.211729E-06 -7.753426E-06
200973  6.090282E-06 -4.458179E-06
200974 -3.342903E-06  5.738862E-06
200975 -4.381525E-06  1.521066E-05
200976  5.352535E-07  1.539054E-05
200977 -7.244231E-07  3.974910E-06
200978  1.482616E-06 -7.326906E-06
200979  8.861264E-06  2.857355E-06
200980  5.624783E-06  1.009846E-06
200981  3.916605E-06 -3.280373E-06
200982 -3.632780E-06  6.825601E-06
200983 -6.924262E-06  8.889972E-07
200984 -2.881107E-06  6.103337E-06
200985  3.941862E-06 -6.341654E-06
200986  6.511616E-06  3.455070E-06
200987 -6.392480E-06  3.499884E-06
200988 -9.156273E-06  3.107228E-06
200989  4.592700E-06 -2.373780E-06
200990  5.933713E-06 -5.377750E-06
200991 -1.574045E-06  5.480778E-06
200992 -6.702242E-06  3.845104E-06
200993  6.418469E-07 -5.310441E-06
200994  7.572206E-06 -2.299037E-06
200995  2.030637E-06  6.104210E-06
200996 -7.972673E-06 -1.173895E-06
200997 -4.264138E-06 -7.001135E-06
200998  8.654710E-06  5.395867E-06
200999  1.154248E-05  7.481727E-06
201000 -1.390836E-05 -8.303797E-06
201001 -1.694830E-05 -1.152575E-05
201002 -4.984355E-07 -4.110454E-07
201003  1.686691E-05  6.740708E-06
201004  2.528664E-05  4.109078E-06
201005  1.348370E-05  4.798311E-06
201006 -6.294185E-06  3.187963E-06
201007 -1.968235E-05 -4.236536E-06
201008 -1.549829E-05 -2.431214E-06
201009  5.935144E-06  1.171638E-05
201010  8.586498E-06 -3.457762E-06
201011  7.308088E-06 -1.077230E-05
201012  6.246354E-06 -6.554112E-07
201013  1.031440E-05  4.102783E-06
201014  5.935389E-07 -1.249307E-05
201015  5.948149E-06 -5.522842E-06
201016  4.508237E-06  1.916816E-06
201017  5.175873E-06 -6.672740E-06
201018  3.507586E-06 -1.006586E-05
201019  9.251538E-06  1.259263E-06
201020  5.345892E-06  2.956883E-06
201021  3.012886E-06 -3.622707E-06
201022  2.760428E-06 -1.184377E-06
201023 -3.041763E-06  5.860475E-06
201024 -7.203335E-06  6.270834E-06
201025 -8.872063E-06 -8.236208E-07
201026  6.433643E-07 -5.306415E-06
201027  9.796183E-06 -2.697306E-06
201028  7.099413E-06  1.129962E-06
201029 -1.956829E-06  4.449774E-06
201030 -1.154259E-05 -8.146846E-07
201031 -4.881201E-06 -1.844278E-06
201032  4.572806E-06 -2.182134E-06
201033  3.081326E-06 -6.681757E-07
201034 -1.123407E-06  7.790085E-06
201035 -3.278839E-06 -1.749393E-06
201036  1.242136E-06  3.190598E-07
201037  5.917922E-06 -1.167934E-06
201038 -4.476581E-06  7.336277E-06
201039 -2.049090E-06 -4.543373E-06
201040 -2.545160E-06  1.568271E-06
201041  6.841284E-06 -2.514261E-06
201042 -5.345979E-06  3.946345E-06
201043 -7.983215E-06  2.215622E-06
201044  1.879515E-06 -5.033569E-06
201045  7.391349E-06  3.758675E-06
201046  1.950231E-06  6.867568E-06
201047 -2.311189E-06  1.075922E-05
201048 -2.788640E-07  1.420575E-05
201049 -2.089162E-06  8.669533E-06
201050 -2.611787E-06 -6.433460E-06
201051  1.806843E-06 -4.173829E-08
201052 -1.562487E-06  3.931730E-06
201053  1.340422E-06 -3.290075E-06
201054 -5.000517E-06  4.166695E-06
201055 -2.660981E-06 -2.008100E-06
201056 -1.881838E-07  6.080942E-06
201057  3.087596E-06 -3.870503E-06
201058 -3.136152E-06  2.477817E-06
201059 -1.140105E-05 -2.714995E-06
201060 -5.055701E-06  7.357607E-07
201061  1.082664E-05  1.582585E-06
201062  3.312378E-06 -4.240511E-06
201063 -9.829191E-06  1.174275E-06
201064 -2.613747E-06  4.443127E-06
201065  9.297342E-06 -2.146455E-06
201066  5.439546E-07 -5.400134E-06
201067 -5.707078E-06  4.735906E-06
201068  1.674910E-06  5.000505E-06
201069  4.981251E-06 -7.837314E-06
201070  1.786917E-06 -4.299831E-06
201071  3.785213E-06  1.115958E-05
201072 -7.554448E-06  3.218773E-06
201073 -6.704425E-06 -9.647826E-06
201074 -4.143394E-06 -1.273536E-05
201075  2.814213E-06 -9.352855E-06
201076  2.692880E-06 -7.705495E-06
201077 -1.126966E-05 -4.110277E-06
201078 -1.866199E-05 -4.694445E-06
201079 -1.321449E-05 -3.935228E-06
201080 -1.751717E-06  8.468028E-06
201081  4.911775E-06  7.898935E-06
201082  7.561540E-06 -1.027648E-05
201083  8.292135E-06 -7.128942E-06
201084  1.356070E-06  1.091682E-06
201085  4.306785E-06 -2.369730E-07
201086 -1.219989E-06 -1.351542E-05
201087  1.057422E-06 -1.192591E-06
201088 -1.257884E-06 -1.306882E-07
201089  1.792474E-06 -9.807236E-06
201090  1.483181E-06 -8.321712E-06
201091  5.675581E-06  1.290029E-06
201092  5.179097E-06 -2.124966E-06
201093  8.597105E-06 -4.565144E-06
201094  9.161077E-06  1.794808E-06
201095  1.762262E-06  5.906876E-06
201096 -5.798984E-06  4.434652E-06
201097 -1.078706E-05 -1.553552E-06
201098 -3.963336E-06 -3.917866E-06
201099  5.818022E-06 -6.322049E-07
201100  7.409258E-06  1.115071E-07
201101  3.272504E-06  2.714146E-06
201102 -7.345675E-06 -1.206285E-06
201103 -7.389106E-06 -2.862894E-06
201104 -1.831501E-07 -1.960889E-06
201105  4.452374E-06 -7.785221E-07
201106  7.123894E-07  9.077363E-06
201107 -4.008225E-06 -1.257703E-06
201108 -4.281915E-06 -2.156480E-06
201109  5.973109E-06 -1.304938E-06
201110 -1.650712E-06  6.355817E-06
201111 -1.752514E-06 -4.503308E-06
201112 -7.318769E-06 -1.447692E-06
201113  8.177416E-06 -2.070660E-06
201114 -2.801949E-06  3.265782E-06
201115 -6.797943E-06 -2.757699E-06
201116 -4.248116E-06 -3.327309E-06
201117  3.037080E-06  7.382943E-06
201118  4.964466E-06  5.024064E-06
201119  1.105943E-06  3.348526E-06
201120 -1.020733E-06  7.251099E-06
201121 -5.562036E-06  7.751661E-06
201122 -6.785005E-06 -6.144167E-06
201123 -3.053799E-06 -4.198423E-06
201124 -9.442246E-06  1.467740E-06
201125 -1.452556E-06 -4.933698E-06
201126 -4.155541E-06  6.867689E-07
201127  4.191820E-06 -2.768407E-06
201128  2.437070E-06  6.106544E-06
201129  7.282704E-07 -3.279792E-06
201130 -1.002918E-05 -9.936487E-07
201131 -8.528687E-06 -6.783194E-06
201132  1.227596E-06  1.930902E-07
201133  9.929125E-06  5.148947E-06
201134 -1.190228E-06 -3.380816E-06
201135 -1.019963E-05 -3.300205E-06
201136  1.872642E-06  4.459273E-06
201137  1.058994E-05  2.210910E-06
201138 -4.503665E-06 -7.476733E-06
201139 -8.153125E-06  6.594667E-07
201140  6.664785E-06  1.031999E-05
201141  1.004045E-05 -2.763469E-06
201142 -1.565352E-06 -1.105784E-05
201143 -4.034610E-06  7.560740E-06
201144 -4.459526E-06  1.000109E-05
201145  3.845564E-06 -1.239179E-06
201146  1.501104E-07 -1.504871E-05
201147 -1.179710E-06 -1.689584E-05
201148 -7.251235E-06 -1.616753E-05
201149 -1.639661E-05 -1.144062E-05
201150 -1.162524E-05 -6.859838E-06
201151 -3.945430E-07  1.595806E-06
201152  5.214458E-06  1.408743E-05
201153  4.713858E-06  2.801919E-06
201154  8.528420E-06 -1.223630E-05
201155  4.640423E-06 -2.516480E-06
201156 -4.177673E-06 -3.550614E-07
201157  8.737685E-07 -3.034717E-06
201158 -2.537159E-06 -1.170207E-05
201159 -4.583784E-06  9.159069E-08
201160 -4.921347E-06 -2.607602E-06
201161 -4.456161E-08 -9.682700E-06
201162 -1.882923E-06 -6.593196E-06
201163  1.506376E-06  7.180962E-08
201164  5.219007E-06 -4.730951E-06
201165  1.033402E-05 -2.605291E-06
201166  1.019571E-05  4.834364E-06
201167  5.060786E-06  5.757774E-06
201168 -2.047614E-06  2.812735E-06
201169 -9.120628E-06 -2.146142E-06
201170 -6.799382E-06 -3.293898E-06
201171  7.138394E-07 -2.059491E-07
201172  6.017253E-06 -5.948171E-07
201173  7.156277E-06  2.492346E-06
201174 -2.665733E-06 -3.855194E-07
201175 -7.311497E-06 -3.194309E-06
201176 -3.986899E-06 -2.768246E-06
201177  4.936672E-06 -1.436685E-06
201178  1.365938E-06  8.090605E-06
201179 -3.521470E-06 -1.255730E-06
201180 -6.820517E-06 -4.398442E-06
201181  6.070959E-06 -1.045457E-06
201182  7.434753E-07  5.293323E-06
201183 -5.945782E-07 -3.428512E-06
201184 -9.171280E-06 -3.682702E-06
201185  8.918261E-06 -1.537535E-07
201186 -1.626161E-07  2.206031E-06
201187 -3.493633E-06 -4.974111E-06
201188 -8.618281E-06 -3.255843E-06
201189 -1.239076E-07  7.010308E-06
201190  7.948015E-06  2.804733E-06
201191  4.943421E-06 -1.953769E-06
201192 -9.711775E-07  1.294373E-06
201193 -8.915306E-06  5.055846E-06
201194 -9.675440E-06 -5.761392E-06
201195 -4.250287E-06 -5.138236E-06
201196 -1.356235E-05 -1.728316E-06
201197 -3.187412E-06 -5.587044E-06
201198 -3.916062E-06 -1.726982E-06
201199  8.101173E-06 -1.753537E-06
201200  4.063444E-06  5.420390E-06
201201  1.072299E-06 -3.556418E-06
201202 -1.206668E-05 -4.580301E-06
201203 -4.241424E-06 -7.265397E-06
201204  5.388299E-06  1.216422E-06
201205  6.703708E-06  6.365370E-06
201206 -4.402437E-06 -3.487884E-06
201207 -7.200003E-06 -5.298036E-06
201208  4.466492E-06  4.691301E-06
201209  8.038651E-06  4.697049E-06
201210 -6.174070E-06 -8.560226E-06
201211 -6.658493E-06 -2.308189E-06
201212  6.307261E-06  1.291849E-05
201213  9.280289E-06  2.411364E-06
201214 -7.099144E-07 -1.294979E-05
201215 -6.753988E-06  2.887367E-06
201216 -4.774352E-06  1.089576E-05
201217  6.413297E-06  5.543181E-06
201218  3.805515E-06 -1.191187E-05
201219  3.503134E-07 -1.597028E-05
201220 -6.491687E-06 -1.814220E-05
201221 -1.131184E-05 -1.252856E-05
201222 -2.971293E-06 -2.785026E-06
201223  5.017559E-06  8.057037E-06
201224  5.131017E-06  1.486688E-05
