Mesh2HRTF 0.1.2
    1
    1  1225
200000  3.600185E-06  1.155336E-05
200001  5.550957E-06 -2.709742E-06
200002  8.271969E-06  1.930076E-06
200003  1.072268E-05  6.074182E-06
200004  1.269425E-05  9.462490E-06
200005  1.401814E-05  1.191640E-05
200006  1.459140E-05  1.335632E-05
200007  1.438884E-05  1.380257E-05
200008  1.346082E-05  1.336079E-05
200009  1.191887E-05  1.219649E-05
200010  9.913725E-06  1.050488E-05
200011  7.610891E-06  8.482544E-06
200012  5.168705E-06  6.305544E-06
200013  2.721953E-06  4.116643E-06
200014  3.726370E-07  2.021325E-06
200015 -1.812210E-06  9.073830E-08
200016 -3.796903E-06 -1.631494E-06
200017 -5.569534E-06 -3.121548E-06
200018 -7.132524E-06 -4.369035E-06
200019 -8.493270E-06 -5.373025E-06
200020 -9.656450E-06 -6.140561E-06
200021 -1.061919E-05 -6.686729E-06
200022 -1.136958E-05 -7.035129E-06
200023 -1.188847E-05 -7.217574E-06
200024 -1.215379E-05 -7.272207E-06
200025 -1.214617E-05 -7.239827E-06
200026 -1.185437E-05 -7.158720E-06
200027 -1.127901E-05 -7.058784E-06
200028 -1.043373E-05 -6.955959E-06
200029 -9.343279E-06 -6.848078E-06
200030 -8.039316E-06 -6.713032E-06
200031 -6.555041E-06 -6.509923E-06
200032 -4.920441E-06 -6.183442E-06
200033 -3.159745E-06 -5.671325E-06
200034 -1.292251E-06 -4.914296E-06
200035  6.632666E-07 -3.867526E-06
200036  2.681298E-06 -2.512242E-06
200037  4.721194E-06 -8.658070E-07
200038  6.719907E-06  1.011621E-06
200039  8.588363E-06  3.015722E-06
200040  1.021349E-05  5.003396E-06
200041  1.146702E-05  6.805514E-06
200042  1.222054E-05  8.246253E-06
200043  1.236481E-05  9.166676E-06
200044  1.182960E-05  9.448697E-06
200045  1.059955E-05  9.034687E-06
200046  8.722001E-06  7.938205E-06
200047  6.304123E-06  6.242773E-06
200048  3.499402E-06  4.088143E-06
200049  4.863093E-07  1.646471E-06
200050 -2.555795E-06 -9.066292E-07
200051 -5.467799E-06 -3.419882E-06
200052 -8.124484E-06 -5.787042E-06
200053 -1.043877E-05 -7.956559E-06
200054 -1.235779E-05 -9.929147E-06
200055 -1.385443E-05 -1.174517E-05
200056 -1.491893E-05 -1.346585E-05
200057 -1.555394E-05 -1.515308E-05
200058 -1.577438E-05 -1.685193E-05
200059 -1.561048E-05 -1.857843E-05
200060 -1.511085E-05 -2.031338E-05
200061 -1.434199E-05 -2.200152E-05
200062 -1.338170E-05 -2.355455E-05
200063 -1.230652E-05 -2.485697E-05
200064 -1.117570E-05 -2.577399E-05
200065 -1.001620E-05 -2.616198E-05
200066 -8.813866E-06 -2.588209E-05
200067 -7.514873E-06 -2.481740E-05
200068 -6.038969E-06 -2.289281E-05
200069 -4.302799E-06 -2.009512E-05
200070 -2.248223E-06 -1.648924E-05
200071  1.315108E-07 -1.222564E-05
200072  2.775050E-06 -7.535202E-06
200073 -1.650248E-05 -4.167033E-06
200074 -1.044985E-05  4.057027E-06
200075 -3.751809E-06  1.112548E-05
200076  1.488740E-06  1.508605E-05
200077  3.997665E-06  1.506897E-05
200078  3.582862E-06  1.144988E-05
200079  9.505805E-07  5.574320E-06
200080 -2.741724E-06 -7.902239E-07
200081 -6.355452E-06 -6.039733E-06
200082 -9.082863E-06 -9.157508E-06
200083 -1.054228E-05 -9.876506E-06
200084 -1.070560E-05 -8.588178E-06
200085 -9.755128E-06 -6.083376E-06
200086 -7.954479E-06 -3.241628E-06
200087 -5.573902E-06 -7.720728E-07
200088 -2.868015E-06  9.323071E-07
200089 -8.125321E-08  1.815546E-06
200090  2.545074E-06  2.082760E-06
200091  4.779855E-06  2.074521E-06
200092  6.426780E-06  2.137363E-06
200093  7.360784E-06  2.522842E-06
200094  7.565108E-06  3.331584E-06
200095  7.154257E-06  4.505271E-06
200096  6.366980E-06  5.859436E-06
200097  5.517752E-06  7.142449E-06
200098  4.909011E-06  8.102122E-06
200099  4.727459E-06  8.542209E-06
200100  4.965436E-06  8.356844E-06
200101  5.408136E-06  7.537985E-06
200102  5.701474E-06  6.158950E-06
200103  5.477094E-06  4.341487E-06
200104  4.481673E-06  2.220084E-06
200105  2.659168E-06 -8.020080E-08
200106  1.640212E-07 -2.438792E-06
200107 -2.680513E-06 -4.706223E-06
200108 -5.447046E-06 -6.659561E-06
200109 -7.669084E-06 -7.979496E-06
200110 -8.907584E-06 -8.283694E-06
200111 -8.835809E-06 -7.233383E-06
200112 -7.350577E-06 -4.696238E-06
200113 -4.686079E-06 -9.100817E-07
200114 -1.470039E-06  3.434161E-06
200115  1.351349E-06  7.267175E-06
200116  2.760788E-06  9.404317E-06
200117  2.050723E-06  8.946341E-06
200118 -7.983047E-07  5.681319E-06
200119 -4.935388E-06  3.080978E-07
200120 -8.809335E-06 -5.659212E-06
200121 -1.070205E-05 -1.032262E-05
200122 -9.439601E-06 -1.202635E-05
200123 -4.958059E-06 -9.927712E-06
200124  1.576001E-06 -4.271279E-06
200125  8.192165E-06  3.742799E-06
200126  1.291524E-05  1.241980E-05
200127  1.456670E-05  2.014591E-05
200128  1.320131E-05  2.584317E-05
200129  1.000713E-05  2.916038E-05
200130  6.763102E-06  3.039220E-05
200131  5.133701E-06  3.021931E-05
200132  6.099393E-06  2.939231E-05
200133  9.699248E-06  2.845561E-05
200134  1.509300E-05  2.756632E-05
200135  2.083477E-05  2.643852E-05
200136  2.523473E-05  2.443566E-05
200137  2.674030E-05  2.081969E-05
200138  2.432010E-05  1.511868E-05
200139  1.781793E-05  7.498863E-06
200140  8.168734E-06 -1.034943E-06
200141 -2.682928E-06 -8.770662E-06
200142 -1.225761E-05 -1.378740E-05
200143 -1.831724E-05 -1.466586E-05
200144 -1.964964E-05 -1.110849E-05
200145 -5.674650E-06 -1.213576E-05
200146  6.052656E-06  6.970310E-07
200147  1.515640E-05  1.016976E-05
200148  1.697875E-05  1.197322E-05
200149  1.192272E-05  6.601270E-06
200150  4.143835E-06 -2.033507E-06
200151 -1.668091E-06 -9.372664E-06
200152 -3.001269E-06 -1.245774E-05
200153 -3.065532E-07 -1.071546E-05
200154  4.036130E-06 -5.495441E-06
200155  7.466953E-06  9.231340E-07
200156  8.545439E-06  6.290032E-06
200157  7.250848E-06  9.073433E-06
200158  4.474687E-06  8.808059E-06
200159  1.281926E-06  6.054163E-06
200160 -1.576855E-06  1.998431E-06
200161 -3.764806E-06 -2.107308E-06
200162 -5.207680E-06 -5.381103E-06
200163 -5.901918E-06 -7.436094E-06
200164 -5.830818E-06 -8.244104E-06
200165 -5.041378E-06 -7.947876E-06
200166 -3.815180E-06 -6.794142E-06
200167 -2.741575E-06 -5.176713E-06
200168 -2.496274E-06 -3.638379E-06
200169 -3.361531E-06 -2.723406E-06
200170 -4.860963E-06 -2.745464E-06
200171 -5.942595E-06 -3.640917E-06
200172 -5.715627E-06 -4.998536E-06
200173 -4.164507E-06 -6.202278E-06
200174 -2.168124E-06 -6.586336E-06
200175 -7.532768E-07 -5.597423E-06
200176 -2.448305E-07 -3.010902E-06
200177 -7.418826E-08  8.531335E-07
200178  6.252201E-07  5.086474E-06
200179  2.205127E-06  8.437998E-06
200180  4.149245E-06  9.759067E-06
200181  5.395995E-06  8.432148E-06
200182  5.050625E-06  4.631426E-06
200183  3.034974E-06 -6.090593E-07
200184  3.382443E-07 -5.537817E-06
200185 -1.296797E-06 -8.138917E-06
200186 -2.448321E-07 -6.951571E-06
200187  3.855769E-06 -2.023946E-06
200188  9.317209E-06  4.585219E-06
200189  1.274759E-05  9.385696E-06
200190  1.084147E-05  9.219024E-06
200191  2.881451E-06  3.396712E-06
200192 -7.768527E-06 -5.249830E-06
200193 -1.480957E-05 -1.154462E-05
200194 -1.280268E-05 -1.107915E-05
200195 -1.352085E-06 -3.338445E-06
200196  1.356517E-05  7.499461E-06
200197  2.271727E-05  1.493943E-05
200198  1.938288E-05  1.414943E-05
200199  3.650731E-06  4.680834E-06
200200 -1.784728E-05 -9.876772E-06
200201 -3.629902E-05 -2.463343E-05
200202 -4.578595E-05 -3.619879E-05
200203 -4.580924E-05 -4.367061E-05
200204 -4.039237E-05 -4.769287E-05
200205 -3.497052E-05 -4.877581E-05
200206 -3.287520E-05 -4.618714E-05
200207 -3.314244E-05 -3.817099E-05
200208 -3.115648E-05 -2.356358E-05
200209 -2.238824E-05 -3.973109E-06
200210 -6.927640E-06  1.522288E-05
200211  9.125138E-06  2.665606E-05
200212  1.743064E-05  2.518917E-05
200213  1.379438E-05  1.179587E-05
200214  1.792475E-06 -6.169910E-06
200215 -9.624852E-06 -1.908811E-05
200216 -1.260666E-05 -2.083914E-05
200217 -7.315120E-06  1.562266E-06
200218  5.444362E-06  1.349246E-05
200219  8.057898E-06  1.322190E-05
200220 -8.405830E-08  3.163526E-06
200221 -1.064484E-05 -6.884518E-06
200222 -1.545182E-05 -9.250146E-06
200223 -1.231372E-05 -3.698820E-06
200224 -4.718172E-06  4.381429E-06
200225  1.875136E-06  9.442949E-06
200226  3.716180E-06  9.569046E-06
200227  6.383679E-07  6.215738E-06
200228 -4.400226E-06  1.668013E-06
200229 -7.645887E-06 -2.678067E-06
200230 -7.073790E-06 -6.138891E-06
200231 -3.223888E-06 -7.998607E-06
200232  1.913013E-06 -7.583936E-06
200233  6.424605E-06 -4.980132E-06
200234  9.033701E-06 -1.348396E-06
200235  8.956307E-06  1.646775E-06
200236  6.178716E-06  2.892756E-06
200237  2.187015E-06  2.565054E-06
200238 -2.677448E-07  1.912614E-06
200239  7.635988E-07  2.143341E-06
200240  4.187394E-06  3.361107E-06
200241  6.406807E-06  4.631779E-06
200242  4.973539E-06  5.067302E-06
200243  1.507555E-06  4.607276E-06
200244  2.822331E-08  3.673739E-06
200245  2.200759E-06  2.468441E-06
200246  5.223665E-06  1.012257E-06
200247  5.079112E-06 -3.672163E-07
200248  1.131499E-06 -1.208814E-06
200249 -3.446746E-06 -1.687069E-06
200250 -5.388432E-06 -2.632212E-06
200251 -4.314990E-06 -4.337979E-06
200252 -2.011952E-06 -5.643471E-06
200253  7.224154E-09 -4.803527E-06
200254  1.377710E-06 -1.470844E-06
200255  1.862859E-06  2.402802E-06
200256  5.577503E-07  3.889729E-06
200257 -3.261418E-06  1.567188E-06
200258 -8.483469E-06 -2.955637E-06
200259 -1.176803E-05 -5.858821E-06
200260 -9.642861E-06 -4.028221E-06
200261 -2.003003E-06  1.858744E-06
200262  6.216548E-06  6.840258E-06
200263  8.050300E-06  5.347464E-06
200264  1.058437E-06 -2.986289E-06
200265 -8.599691E-06 -1.099643E-05
200266 -1.053625E-05 -9.500574E-06
200267 -1.061603E-06  2.594403E-06
200268  1.043700E-05  1.406298E-05
200269  9.419830E-06  1.024722E-05
200270 -6.813871E-06 -1.145980E-05
200271 -2.195893E-05 -3.580035E-05
200272 -1.492151E-05 -4.169033E-05
200273  1.818355E-05 -2.085170E-05
200274  6.026287E-05  1.609817E-05
200275  9.250007E-05  5.061147E-05
200276  1.110677E-04  6.965796E-05
200277  1.196062E-04  6.826789E-05
200278  1.119485E-04  4.573647E-05
200279  7.567795E-05  7.303001E-06
200280  1.594166E-05 -3.079198E-05
200281 -3.562328E-05 -4.672167E-05
200282 -4.666544E-05 -3.090930E-05
200283 -1.741652E-05  2.242952E-06
200284  1.888208E-05  2.525367E-05
200285  2.957977E-05  2.222563E-05
200286  1.201014E-05  1.741959E-06
200287 -1.081661E-05 -1.437194E-05
200288 -1.756045E-05 -1.273917E-05
200289  9.344478E-06  1.106253E-05
200290  1.279244E-05  1.097922E-05
200291  3.166136E-06 -1.032219E-06
200292 -3.942896E-06 -1.057768E-05
200293 -5.038293E-07 -9.330807E-06
200294  7.753959E-06 -6.313956E-07
200295  1.167716E-05  6.650116E-06
200296  9.090610E-06  6.376529E-06
200297  4.142718E-06 -6.627999E-07
200298  4.196201E-07 -8.218381E-06
200299 -1.619808E-06 -1.039989E-05
200300 -1.913580E-06 -6.667864E-06
200301  1.221695E-07 -8.703603E-07
200302  3.161701E-06  3.669625E-06
200303  3.891660E-06  6.423521E-06
200304  9.294872E-07  7.783640E-06
200305 -2.749812E-06  7.493618E-06
200306 -2.681421E-06  5.545377E-06
200307  1.919946E-06  2.882987E-06
200308  6.443478E-06  3.276652E-07
200309  5.246411E-06 -2.101320E-06
200310 -1.561787E-06 -4.162701E-06
200311 -6.990031E-06 -4.933203E-06
200312 -5.074551E-06 -4.267256E-06
200313  9.827548E-07 -3.451738E-06
200314  2.412765E-06 -3.304687E-06
200315 -2.979363E-06 -2.960492E-06
200316 -7.304625E-06 -1.735430E-06
200317 -3.970340E-06 -6.361135E-07
200318  2.478122E-06 -4.944710E-07
200319  3.301025E-06 -1.686862E-08
200320 -1.258539E-06  2.374029E-06
200321 -3.005146E-06  5.415116E-06
200322  1.299117E-06  5.817592E-06
200323  5.611292E-06  2.561037E-06
200324  4.071415E-06 -1.421717E-06
200325 -1.397498E-06 -2.672215E-06
200326 -4.789826E-06 -7.253103E-07
200327 -3.036335E-06  2.605749E-06
200328  2.370577E-06  5.644374E-06
200329  7.765865E-06  7.216493E-06
200330  9.593392E-06  5.957977E-06
200331  6.252982E-06  1.373451E-06
200332 -1.265223E-07 -3.904911E-06
200333 -4.270317E-06 -4.585600E-06
200334 -2.443762E-06  1.885229E-06
200335  2.585758E-06  9.851808E-06
200336  3.542923E-06  9.074031E-06
200337 -2.040104E-06 -2.320145E-06
200338 -6.577170E-06 -1.156023E-05
200339 -1.752829E-06 -5.674371E-06
200340  6.322064E-06  7.491902E-06
200341  5.256996E-07  3.787826E-06
200342 -1.864931E-05 -2.329317E-05
200343 -1.688041E-05 -4.199016E-05
200344  3.357361E-05 -1.341570E-05
200345  8.983315E-05  5.553077E-05
200346  5.544673E-05  1.116037E-04
200347 -9.828591E-05  1.193949E-04
200348 -2.551824E-04  1.052239E-04
200349 -2.600698E-04  1.138002E-04
200350 -1.025894E-04  1.370429E-04
200351  6.330518E-05  1.219287E-04
200352  9.922907E-05  5.012345E-05
200353  2.741530E-05 -2.631061E-05
200354 -3.260952E-05 -4.631315E-05
200355 -2.189246E-05 -1.261803E-05
200356  1.480556E-05  2.011300E-05
200357  1.909865E-05  1.616555E-05
200358 -6.032647E-06 -7.695980E-06
200359 -2.071649E-05 -1.695669E-05
200360 -8.970798E-06 -4.023339E-06
200361  1.306118E-05  6.282855E-06
200362 -3.221622E-06 -7.703325E-06
200363 -1.277948E-05 -1.094042E-05
200364 -8.121264E-06 -2.046564E-07
200365  5.980386E-07  9.630861E-06
200366  2.257718E-06  8.287839E-06
200367 -4.518957E-06  4.615073E-07
200368 -1.168711E-05 -4.578215E-06
200369 -1.052288E-05 -3.859685E-06
200370 -2.580883E-06  5.517944E-07
200371  2.706274E-06  5.576721E-06
200372  2.161375E-06  7.251428E-06
200373  1.271440E-06  3.347217E-06
200374  2.812450E-06 -2.610557E-06
200375  3.372533E-06 -5.055185E-06
200376  5.362580E-07 -3.681524E-06
200377 -4.194090E-06 -2.544891E-06
200378 -8.075645E-06 -3.215946E-06
200379 -8.021017E-06 -3.233800E-06
200380 -2.166749E-06 -1.024899E-06
200381  5.576242E-06  1.502581E-06
200382  7.184079E-06  2.588629E-06
200383  1.271304E-06  3.399172E-06
200384 -3.185970E-06  4.390683E-06
200385  4.310167E-07  3.203477E-06
200386  5.816592E-06  2.238196E-07
200387  3.738148E-06 -1.515964E-07
200388 -2.411859E-06  1.984579E-06
200389 -2.107224E-06  1.176493E-06
200390  3.438921E-06 -3.084992E-06
200391  2.723122E-06 -5.349813E-06
200392 -4.434622E-06 -3.907354E-06
200393 -5.496022E-06 -2.485311E-06
200394  1.318552E-06 -2.907477E-06
200395  3.932793E-06 -2.128160E-06
200396 -6.445545E-07  2.203636E-06
200397 -2.626846E-06  6.039154E-06
200398  1.030811E-06  3.262201E-06
200399  2.812766E-06 -5.151065E-06
200400 -9.758214E-07 -1.179965E-05
200401 -5.349994E-06 -1.137304E-05
200402 -4.979445E-06 -4.885495E-06
200403 -6.572115E-07  1.699109E-06
200404  2.528064E-06  1.528003E-06
200405  1.635892E-06 -6.248205E-06
200406 -5.398172E-07 -1.233747E-05
200407  1.535302E-07 -6.307922E-06
200408  2.645513E-06  6.990256E-06
200409  2.144070E-06  1.007043E-05
200410 -2.746428E-06 -1.195936E-06
200411 -6.945146E-06 -7.825639E-06
200412 -4.573012E-06  3.561743E-06
200413 -2.417224E-06  1.370706E-05
200414 -1.501553E-05 -5.042757E-06
200415 -2.343111E-05 -3.491248E-05
200416  2.259665E-05 -1.952703E-05
200417  9.397831E-05  4.739142E-05
200418  3.211822E-05  8.579612E-05
200419 -2.527127E-04  3.784901E-05
200420 -5.654622E-04 -3.009880E-05
200421 -5.911285E-04 -1.239899E-05
200422 -2.935759E-04  7.557840E-05
200423  2.601126E-05  1.132357E-04
200424  1.103783E-04  4.955209E-05
200425  1.868917E-05 -2.998753E-05
200426 -4.494443E-05 -3.552032E-05
200427 -1.730568E-05  9.718476E-06
200428  1.802030E-05  2.846288E-05
200429  7.963023E-06  4.815865E-06
200430 -1.145747E-05 -1.532775E-05
200431 -3.619811E-06 -6.165703E-06
200432  1.419273E-05  9.427733E-06
200433 -1.174500E-05 -2.395681E-06
200434 -1.030612E-05 -5.842483E-06
200435  4.622891E-06  3.521497E-06
200436  1.123884E-05  8.803140E-06
200437  3.804418E-06  2.262734E-06
200438 -1.899753E-06 -7.108373E-06
200439  1.164879E-06 -8.053987E-06
200440  4.603413E-06 -6.468583E-07
200441  6.150584E-06  5.583803E-06
200442  7.362004E-06  4.999437E-06
200443  3.100956E-06  9.956778E-07
200444 -4.871707E-06 -2.423580E-06
200445 -7.278912E-06 -4.247115E-06
200446 -5.039492E-06 -2.879389E-06
200447 -4.134941E-06  1.331932E-06
200448 -1.604810E-06  4.038959E-06
200449  5.761429E-06  3.296634E-06
200450  1.061064E-05  2.242340E-06
200451  5.488517E-06  3.116800E-06
200452 -3.923245E-06  3.790702E-06
200453 -6.317499E-06  9.972419E-07
200454 -1.219935E-06 -4.309124E-06
200455  1.995304E-06 -5.471804E-06
200456 -9.092007E-07  5.290024E-08
200457 -4.124213E-06  2.732570E-06
200458 -1.709685E-06 -2.084805E-06
200459  2.554634E-06 -2.552290E-06
200460  7.008782E-07  4.265793E-06
200461 -3.449985E-06  4.922745E-06
200462 -2.045457E-07  3.502122E-07
200463  4.019510E-06  2.875133E-06
200464  2.587813E-07  7.436641E-06
200465 -7.831706E-07  3.915167E-06
200466  4.677809E-06 -2.294613E-06
200467  1.258601E-06 -3.466743E-06
200468 -7.712934E-06 -1.265663E-06
200469 -4.484834E-06 -7.135904E-07
200470  4.179576E-06 -1.244599E-06
200471  3.638595E-06  3.131324E-06
200472 -9.905587E-07  1.064465E-05
200473 -2.040893E-06  1.187828E-05
200474 -1.763788E-06  6.504837E-06
200475 -2.339058E-06  4.022856E-06
200476 -2.746553E-06  9.216180E-06
200477 -2.877250E-06  1.373192E-05
200478 -2.286268E-06  6.117895E-06
200479  2.586875E-07 -7.017815E-06
200480  1.484473E-06 -7.933602E-06
200481  1.176466E-06  2.490397E-06
200482  4.450414E-06  7.370780E-06
200483  2.078453E-06  7.978670E-08
200484 -9.311676E-06 -4.397250E-06
200485 -4.512030E-06  9.635005E-06
200486  8.925923E-06  1.857973E-05
200487 -1.103243E-05 -9.145588E-06
200488 -2.703815E-05 -3.560021E-05
200489  3.553046E-05 -1.098879E-06
200490  1.038311E-04  6.740207E-05
200491  3.452880E-05  1.001848E-04
200492 -1.106091E-04  9.952381E-05
200493 -1.206981E-04  1.122648E-04
200494  1.975204E-05  1.229919E-04
200495  1.040449E-04  7.615553E-05
200496  3.862260E-05 -6.724101E-06
200497 -4.246109E-05 -3.867524E-05
200498 -2.776186E-05 -3.339644E-06
200499  2.189032E-05  2.433297E-05
200500  2.124473E-05  3.756907E-06
200501 -7.836481E-06 -2.119624E-05
200502 -1.134044E-05 -1.102428E-05
200503  2.704013E-06  1.130714E-05
200504  9.629735E-07  1.176150E-05
200505  4.425042E-07 -1.157579E-05
200506  6.529730E-06  1.883104E-06
200507  8.020430E-06  4.898415E-06
200508  1.665071E-06 -4.927093E-06
200509 -6.916535E-06 -9.976780E-06
200510 -5.844115E-06 -3.080838E-06
200511  3.578281E-06  5.066985E-06
200512  2.906141E-06  4.887507E-06
200513 -4.605725E-06 -1.759177E-06
200514 -3.474785E-06 -7.844057E-06
200515  2.566898E-07 -8.517960E-06
200516  2.814609E-06 -4.743257E-06
200517  9.248347E-06  3.571132E-07
200518  1.111110E-05  5.663015E-06
200519  2.179866E-06  8.297258E-06
200520 -7.443001E-06  5.133289E-06
200521 -9.053913E-06 -8.161459E-07
200522 -4.582806E-06 -4.212600E-06
200523  5.268576E-07 -4.548947E-06
200524  2.883211E-06 -3.827114E-06
200525  1.938712E-06 -3.031449E-06
200526 -7.370164E-07 -4.979838E-06
200527 -1.243615E-06 -8.427946E-06
200528  1.777298E-06 -3.584509E-06
200529  1.334540E-06  4.529518E-06
200530 -3.724985E-06 -2.487389E-07
200531 -1.480020E-06 -6.181595E-06
200532  4.192176E-06 -6.262254E-08
200533 -1.597393E-06 -1.515743E-08
200534 -5.566873E-06 -7.661876E-06
200535  1.884049E-06 -3.857972E-06
200536 -5.566308E-08  1.648634E-06
200537 -5.966284E-06 -2.447293E-06
200538  1.734583E-06 -5.973813E-07
200539  2.840531E-06  6.424800E-06
200540 -2.888177E-06  4.687157E-06
200541  4.984371E-06 -1.746318E-06
200542  5.490294E-06 -4.162299E-06
200543 -6.883148E-06 -6.579021E-07
200544 -4.042550E-06  3.454503E-07
200545  7.786749E-06 -6.425888E-06
200546  1.056200E-05 -1.277886E-05
200547  7.828658E-06 -1.745294E-05
200548  6.071091E-06 -1.918690E-05
200549  3.619385E-06 -7.643478E-06
200550 -3.412732E-06  7.084120E-06
200551 -2.458733E-06  6.539003E-06
200552  4.210977E-06 -3.369594E-06
200553 -3.521350E-06 -8.557178E-06
200554 -2.475189E-06  2.422319E-06
200555  1.121135E-05  1.390403E-05
200556 -3.308962E-06 -2.584708E-06
200557 -1.466691E-05 -1.275332E-05
200558  1.380352E-05  1.078724E-05
200559  1.868955E-05  1.783444E-05
200560 -2.146115E-05 -9.477160E-06
200561 -2.764153E-05 -2.829189E-05
200562  1.812579E-05 -1.496025E-05
200563  5.133674E-05  2.382823E-05
200564  6.143261E-05  6.076666E-05
200565  7.755787E-05  6.159110E-05
200566  6.838110E-05  2.112721E-05
200567  7.116274E-06 -2.832467E-05
200568 -4.054018E-05 -4.019986E-05
200569 -1.734665E-05 -5.928803E-06
200570  2.478341E-05  2.106857E-05
200571  1.793564E-05  4.229358E-06
200572 -1.418281E-05 -1.754286E-05
200573 -1.618658E-05 -5.200113E-06
200574  5.088998E-06  1.475556E-05
200575  1.131530E-05  7.411641E-06
200576  2.234940E-06 -1.145436E-05
200577  1.454263E-06  6.445063E-06
200578 -1.754233E-06  6.759502E-06
200579 -1.279825E-05 -2.069291E-06
200580 -8.609226E-06 -2.236820E-06
200581  5.057900E-07  6.073641E-06
200582 -3.358970E-07  1.011063E-05
200583 -2.057177E-07  5.217813E-06
200584 -3.361602E-06 -1.974821E-06
200585 -8.026574E-06 -1.621106E-06
200586 -3.205172E-06  5.376969E-06
200587 -2.043941E-06  1.008349E-05
200588 -5.821935E-06  8.080953E-06
200589 -4.720710E-06  1.591387E-06
200590 -4.055550E-06 -4.860129E-06
200591 -2.939177E-06 -8.409228E-06
200592  2.628342E-06 -6.618447E-06
200593  4.280206E-06 -7.514523E-07
200594 -1.564645E-06  3.500262E-06
200595 -5.976525E-06  3.344966E-06
200596 -1.353181E-06  8.521454E-07
200597  8.337285E-06  2.334886E-06
200598  9.732547E-06  7.791775E-06
200599 -3.579799E-07  3.923995E-06
200600 -3.794527E-06 -2.907981E-06
200601  4.244793E-06  3.618391E-06
200602  1.926652E-06  6.589386E-06
200603 -5.416070E-06  6.013714E-07
200604  3.007464E-06  3.267546E-06
200605  5.090793E-06  6.038049E-06
200606 -4.415800E-06  4.572952E-07
200607  3.156809E-06  6.028278E-07
200608  5.990640E-06  2.089513E-06
200609 -5.897934E-06 -5.473380E-06
200610  1.359713E-06 -2.952448E-06
200611  3.528978E-06  2.986931E-06
200612 -6.382929E-06 -2.764752E-06
200613  4.522653E-06 -7.728366E-07
200614  4.252817E-07  4.264529E-06
200615 -1.111252E-05 -6.039298E-07
200616  5.402477E-06 -9.065564E-06
200617  3.864164E-06 -7.485744E-06
200618 -1.250658E-05  1.309135E-05
200619 -1.346453E-05  2.741088E-05
200620 -7.155962E-06  1.314159E-05
200621  9.726431E-06 -4.949352E-06
200622  5.329763E-06 -7.180007E-06
200623 -1.046422E-05  1.457949E-07
200624  5.757833E-06  9.226835E-06
200625  3.569702E-06 -3.305796E-06
200626 -9.639699E-06 -9.603437E-06
200627  7.518085E-06  1.486407E-05
200628  2.717468E-06  1.000827E-05
200629 -1.236175E-05 -1.236964E-05
200630  9.135349E-07 -7.125212E-06
200631  7.879274E-06  4.330951E-06
200632  4.053763E-06  1.646421E-05
200633  1.226335E-07  1.071151E-05
200634 -1.913236E-05 -2.656189E-05
200635 -3.350698E-05 -4.712046E-05
200636 -1.732495E-05 -4.288947E-05
200637 -4.616415E-06 -4.748447E-05
200638 -2.441554E-05 -4.759717E-05
200639 -3.351335E-05 -2.357068E-05
200640 -8.091862E-07  9.165313E-06
200641  2.580985E-05  2.316083E-05
200642  6.896354E-06  6.010576E-06
200643 -2.086794E-05 -1.292149E-05
200644 -1.401350E-05 -1.256876E-06
200645  8.592712E-06  1.701230E-05
200646  9.681912E-06  7.412895E-06
200647 -4.830427E-06 -1.121408E-05
200648 -7.170138E-06 -7.698429E-06
200649  1.497800E-06  1.093029E-05
200650  4.253729E-06 -3.148488E-06
200651  2.787888E-06 -5.819411E-06
200652  7.986036E-06  2.946468E-06
200653  1.368031E-05  4.781873E-06
200654  4.752543E-06 -5.476834E-06
200655  3.388760E-06 -9.992797E-06
200656  7.496221E-06 -5.813997E-06
200657  7.031531E-06  8.882110E-07
200658  9.733733E-06  3.862346E-06
200659  6.712354E-06  7.320609E-07
200660  1.979029E-06 -1.624853E-06
200661 -4.596760E-07 -1.974437E-07
200662 -6.945392E-06  1.123373E-06
200663 -8.569618E-06 -6.108164E-07
200664 -1.294022E-06 -4.511212E-07
200665  5.582448E-06  2.083581E-06
200666  7.428843E-06  2.445337E-06
200667  1.950369E-06  2.930876E-06
200668 -7.836556E-06  1.459655E-06
200669 -7.329685E-06 -4.670349E-06
200670  5.491650E-06 -1.940379E-06
200671  6.941159E-06  2.479420E-06
200672 -5.080854E-06 -5.425552E-06
200673 -1.826173E-06 -6.497033E-06
200674  6.555919E-06 -5.546221E-07
200675 -4.011906E-06 -3.896108E-07
200676 -4.093753E-06 -2.941214E-06
200677  6.053290E-06 -6.027765E-07
200678 -4.483916E-06  2.472323E-06
200679 -3.426203E-06 -3.238389E-07
200680  6.368629E-06  3.861487E-06
200681 -5.647896E-06  2.180714E-06
200682  1.423512E-06  3.621657E-07
200683  6.889271E-06  1.665498E-06
200684 -8.735399E-06 -7.522360E-06
200685  4.674446E-06  2.047918E-07
200686 -2.498748E-06  5.969584E-06
200687 -7.367655E-06 -9.129468E-07
200688  2.003554E-05  6.859368E-06
200689 -8.871861E-06  1.413049E-05
200690 -2.034973E-05  8.236948E-06
200691  2.724127E-06  4.753423E-06
200692 -2.332280E-05  9.620444E-06
200693 -8.311927E-06  1.434786E-05
200694  1.858743E-05  2.997331E-06
200695 -1.127262E-05 -1.174416E-05
200696 -1.688728E-08  6.696108E-06
200697  1.029632E-05  6.322570E-06
200698 -5.264818E-06 -1.024628E-05
200699  5.827125E-06  5.761023E-06
200700 -7.017161E-07  5.299795E-06
200701 -1.345459E-06  2.697917E-06
200702  4.944585E-06  1.228521E-06
200703 -1.092546E-05 -1.742962E-05
200704 -1.542338E-06 -1.460954E-06
200705  1.583449E-05  2.145670E-05
200706  3.214317E-06  1.383749E-05
200707 -5.301946E-06  9.584761E-06
200708  4.504566E-07  6.232774E-06
200709 -6.384246E-06  4.703888E-07
200710 -1.197316E-05  1.514745E-05
200711  9.118911E-06  2.986791E-05
200712  2.123099E-05  1.879432E-05
200713 -1.564075E-06 -3.789915E-06
200714 -1.890748E-05 -1.452400E-05
200715 -3.228131E-06 -3.881867E-06
200716  1.758384E-05  8.432387E-06
200717  1.241808E-05 -1.917403E-06
200718 -5.674015E-06 -1.638727E-05
200719 -1.075164E-05 -6.319476E-06
200720 -4.542670E-06  1.269026E-05
200721  3.624948E-06 -1.101788E-05
200722  3.974554E-06 -9.390140E-06
200723  5.117567E-06  1.609498E-06
200724 -2.385356E-06  3.878845E-07
200725 -3.071764E-06 -4.726146E-06
200726 -7.426921E-06 -8.729549E-06
200727 -5.967488E-06 -8.815833E-07
200728 -2.652200E-06  4.377998E-06
200729 -5.186937E-06  6.203771E-07
200730 -3.120051E-06 -6.278389E-06
200731 -1.007161E-06 -1.160570E-05
200732  4.384644E-06 -8.322155E-06
200733  8.755080E-06 -6.573066E-07
200734  6.762348E-06  6.106718E-06
200735  3.398550E-06  7.098144E-06
200736 -3.302663E-06  4.233566E-06
200737 -9.363411E-06 -9.602731E-07
200738 -3.052623E-06 -7.176380E-06
200739  8.054943E-06 -6.136125E-06
200740  4.698962E-06  1.469560E-06
200741 -8.170478E-06 -1.995276E-06
200742 -4.786744E-06 -6.631562E-06
200743  8.653347E-06  1.164236E-06
200744  2.917907E-06  3.345020E-06
200745 -6.345035E-06 -8.625326E-07
200746  4.580465E-06 -3.957768E-06
200747  4.143814E-06  1.510267E-06
200748 -5.047893E-06 -1.119831E-06
200749  5.383218E-06 -6.899801E-06
200750  1.788581E-06  2.377462E-06
200751 -5.431200E-06 -5.949013E-06
200752  5.166977E-06 -2.938898E-06
200753 -4.650110E-06  3.718938E-06
200754 -2.623091E-06 -2.306530E-06
200755  7.265331E-06  4.481223E-06
200756 -9.316774E-06 -9.573913E-07
200757  8.417501E-06  2.967547E-06
200758 -2.081957E-09  8.860590E-07
200759 -4.147492E-06 -1.062337E-05
200760  1.937263E-05  1.063460E-05
200761 -3.298390E-05  3.826074E-06
200762  3.249909E-06 -5.718178E-05
200763  8.215668E-05 -9.134309E-05
200764 -3.707171E-06 -5.976804E-05
200765 -3.712435E-05  3.177928E-07
200766  2.026752E-05  1.805771E-05
200767 -4.700759E-06 -1.018361E-05
200768 -4.366258E-06 -1.650277E-06
200769  6.702070E-06  4.393433E-06
200770 -4.058604E-06 -9.840772E-07
200771  9.063056E-06  6.295556E-06
200772 -5.183852E-06 -9.316336E-06
200773  9.777886E-07  3.476237E-06
200774  7.540044E-06  1.314357E-05
200775 -8.060141E-06 -7.435221E-06
200776  4.019637E-07 -9.187688E-06
200777  7.645786E-07 -8.899160E-06
200778 -2.015425E-06  1.753449E-06
200779  1.022194E-05  2.243886E-05
200780  8.717469E-06  2.330626E-05
200781 -1.321184E-06  2.157967E-05
200782  4.736838E-06  2.195667E-05
200783  1.452962E-05  4.787155E-06
200784 -3.641764E-06 -1.595149E-05
200785 -1.668188E-05 -1.601326E-05
200786  3.282608E-06 -7.150193E-07
200787  1.712131E-05  9.397356E-06
200788  4.804548E-06  1.139097E-06
200789 -1.148566E-05 -1.066934E-05
200790 -8.203528E-06 -2.091620E-06
200791  7.763090E-06  1.213684E-05
200792  1.234680E-05  5.665614E-06
200793 -4.241772E-06 -1.261273E-05
200794 -9.747805E-06  1.169571E-06
200795 -5.108685E-06  1.103115E-05
200796 -9.953368E-06 -1.315368E-06
200797 -6.644515E-06 -1.850744E-07
200798 -4.241832E-06  5.320422E-06
200799 -3.800731E-06  1.156955E-05
200800 -3.979204E-06  6.728087E-06
200801 -7.145696E-06  3.123587E-07
200802 -7.716057E-06  3.498985E-07
200803 -8.990831E-06  1.834576E-06
200804 -7.559638E-06  3.732581E-06
200805 -5.139216E-06 -1.009242E-06
200806  1.338785E-06 -3.972414E-06
200807  9.111999E-06 -3.516461E-06
200808  7.108395E-06 -1.116291E-06
200809 -3.430461E-06  3.814125E-07
200810 -9.250578E-06 -1.132350E-06
200811 -1.686771E-06 -4.151824E-06
200812  9.074093E-06  1.799280E-06
200813  3.690469E-06  7.121662E-06
200814 -8.154644E-06  1.524964E-06
200815 -2.921694E-06  1.831969E-07
200816  5.150335E-06  4.889487E-06
200817 -5.151236E-06  7.603058E-06
200818 -4.045019E-06 -2.923196E-06
200819  6.337766E-06  1.582436E-06
200820 -3.301817E-06  7.201784E-06
200821 -5.828173E-07 -5.443526E-06
200822  5.575701E-06  6.361827E-06
200823 -2.922428E-06 -1.687628E-06
200824  4.013016E-06 -5.456131E-06
200825  1.431154E-06  4.615299E-06
200826 -3.961143E-06 -7.277970E-06
200827  6.206198E-06  3.331638E-06
200828 -1.007047E-05  1.943703E-06
200829  7.653742E-06 -2.821748E-08
200830  3.803140E-07  1.320582E-06
200831 -3.893010E-06 -1.274609E-05
200832  1.427294E-05  7.694803E-06
200833 -4.443505E-05 -9.691874E-06
200834  2.417525E-05 -7.550662E-05
200835  1.359826E-04 -9.727553E-05
200836  2.767656E-05 -7.404421E-05
200837 -4.499944E-05 -1.460054E-05
200838  1.415694E-05  1.737369E-05
200839 -1.575376E-06 -4.414632E-06
200840 -3.033026E-06 -7.152585E-07
200841  5.157944E-06 -2.892183E-06
200842 -6.680657E-06  4.517333E-06
200843  7.830233E-06  1.034425E-05
200844 -4.975949E-06 -1.155809E-05
200845  2.575313E-06 -7.941187E-07
200846 -2.046099E-07  3.470151E-06
200847 -4.015775E-06  7.008447E-06
200848  8.383683E-06  6.887151E-06
200849 -5.739144E-06 -1.596367E-05
200850 -2.698334E-06 -1.251897E-05
200851  5.620662E-06 -8.197423E-06
200852 -4.840367E-06 -1.303410E-05
200853 -8.805310E-07 -6.026327E-06
200854  7.638147E-06 -1.219800E-05
200855  2.138041E-06 -2.238989E-05
200856 -1.217392E-05 -1.317268E-05
200857  2.479293E-07  6.059999E-06
200858  1.533676E-05  1.191657E-05
200859 -1.004577E-06  2.151905E-06
200860 -1.615258E-05 -6.342795E-06
200861 -1.156136E-05  2.035454E-07
200862  5.890132E-07  1.265341E-05
200863  7.167052E-06  6.119281E-06
200864  6.889350E-06 -9.936104E-06
200865 -8.014818E-06  7.037674E-06
200866 -8.966704E-06  7.230727E-06
200867  1.377348E-06  8.500402E-06
200868  3.060603E-06 -2.457217E-06
200869  5.025077E-06  5.230094E-06
200870  7.378307E-06  7.150534E-06
200871  7.317818E-06  4.873501E-06
200872  7.926653E-06 -2.682792E-06
200873  6.750688E-06 -1.047964E-06
200874  4.069751E-06  7.040127E-06
200875 -7.310280E-07  1.117776E-05
200876 -6.186320E-06  1.066424E-05
200877 -1.088149E-05 -6.056764E-07
200878 -7.504561E-06 -7.441939E-06
200879 -4.195786E-07 -8.881639E-06
200880  6.465192E-06 -4.648773E-06
200881  8.558441E-06  2.624038E-06
200882 -1.449854E-06  8.380569E-06
200883 -1.088051E-05  2.167288E-06
200884 -1.814903E-06 -3.000423E-06
200885  8.513414E-06  4.746029E-06
200886 -1.190242E-06  5.796658E-06
200887 -1.013540E-05 -2.447668E-06
200888  2.580164E-06 -5.393223E-06
200889  2.126410E-06  5.681165E-06
200890 -8.047895E-06 -1.366637E-06
200891  3.563352E-06 -4.559978E-06
200892  5.657456E-08  8.503615E-06
200893 -6.158112E-06 -4.520168E-06
200894  3.118077E-06  3.933777E-06
200895 -1.815750E-06  4.264419E-06
200896 -1.234305E-06 -4.611855E-06
200897  5.482501E-06  7.256614E-06
200898 -3.919040E-06 -6.298444E-06
200899  5.535092E-06  8.538574E-07
200900 -7.434425E-06  1.590663E-06
200901  5.169419E-06 -6.681584E-06
200902 -2.238368E-06  5.544543E-06
200903 -6.979937E-06 -8.047852E-06
200904  1.090400E-05  9.314988E-06
200905 -3.378006E-05 -4.912106E-06
200906  2.027444E-05 -4.368255E-05
200907  1.061660E-04 -3.270954E-05
200908  3.047091E-05 -3.632049E-05
200909 -3.178649E-05 -9.813935E-06
200910  1.005731E-05  9.158076E-06
200911 -2.629574E-06 -4.484328E-06
200912 -1.869937E-06  5.378888E-06
200913  8.438252E-06 -5.271812E-06
200914 -5.358266E-06  6.630670E-06
200915  3.164208E-06  5.819208E-06
200916 -4.980239E-06 -4.450399E-06
200917  6.227112E-06  3.236343E-06
200918 -3.772158E-06 -1.118846E-05
200919 -2.662725E-06  6.189003E-06
200920  5.462602E-06  1.164519E-05
200921 -7.953921E-06 -2.372730E-06
200922  4.397306E-06  1.723466E-06
200923  2.865522E-06 -1.422183E-05
200924 -6.294445E-06 -1.802427E-05
200925  8.735539E-06 -7.940670E-06
200926  5.334441E-06 -1.624676E-05
200927 -6.517386E-06 -8.417375E-06
200928 -5.735432E-06  9.893202E-06
200929  9.710104E-06  1.545367E-05
200930  2.392602E-06  1.720551E-06
200931 -1.474709E-05 -9.401047E-06
200932 -5.255066E-06 -2.657058E-06
200933  7.741442E-06  7.801005E-06
200934  5.908060E-06  4.943144E-06
200935 -6.293742E-06 -1.083784E-05
200936 -8.262269E-06 -8.853592E-06
200937 -3.188398E-06  1.902258E-05
200938  3.923215E-06  9.001661E-07
200939  1.157322E-05  5.730978E-08
200940  1.064877E-05 -3.806773E-06
200941  6.511247E-06  3.098266E-06
200942  8.072970E-06 -2.545374E-06
200943  8.529102E-06 -6.448111E-06
200944  9.338539E-06 -9.354528E-06
200945  9.249841E-06 -2.801939E-06
200946  9.024625E-06  2.946198E-06
200947  9.211212E-06  4.474048E-06
200948  5.767647E-06  5.543386E-06
200949 -2.708803E-07  8.478928E-07
200950 -4.354683E-06  6.570597E-07
200951 -9.315652E-06 -2.721359E-06
200952 -5.226480E-06 -3.710074E-06
200953  7.788834E-06 -6.602566E-08
200954  7.865653E-06  7.766190E-06
200955 -7.068962E-06  4.868323E-06
200956 -9.345453E-06 -6.602456E-06
200957  5.036921E-06 -3.567432E-06
200958  7.649079E-06  3.813192E-06
200959 -5.915250E-06 -5.667007E-07
200960  4.914948E-07 -1.172792E-05
200961  8.792493E-06 -1.796585E-07
200962 -5.610312E-06  2.538895E-06
200963  9.886814E-07 -8.746524E-06
200964  4.153753E-06  4.811973E-06
200965 -5.461916E-06 -2.839902E-06
200966  7.523571E-07 -3.261716E-06
200967  9.386538E-09  5.769502E-06
200968 -6.106624E-06 -5.341778E-06
200969  5.540080E-06  6.635937E-06
200970 -4.855772E-06 -2.655178E-06
200971  4.004074E-06 -1.288963E-06
200972 -3.669944E-06  3.759124E-06
200973  3.893809E-06 -9.781832E-06
200974 -3.465730E-06  8.422219E-06
200975 -8.978989E-06 -6.789197E-06
200976  6.749455E-06  9.945757E-06
200977 -1.579896E-05  5.300350E-06
200978  4.261297E-06 -1.876028E-05
200979  3.647595E-05  6.039821E-06
200980  1.245802E-05 -1.290666E-05
200981 -1.511180E-05  8.438188E-07
200982  7.716029E-06  4.290370E-06
200983 -2.641240E-06 -7.327365E-06
200984 -2.576533E-06  7.990443E-06
200985  9.836930E-06 -3.738382E-06
200986 -2.012412E-06  1.020770E-05
200987  1.219274E-06 -3.374660E-06
200988 -6.049944E-06  8.275715E-07
200989  5.977663E-06  8.852331E-06
200990 -1.713059E-06 -1.414619E-05
200991  1.432530E-06  1.928420E-06
200992  9.724018E-10  4.053607E-07
200993 -9.918590E-06  5.529915E-06
200994  4.234101E-06  1.443856E-05
200995 -3.462947E-06 -4.047836E-06
200996 -5.580254E-06  2.247341E-06
200997  9.784598E-06  5.678544E-06
200998 -4.791202E-06 -4.587631E-06
200999 -1.108624E-05  1.090967E-05
201000  3.443495E-07  1.493315E-05
201001  7.190704E-06  4.518374E-06
201002 -7.631299E-06 -1.055802E-05
201003 -7.517156E-06 -7.072969E-06
201004  1.202195E-05  6.831389E-06
201005  1.466924E-05  6.595667E-06
201006  5.766688E-06 -3.552583E-06
201007 -9.082712E-06 -1.170517E-05
201008 -1.117043E-05  5.274746E-07
201009  2.686987E-06  1.665079E-05
201010  1.298748E-05 -7.168065E-06
201011  1.126741E-05 -5.283238E-06
201012  5.301646E-06 -5.023494E-06
201013 -8.846202E-07 -1.725786E-06
201014  2.156811E-06 -9.811593E-06
201015  1.481150E-06 -1.016628E-05
201016  2.553721E-07 -9.664837E-06
201017  2.390202E-07 -4.307287E-06
201018  4.371480E-06 -4.637084E-06
201019  1.082495E-05 -5.187856E-06
201020  1.225537E-05 -1.761611E-06
201021  9.336549E-06  1.884953E-06
201022  2.557897E-06  9.109616E-06
201023 -9.672940E-06  4.867382E-06
201024 -1.292210E-05 -1.562234E-06
201025  2.652785E-07 -4.653367E-06
201026  1.090138E-05  1.402379E-06
201027  2.382674E-06  5.379594E-06
201028 -7.935447E-06 -4.478295E-06
201029 -2.664140E-07 -8.092830E-06
201030  1.084306E-05  3.004658E-07
201031  9.742145E-07  5.010496E-06
201032 -1.297755E-06 -9.502238E-06
201033  1.032417E-05 -4.421803E-06
201034 -2.411399E-06  6.674323E-06
201035 -9.007963E-07 -7.830214E-06
201036  5.959781E-06  1.260769E-06
201037 -2.061833E-06  1.606218E-06
201038  2.691134E-07 -7.977477E-06
201039  2.928643E-06  5.690011E-06
201040 -7.067133E-06 -6.065079E-06
201041  4.853134E-06  3.328280E-06
201042 -5.132553E-06 -2.404285E-07
201043  2.352662E-06 -3.698816E-06
201044 -1.997600E-06  6.795194E-06
201045  2.725684E-06 -8.769303E-06
201046 -2.520317E-06  9.489359E-06
201047 -6.790012E-06 -8.835386E-06
201048  2.727342E-06  6.914408E-06
201049 -2.753993E-06  1.079440E-05
201050 -6.038545E-06 -1.333623E-05
201051 -1.394898E-05  6.529322E-06
201052 -1.221581E-06 -1.372699E-05
201053 -4.290110E-06  6.733216E-06
201054  4.446259E-06  3.298063E-06
201055 -7.257731E-07 -7.992195E-06
201056 -2.713402E-06  6.609869E-06
201057  7.703570E-06 -2.464052E-06
201058 -1.066478E-06  1.384091E-05
201059  2.504230E-06 -9.285990E-06
201060 -5.750539E-06  2.431152E-06
201061  2.445825E-06  8.630662E-06
201062 -3.714525E-07 -8.875131E-06
201063  5.316652E-06  2.461955E-06
201064 -5.740329E-07 -1.045816E-05
201065 -8.087265E-06  5.873962E-06
201066  6.608311E-07  1.213362E-05
201067 -1.002399E-05  7.122191E-07
201068 -7.730540E-06  1.499268E-05
201069  3.220505E-06  8.587720E-06
201070 -1.313311E-05  1.954954E-07
201071 -9.692942E-06  1.634797E-05
201072  4.974485E-06  5.788023E-06
201073  3.632133E-06 -6.463520E-06
201074 -6.924197E-06 -1.150079E-05
201075  2.515411E-06  3.290158E-06
201076  1.448762E-05  1.069353E-05
201077  7.562249E-06  1.265970E-07
201078  3.239269E-06 -2.921490E-06
201079 -4.902449E-06  7.917118E-07
201080 -4.451919E-06  5.847056E-06
201081  6.007422E-06  9.405316E-06
201082  1.459391E-05 -1.051699E-05
201083  4.491953E-06 -7.379983E-06
201084 -2.662112E-06 -6.382699E-06
201085 -6.723895E-06 -4.737204E-06
201086 -2.119337E-06 -1.087527E-05
201087 -5.265805E-06 -8.644942E-06
201088 -8.060653E-06 -8.204556E-06
201089 -7.920050E-06 -5.562083E-06
201090 -8.785720E-07 -9.260257E-06
201091  7.422754E-06 -9.960845E-06
201092  1.124711E-05 -6.087058E-06
201093  1.119294E-05  1.493043E-06
201094  5.619454E-06  1.212111E-05
201095 -5.691081E-06  8.904909E-06
201096 -1.302671E-05  4.619507E-07
201097 -5.081282E-06 -7.513836E-06
201098  9.519894E-06 -3.934569E-06
201099  8.661032E-06  5.865724E-06
201100 -3.811496E-06  4.591588E-07
201101 -3.916616E-06 -8.365210E-06
201102  9.358207E-06 -2.667232E-06
201103  4.260985E-06  9.588943E-06
201104 -3.478223E-06 -4.556602E-06
201105  8.809145E-06 -6.653944E-06
201106 -8.765426E-07  8.385195E-06
201107 -2.515275E-06 -5.058586E-06
201108  5.397230E-06 -1.215418E-06
201109 -2.209962E-07  6.259410E-06
201110  1.006793E-07 -9.078991E-06
201111  4.838665E-06  6.214673E-06
201112 -5.819674E-06 -5.381315E-06
201113  4.663283E-06  6.773065E-07
201114 -4.063671E-06  9.794311E-07
201115  1.763139E-06 -5.584848E-06
201116 -1.884185E-06  7.841803E-06
201117  1.003614E-06 -6.714301E-06
201118 -1.215994E-06  9.677219E-06
201119 -2.334200E-06 -1.000438E-05
201120  5.007969E-07  3.523138E-06
201121  3.505763E-06  1.102158E-05
201122 -8.257749E-06 -1.349545E-05
201123 -3.172390E-05 -1.903230E-07
201124 -4.318578E-06 -1.880898E-05
201125  8.881276E-07  7.085705E-06
201126  7.751986E-07  3.304781E-06
201127  9.979901E-07 -6.308631E-06
201128 -1.465284E-06  4.529761E-06
201129  4.331748E-06 -2.364398E-06
201130 -2.472068E-06  1.471792E-05
201131  4.257869E-06 -1.018623E-05
201132 -4.152163E-06  2.884303E-06
201133 -2.250947E-07  4.232634E-06
201134 -1.312183E-06 -3.542397E-06
201135  6.047047E-06  5.268301E-06
201136  1.545667E-06 -1.394073E-05
201137 -4.046997E-06  5.537533E-06
201138 -1.673644E-07  3.906651E-06
201139 -1.183443E-05 -5.545289E-07
201140 -8.549468E-06  1.525556E-05
201141 -8.836730E-07  2.411326E-06
201142 -1.415606E-05 -7.598417E-07
201143 -4.592150E-06  1.456106E-05
201144  8.698262E-06 -2.328299E-06
201145  1.787818E-06 -9.340295E-06
201146 -3.190535E-06 -5.957027E-06
201147  4.925851E-06  1.060721E-05
201148  8.650127E-06  6.870487E-06
201149  4.692849E-07 -7.022035E-06
201150  8.202501E-07  8.901848E-07
201151 -3.743893E-06  1.180867E-05
201152  2.801033E-06  6.503428E-06
201153  7.644296E-06  4.604922E-06
201154  1.312146E-05 -1.009827E-05
201155 -1.143257E-06 -9.043656E-06
201156 -6.780531E-06 -8.114607E-06
201157 -8.568678E-06 -5.775446E-06
201158 -3.621448E-06 -9.110366E-06
201159 -8.785970E-06 -7.146255E-06
201160 -1.147388E-05 -8.067261E-06
201161 -1.108549E-05 -6.806757E-06
201162 -2.900179E-06 -1.066399E-05
201163  4.176670E-06 -1.094234E-05
201164  8.547428E-06 -7.899309E-06
201165  9.523286E-06  3.369723E-07
201166  5.247270E-06  1.125179E-05
201167 -2.539175E-06  1.045955E-05
201168 -1.049724E-05  2.078414E-06
201169 -6.640238E-06 -8.649413E-06
201170  7.692769E-06 -6.371474E-06
201171  1.042709E-05  6.890958E-06
201172 -1.595944E-06  4.568652E-06
201173 -5.529441E-06 -7.617911E-06
201174  7.273233E-06 -4.652088E-06
201175  4.057298E-06  1.159474E-05
201176 -5.619136E-06 -1.590805E-06
201177  7.456584E-06 -7.257522E-06
201178 -3.863307E-07  8.185739E-06
201179 -3.683013E-06 -3.348388E-06
201180  4.462820E-06 -2.773031E-06
201181 -4.806627E-07  8.906103E-06
201182 -2.269521E-07 -8.832502E-06
201183  5.005832E-06  7.272538E-06
201184 -4.586789E-06 -4.399669E-06
201185  4.474667E-06 -8.939033E-08
201186 -2.661444E-06  1.685681E-06
201187  1.975865E-06 -5.950981E-06
201188 -1.568396E-06  6.965231E-06
201189 -9.552722E-07 -5.450609E-06
201190 -4.470783E-07  9.396335E-06
201191  1.384108E-06 -9.127395E-06
201192 -3.503455E-07  2.403932E-06
201193  5.971007E-06  7.837429E-06
201194 -8.189020E-06 -1.057287E-05
201195 -3.141071E-05  4.174510E-06
201196 -3.350679E-06 -1.749517E-05
201197  3.636524E-06  3.808798E-06
201198 -1.877980E-06  3.344809E-06
201199  1.240084E-06 -4.296798E-06
201200  3.782874E-07  3.538946E-06
201201  1.172595E-06 -2.836908E-06
201202 -4.053698E-06  1.277428E-05
201203  4.878818E-06 -8.218010E-06
201204 -2.733606E-06  3.180420E-06
201205 -5.314390E-07  2.949498E-08
201206 -2.927869E-06 -1.310652E-06
201207  4.602022E-06  7.340440E-06
201208  3.335611E-06 -1.269059E-05
201209 -1.259010E-06  6.588800E-06
201210  1.687276E-06 -1.830548E-06
201211 -1.016710E-05 -2.826999E-06
201212 -7.030306E-06  1.118327E-05
201213 -3.294258E-07 -3.418869E-06
201214 -1.139282E-05 -1.942385E-06
201215 -4.946026E-07  1.304542E-05
201216  1.091472E-05 -4.458716E-06
201217  4.725741E-07 -7.853678E-06
201218 -1.226007E-06 -9.614042E-07
201219  2.294793E-06  1.204008E-05
201220  4.765853E-06  9.926729E-07
201221 -4.705558E-07 -1.108268E-05
201222 -7.057030E-07  3.466501E-06
201223 -6.577525E-06  1.483360E-05
201224  7.072161E-06  6.356804E-06
