Mesh2HRTF 0.1.2
    1
    1  1225
200000 -3.705807E-08 -1.309552E-05
200001 -3.432343E-07 -1.052767E-05
200002 -4.945293E-07 -8.630773E-06
200003 -6.242098E-07 -6.658641E-06
200004 -7.312696E-07 -4.667563E-06
200005 -8.162106E-07 -2.710411E-06
200006 -8.808779E-07 -8.336741E-07
200007 -9.281535E-07  9.246625E-07
200008 -9.615484E-07  2.536249E-06
200009 -9.847617E-07  3.982584E-06
200010 -1.001263E-06  5.254412E-06
200011 -1.013950E-06  6.350493E-06
200012 -1.024925E-06  7.275970E-06
200013 -1.035402E-06  8.040538E-06
200014 -1.045743E-06  8.656604E-06
200015 -1.055614E-06  9.137580E-06
200016 -1.064216E-06  9.496400E-06
200017 -1.070559E-06  9.744313E-06
200018 -1.073719E-06  9.889956E-06
200019 -1.073073E-06  9.938734E-06
200020 -1.068433E-06  9.892433E-06
200021 -1.060095E-06  9.749111E-06
200022 -1.048780E-06  9.503222E-06
200023 -1.035479E-06  9.145995E-06
200024 -1.021222E-06  8.666075E-06
200025 -1.006806E-06  8.050452E-06
200026 -9.925236E-07  7.285668E-06
200027 -9.779302E-07  6.359310E-06
200028 -9.617010E-07  5.261714E-06
200029 -9.416018E-07  3.987806E-06
200030 -9.145954E-07  2.538929E-06
200031 -8.770831E-07  9.244677E-07
200032 -8.252603E-07 -8.369235E-07
200033 -7.555487E-07 -2.716733E-06
200034 -6.650496E-07 -4.676809E-06
200035 -5.519563E-07 -6.670513E-06
200036 -4.158666E-07 -8.644839E-06
200037 -2.579444E-07 -1.054340E-05
200038 -8.090210E-08 -1.231003E-05
200039  1.111983E-07 -1.389277E-05
200040  3.132989E-07 -1.524769E-05
200041  5.198042E-07 -1.634220E-05
200042  7.250747E-07 -1.715754E-05
200043  9.238863E-07 -1.769002E-05
200044  1.111792E-06 -1.795104E-05
200045  1.285342E-06 -1.796578E-05
200046  1.442155E-06 -1.777089E-05
200047  1.580847E-06 -1.741146E-05
200048  1.700854E-06 -1.693753E-05
200049  1.802201E-06 -1.640067E-05
200050  1.885272E-06 -1.585084E-05
200051  1.950608E-06 -1.533373E-05
200052  1.998763E-06 -1.488878E-05
200053  2.030231E-06 -1.454773E-05
200054  2.045418E-06 -1.433371E-05
200055  2.044643E-06 -1.426076E-05
200056  2.028152E-06 -1.433355E-05
200057  1.996120E-06 -1.454732E-05
200058  1.948627E-06 -1.488799E-05
200059  1.885639E-06 -1.533235E-05
200060  1.806986E-06 -1.584863E-05
200061  1.712380E-06 -1.639736E-05
200062  1.601479E-06 -1.693286E-05
200063  1.474028E-06 -1.740519E-05
200064  1.330053E-06 -1.776283E-05
200065  1.170096E-06 -1.795583E-05
200066  9.954485E-07 -1.793920E-05
200067  8.083355E-07 -1.767640E-05
200068  6.119929E-07 -1.714237E-05
200069  4.106119E-07 -1.632585E-05
200070  2.091305E-07 -1.523062E-05
200071  1.288611E-08 -1.387554E-05
200072 -1.728265E-07 -1.229324E-05
200073 -1.168954E-06 -4.899425E-06
200074 -1.328977E-06 -8.228574E-07
200075 -1.352325E-06  3.167579E-06
200076 -1.241370E-06  6.783728E-06
200077 -1.016489E-06  9.812527E-06
200078 -7.116669E-07  1.212952E-05
200079 -3.684281E-07  1.369798E-05
200080 -2.930533E-08  1.455665E-05
200081  2.680933E-07  1.480024E-05
200082  4.956614E-07  1.455734E-05
200083  6.375668E-07  1.396937E-05
200084  6.910747E-07  1.317350E-05
200085  6.655419E-07  1.229068E-05
200086  5.799215E-07  1.141917E-05
200087  4.592688E-07  1.063280E-05
200088  3.308107E-07  9.982799E-06
200089  2.201111E-07  9.501818E-06
200090  1.477631E-07  9.208655E-06
200091  1.268955E-07  9.112552E-06
200092  1.616494E-07  9.216133E-06
200093  2.466924E-07  9.516447E-06
200094  3.677885E-07  1.000393E-05
200095  5.034136E-07  1.065946E-05
200096  6.273474E-07  1.145009E-05
200097  7.120765E-07  1.232427E-05
200098  7.326964E-07  1.320794E-05
200099  6.708630E-07  1.400265E-05
200100  5.182411E-07  1.458735E-05
200101  2.788915E-07  1.482493E-05
200102 -2.987931E-08  1.457419E-05
200103 -3.785177E-07  1.370696E-05
200104 -7.281552E-07  1.212917E-05
200105 -1.035307E-06  9.802862E-06
200106 -1.257876E-06  6.765624E-06
200107 -1.361702E-06  3.142798E-06
200108 -1.326612E-06 -8.517856E-07
200109 -1.150777E-06 -4.929409E-06
200110 -8.522293E-07 -8.754835E-06
200111 -4.668207E-07 -1.198660E-05
200112 -4.258963E-08 -1.432314E-05
200113  3.685691E-07 -1.554645E-05
200114  7.202284E-07 -1.555430E-05
200115  9.796035E-07 -1.437434E-05
200116  1.132609E-06 -1.215654E-05
200117  1.184612E-06 -9.146021E-06
200118  1.156871E-06 -5.642304E-06
200119  1.079835E-06 -1.954024E-06
200120  9.852383E-07  1.641497E-06
200121  8.990888E-07  4.926597E-06
200122  8.371520E-07  7.755974E-06
200123  8.036692E-07  1.005421E-05
200124  7.931145E-07  1.180169E-05
200125  7.940791E-07  1.301427E-05
200126  7.940339E-07  1.372189E-05
200127  7.837199E-07  1.395052E-05
200128  7.601729E-07  1.371037E-05
200129  7.277627E-07  1.299171E-05
200130  6.970465E-07  1.176904E-05
200131  6.816555E-07  1.001289E-05
200132  6.938483E-07  7.707885E-06
200133  7.397303E-07  4.874051E-06
200134  8.153795E-07  1.587181E-06
200135  9.051226E-07 -2.007171E-06
200136  9.828476E-07 -5.691263E-06
200137  1.016542E-06 -9.187925E-06
200138  9.753136E-07 -1.218894E-05
200139  8.372871E-07 -1.439549E-05
200140  5.963049E-07 -1.556334E-05
200141  2.654915E-07 -1.554357E-05
200142 -1.234714E-07 -1.430958E-05
200143 -5.253511E-07 -1.196453E-05
200144 -8.894705E-07 -8.727161E-06
200145 -2.187434E-06  7.945796E-07
200146 -2.406489E-06  6.530750E-06
200147 -2.221209E-06  1.112138E-05
200148 -1.685166E-06  1.404020E-05
200149 -9.049427E-07  1.510688E-05
200150 -1.105951E-08  1.444938E-05
200151  8.670891E-07  1.241614E-05
200152  1.618794E-06  9.469696E-06
200153  2.162523E-06  6.088020E-06
200154  2.451342E-06  2.689921E-06
200155  2.474733E-06 -4.094894E-07
200156  2.256951E-06 -3.014953E-06
200157  1.851388E-06 -5.044864E-06
200158  1.331053E-06 -6.510192E-06
200159  7.766417E-07 -7.485701E-06
200160  2.648240E-07 -8.079432E-06
200161 -1.406932E-07 -8.404879E-06
200162 -3.940294E-07 -8.558578E-06
200163 -4.684514E-07 -8.604310E-06
200164 -3.559704E-07 -8.563948E-06
200165 -6.706957E-08 -8.414547E-06
200166  3.687516E-07 -8.091440E-06
200167  9.025637E-07 -7.497537E-06
200168  1.467710E-06 -6.519255E-06
200169  1.985368E-06 -5.048989E-06
200170  2.374249E-06 -3.012959E-06
200171  2.562801E-06 -4.016339E-07
200172  2.501101E-06  2.701696E-06
200173  2.169760E-06  6.100182E-06
200174  1.584545E-06  9.477628E-06
200175  7.969612E-07  1.241501E-05
200176 -1.083245E-07  1.443521E-05
200177 -1.019158E-06  1.507754E-05
200178 -1.806142E-06  1.399609E-05
200179 -2.339676E-06  1.106564E-05
200180 -2.514488E-06  6.469051E-06
200181 -2.278391E-06  7.344783E-07
200182 -1.657134E-06 -5.304358E-06
200183 -7.643331E-07 -1.063552E-05
200184  2.126852E-07 -1.426755E-05
200185  1.052906E-06 -1.545483E-05
200186  1.558687E-06 -1.388614E-05
200187  1.611884E-06 -9.774896E-06
200188  1.208563E-06 -3.815593E-06
200189  4.584196E-07  2.986190E-06
200190 -4.514715E-07  9.559586E-06
200191 -1.314792E-06  1.501390E-05
200192 -1.964261E-06  1.881137E-05
200193 -2.310436E-06  2.082572E-05
200194 -2.351549E-06  2.128821E-05
200195 -2.157399E-06  2.065948E-05
200196 -1.838536E-06  1.948112E-05
200197 -1.513418E-06  1.825263E-05
200198 -1.282146E-06  1.735567E-05
200199 -1.209662E-06  1.702267E-05
200200 -1.317326E-06  1.733105E-05
200201 -1.580650E-06  1.820394E-05
200202 -1.932145E-06  1.940939E-05
200203 -2.270165E-06  2.056614E-05
200204 -2.475857E-06  2.117521E-05
200205 -2.439270E-06  2.069590E-05
200206 -2.091780E-06  1.866896E-05
200207 -1.436404E-06  1.486494E-05
200208 -5.634839E-07  9.411884E-06
200209  3.593471E-07  2.848711E-06
200210  1.125856E-06 -3.933855E-06
200211  1.549161E-06 -9.866320E-06
200212  1.519466E-06 -1.394575E-05
200213  1.040041E-06 -1.548108E-05
200214  2.277535E-07 -1.426249E-05
200215 -7.214540E-07 -1.060432E-05
200216 -1.588390E-06 -5.254430E-06
200217 -2.553045E-06  6.035971E-06
200218 -2.602226E-06  1.127474E-05
200219 -2.056321E-06  1.350279E-05
200220 -1.189663E-06  1.262064E-05
200221 -2.638385E-07  9.229857E-06
200222  5.455927E-07  4.317880E-06
200223  1.157631E-06 -1.061333E-06
200224  1.550611E-06 -6.021923E-06
200225  1.719850E-06 -9.965608E-06
200226  1.657144E-06 -1.260102E-05
200227  1.358920E-06 -1.389941E-05
200228  8.486303E-07 -1.402323E-05
200229  1.909981E-07 -1.325229E-05
200230 -5.160068E-07 -1.191875E-05
200231 -1.168857E-06 -1.035405E-05
200232 -1.689763E-06 -8.849172E-06
200233 -2.043650E-06 -7.630258E-06
200234 -2.232577E-06 -6.850361E-06
200235 -2.273494E-06 -6.593905E-06
200236 -2.174967E-06 -6.885666E-06
200237 -1.928305E-06 -7.695446E-06
200238 -1.518956E-06 -8.934480E-06
200239 -9.509444E-07 -1.044716E-05
200240 -2.681340E-07 -1.200677E-05
200241  4.431301E-07 -1.332366E-05
200242  1.074752E-06 -1.406950E-05
200243  1.531001E-06 -1.391692E-05
200244  1.756596E-06 -1.259214E-05
200245  1.742236E-06 -9.938935E-06
200246  1.505881E-06 -5.990849E-06
200247  1.065831E-06 -1.040918E-06
200248  4.299363E-07  4.314826E-06
200249 -3.836057E-07  9.196042E-06
200250 -1.301121E-06  1.255566E-05
200251 -2.154511E-06  1.341240E-05
200252 -2.686937E-06  1.116874E-05
200253 -2.625287E-06  5.926173E-06
200254 -1.805213E-06 -1.336671E-06
200255 -2.953606E-07 -8.853762E-06
200256  1.551235E-06 -1.448530E-05
200257  3.171051E-06 -1.637522E-05
200258  3.984527E-06 -1.363205E-05
200259  3.636508E-06 -6.746694E-06
200260  2.166741E-06  2.471037E-06
200261  1.504079E-08  1.146117E-05
200262 -2.153086E-06  1.777813E-05
200263 -3.716400E-06  1.989373E-05
200264 -4.327067E-06  1.760793E-05
200265 -3.992178E-06  1.192989E-05
200266 -2.992532E-06  4.544241E-06
200267 -1.713291E-06 -2.850423E-06
200268 -4.904450E-07 -9.034932E-06
200269  4.621052E-07 -1.343477E-05
200270  1.045389E-06 -1.597944E-05
200271  1.229800E-06 -1.680728E-05
200272  1.013179E-06 -1.599849E-05
200273  4.044365E-07 -1.347086E-05
200274 -5.618374E-07 -9.085760E-06
200275 -1.784792E-06 -2.915639E-06
200276 -3.052244E-06  4.461992E-06
200277 -4.032944E-06  1.182620E-05
200278 -4.347893E-06  1.747985E-05
200279 -3.721737E-06  1.974348E-05
200280 -2.150225E-06  1.761521E-05
200281  1.942813E-08  1.130153E-05
200282  2.169457E-06  2.333445E-06
200283  3.638875E-06 -6.845694E-06
200284  3.991283E-06 -1.368238E-05
200285  3.187809E-06 -1.637510E-05
200286  1.581932E-06 -1.444038E-05
200287 -2.496350E-07 -8.774527E-06
200288 -1.745540E-06 -1.235687E-06
200289 -2.017291E-06  1.047500E-05
200290 -8.874798E-07  1.197513E-05
200291  4.332436E-07  9.292215E-06
200292  1.260381E-06  3.877586E-06
200293  1.306113E-06 -2.342157E-06
200294  7.183906E-07 -7.698972E-06
200295 -9.869031E-08 -1.118445E-05
200296 -7.511763E-07 -1.250015E-05
200297 -1.055770E-06 -1.187779E-05
200298 -1.080445E-06 -9.822889E-06
200299 -1.032972E-06 -6.898195E-06
200300 -1.091144E-06 -3.599791E-06
200301 -1.288318E-06 -3.196676E-07
200302 -1.515787E-06  2.647594E-06
200303 -1.620794E-06  5.097621E-06
200304 -1.522580E-06  6.923803E-06
200305 -1.269400E-06  8.121887E-06
200306 -1.006605E-06  8.764927E-06
200307 -8.833303E-07  8.944253E-06
200308 -9.589764E-07  8.704827E-06
200309 -1.166683E-06  8.015573E-06
200310 -1.355887E-06  6.794505E-06
200311 -1.389465E-06  4.971308E-06
200312 -1.236262E-06  2.547455E-06
200313 -9.970691E-07 -3.761054E-07
200314 -8.382550E-07 -3.601823E-06
200315 -8.671978E-07 -6.843402E-06
200316 -1.031505E-06 -9.719655E-06
200317 -1.122255E-06 -1.174693E-05
200318 -9.004618E-07 -1.237242E-05
200319 -2.794505E-07 -1.109240E-05
200320  5.569148E-07 -7.665878E-06
200321  1.197075E-06 -2.373886E-06
200322  1.211803E-06  3.792780E-06
200323  4.320013E-07  9.175566E-06
200324 -8.638197E-07  1.184611E-05
200325 -1.987675E-06  1.034420E-05
200326 -2.140241E-06  4.513576E-06
200327 -8.605921E-07 -3.999082E-06
200328  1.602714E-06 -1.200970E-05
200329  4.251749E-06 -1.595064E-05
200330  5.748679E-06 -1.352783E-05
200331  5.128446E-06 -5.069364E-06
200332  2.419907E-06  6.262504E-06
200333 -1.250589E-06  1.570288E-05
200334 -4.217273E-06  1.904647E-05
200335 -5.189267E-06  1.461540E-05
200336 -3.933190E-06  3.951017E-06
200337 -1.279590E-06 -9.121496E-06
200338  1.500185E-06 -2.045085E-05
200339  3.455778E-06 -2.739757E-05
200340  4.338543E-06 -2.962873E-05
200341  4.459996E-06 -2.869129E-05
200342  4.296773E-06 -2.687139E-05
200343  4.191770E-06 -2.603523E-05
200344  4.263100E-06 -2.688141E-05
200345  4.402883E-06 -2.870008E-05
200346  4.275932E-06 -2.962174E-05
200347  3.408456E-06 -2.736793E-05
200348  1.485429E-06 -2.040630E-05
200349 -1.254079E-06 -9.082645E-06
200350 -3.872649E-06  3.960745E-06
200351 -5.110664E-06  1.458276E-05
200352 -4.143345E-06  1.897702E-05
200353 -1.201260E-06  1.562025E-05
200354  2.434988E-06  6.198511E-06
200355  5.112613E-06 -5.088547E-06
200356  5.714767E-06 -1.349201E-05
200357  4.214294E-06 -1.586716E-05
200358  1.570348E-06 -1.189623E-05
200359 -8.879823E-07 -3.872745E-06
200360 -2.167738E-06  4.643378E-06
200361 -1.196481E-06  1.149721E-05
200362  1.848401E-06  7.256777E-06
200363  3.945532E-06  2.794340E-07
200364  4.165826E-06 -6.211478E-06
200365  2.577893E-06 -9.929050E-06
200366  6.757490E-08 -1.014786E-05
200367 -2.183821E-06 -7.469650E-06
200368 -3.297311E-06 -3.168569E-06
200369 -3.077626E-06  1.447860E-06
200370 -1.992802E-06  5.440749E-06
200371 -7.958310E-07  8.372424E-06
200372 -4.841190E-08  1.022281E-05
200373  1.526421E-07  1.118334E-05
200374  1.122009E-07  1.145677E-05
200375  2.388627E-07  1.117774E-05
200376  7.424944E-07  1.047328E-05
200377  1.511861E-06  9.565075E-06
200378  2.210119E-06  8.783266E-06
200379  2.496018E-06  8.448390E-06
200380  2.231043E-06  8.704214E-06
200381  1.561466E-06  9.435439E-06
200382  8.333763E-07  1.033682E-05
200383  3.805419E-07  1.107529E-05
200384  2.985626E-07  1.141380E-05
200385  3.512224E-07  1.120883E-05
200386  1.047972E-07  1.031585E-05
200387 -7.522121E-07  8.526984E-06
200388 -2.100279E-06  5.642204E-06
200389 -3.331147E-06  1.665121E-06
200390 -3.642295E-06 -2.983892E-06
200391 -2.537159E-06 -7.368827E-06
200392 -2.160524E-07 -1.016011E-05
200393  2.408545E-06 -1.004266E-05
200394  4.111326E-06 -6.376968E-06
200395  3.971964E-06  1.227992E-07
200396  1.909548E-06  7.147056E-06
200397 -1.136041E-06  1.143117E-05
200398 -3.530539E-06  1.030607E-05
200399 -3.747141E-06  3.489685E-06
200400 -1.336654E-06 -6.052018E-06
200401  2.508146E-06 -1.312376E-05
200402  5.361738E-06 -1.308568E-05
200403  5.006116E-06 -4.942840E-06
200404  1.112613E-06  7.354044E-06
200405 -4.135030E-06  1.668112E-05
200406 -7.263605E-06  1.688293E-05
200407 -5.937113E-06  6.729402E-06
200408 -7.442466E-07 -9.057320E-06
200409  5.198424E-06 -2.255895E-05
200410  8.575971E-06 -2.735064E-05
200411  8.173078E-06 -2.190562E-05
200412  5.261820E-06 -9.637350E-06
200413  2.062198E-06  3.821612E-06
200414  9.676032E-10  1.364413E-05
200415 -6.630574E-07  1.716013E-05
200416 -2.408277E-08  1.361343E-05
200417  2.020427E-06  3.791222E-06
200418  5.218897E-06 -9.624691E-06
200419  8.148514E-06 -2.182245E-05
200420  8.587101E-06 -2.720325E-05
200421  5.252930E-06 -2.238613E-05
200422 -6.538533E-07 -8.910042E-06
200423 -5.833584E-06  6.815652E-06
200424 -7.178068E-06  1.690718E-05
200425 -4.094906E-06  1.667649E-05
200426  1.095756E-06  7.368103E-06
200427  4.942092E-06 -4.875750E-06
200428  5.276341E-06 -1.296405E-05
200429  2.428667E-06 -1.297820E-05
200430 -1.396536E-06 -5.923941E-06
200431 -3.792970E-06  3.576917E-06
200432 -3.578717E-06  1.036381E-05
200433 -4.081438E-07  7.134281E-06
200434  3.397374E-06 -1.408959E-06
200435  5.210512E-06 -8.520206E-06
200436  4.533559E-06 -1.088877E-05
200437  1.959218E-06 -8.151301E-06
200438 -1.189403E-06 -2.233866E-06
200439 -3.418964E-06  4.239027E-06
200440 -3.751301E-06  9.246186E-06
200441 -2.229162E-06  1.183925E-05
200442  1.398453E-07  1.200056E-05
200443  2.044596E-06  1.032151E-05
200444  2.688624E-06  7.676425E-06
200445  2.179635E-06  4.869301E-06
200446  1.274520E-06  2.330377E-06
200447  7.695354E-07  6.444432E-08
200448  1.011873E-06 -2.088484E-06
200449  1.799897E-06 -4.103635E-06
200450  2.614604E-06 -5.646201E-06
200451  2.961256E-06 -6.271843E-06
200452  2.634924E-06 -5.760274E-06
200453  1.823892E-06 -4.283081E-06
200454  1.024314E-06 -2.261846E-06
200455  7.730643E-07 -4.495164E-08
200456  1.284650E-06  2.305195E-06
200457  2.199368E-06  4.913849E-06
200458  2.686498E-06  7.765406E-06
200459  1.961203E-06  1.043992E-05
200460 -7.635418E-08  1.214116E-05
200461 -2.583441E-06  1.197994E-05
200462 -4.192108E-06  9.334591E-06
200463 -3.862115E-06  4.209213E-06
200464 -1.557190E-06 -2.416637E-06
200465  1.709426E-06 -8.451997E-06
200466  4.401911E-06 -1.120650E-05
200467  5.164136E-06 -8.740539E-06
200468  3.389151E-06 -1.471747E-06
200469 -4.171572E-07  7.199805E-06
200470 -4.565860E-06  1.224269E-05
200471 -6.705038E-06  1.003733E-05
200472 -5.127068E-06  1.290416E-06
200473 -3.368455E-07 -8.533781E-06
200474  4.479485E-06 -1.233403E-05
200475  5.240346E-06 -6.498594E-06
200476  3.657582E-07  5.618855E-06
200477 -6.987693E-06  1.511822E-05
200478 -1.059889E-05  1.376092E-05
200479 -6.293980E-06  7.263888E-07
200480  3.814076E-06 -1.566274E-05
200481  1.241076E-05 -2.340044E-05
200482  1.307369E-05 -1.557486E-05
200483  5.781557E-06  4.717957E-06
200484 -3.603616E-06  2.745615E-05
200485 -9.237868E-06  4.374683E-05
200486 -1.029240E-05  5.137203E-05
200487 -9.965603E-06  5.320669E-05
200488 -1.029404E-05  5.129627E-05
200489 -9.238506E-06  4.364575E-05
200490 -3.597522E-06  2.740136E-05
200491  5.802349E-06  4.760910E-06
200492  1.311634E-05 -1.543203E-05
200493  1.247765E-05 -2.320495E-05
200494  3.899696E-06 -1.548288E-05
200495 -6.204161E-06  8.402154E-07
200496 -1.052661E-05  1.380291E-05
200497 -6.955116E-06  1.512714E-05
200498  3.476737E-07  5.652076E-06
200499  5.181964E-06 -6.402930E-06
200500  4.411103E-06 -1.218545E-05
200501 -3.816032E-07 -8.389198E-06
200502 -5.132863E-06  1.361263E-06
200503 -6.683606E-06  1.000332E-05
200504 -4.543085E-06  1.214425E-05
200505  6.225071E-07 -3.306465E-07
200506  2.413329E-06 -8.861131E-06
200507  2.551271E-06 -1.161663E-05
200508  1.607463E-06 -7.632763E-06
200509  6.794199E-08  1.013716E-07
200510 -1.554904E-06  7.269438E-06
200511 -2.444657E-06  1.096957E-05
200512 -1.826611E-06  1.072929E-05
200513  2.551297E-07  7.691458E-06
200514  2.676069E-06  3.308420E-06
200515  3.972346E-06 -1.269151E-06
200516  3.453914E-06 -5.154762E-06
200517  1.645805E-06 -7.746240E-06
200518 -2.613716E-07 -8.994438E-06
200519 -1.326252E-06 -9.462522E-06
200520 -1.348825E-06 -9.895501E-06
200521 -7.303611E-07 -1.064506E-05
200522 -4.821750E-08 -1.147929E-05
200523  2.615992E-07 -1.190163E-05
200524  1.956291E-08 -1.164474E-05
200525 -6.615156E-07 -1.090906E-05
200526 -1.354957E-06 -1.015887E-05
200527 -1.428795E-06 -9.646842E-06
200528 -4.137866E-07 -9.082202E-06
200529  1.509617E-06 -7.778374E-06
200530  3.356269E-06 -5.185973E-06
200531  3.874084E-06 -1.320858E-06
200532  2.518265E-06  3.251950E-06
200533  1.423960E-08  7.640429E-06
200534 -2.124181E-06  1.064624E-05
200535 -2.752649E-06  1.077917E-05
200536 -1.839937E-06  6.922302E-06
200537 -1.774588E-07 -3.614424E-07
200538  1.413562E-06 -8.076652E-06
200539  2.414724E-06 -1.188670E-05
200540  2.320498E-06 -8.882323E-06
200541  5.414957E-07 -1.582075E-07
200542 -2.844150E-06  9.036487E-06
200543 -6.128516E-06  1.236427E-05
200544 -6.399803E-06  7.040835E-06
200545 -2.050068E-06 -3.348699E-06
200546  4.509065E-06 -1.068989E-05
200547  7.412640E-06 -8.451537E-06
200548  2.428348E-06  2.243510E-06
200549 -7.498919E-06  1.217040E-05
200550 -1.293453E-05  1.112848E-05
200551 -6.529445E-06 -2.236208E-06
200552  8.140037E-06 -1.698761E-05
200553  1.787128E-05 -1.794247E-05
200554  1.216792E-05  3.772446E-07
200555 -5.475709E-06  2.701375E-05
200556 -2.026269E-05  4.317065E-05
200557 -2.110012E-05  3.934012E-05
200558 -1.189171E-05  2.428523E-05
200559 -6.335856E-06  1.617281E-05
200560 -1.188143E-05  2.418508E-05
200561 -2.107507E-05  3.919186E-05
200562 -2.021780E-05  4.304994E-05
200563 -5.411676E-06  2.697853E-05
200564  1.224136E-05  4.376274E-07
200565  1.794053E-05 -1.782514E-05
200566  8.198527E-06 -1.687301E-05
200567 -6.476610E-06 -2.168164E-06
200568 -1.287957E-05  1.114448E-05
200569 -7.444547E-06  1.216544E-05
200570  2.469440E-06  2.264318E-06
200571  7.435167E-06 -8.372523E-06
200572  4.529204E-06 -1.056288E-05
200573 -2.004785E-06 -3.235784E-06
200574 -6.317704E-06  7.054902E-06
200575 -6.026918E-06  1.223557E-05
200576 -2.750188E-06  8.816478E-06
200577  1.773244E-06 -5.866504E-06
200578 -6.045562E-07 -1.038212E-05
200579 -2.422416E-06 -7.739100E-06
200580 -2.219014E-06 -8.363238E-08
200581 -8.525615E-07  7.409469E-06
200582  9.605579E-08  1.025899E-05
200583  2.521569E-07  7.485918E-06
200584  5.412080E-07  1.516977E-06
200585  1.646650E-06 -4.369881E-06
200586  2.914835E-06 -8.403698E-06
200587  3.029024E-06 -1.048787E-05
200588  1.506483E-06 -1.095886E-05
200589 -7.876934E-07 -9.941193E-06
200590 -2.539071E-06 -7.754687E-06
200591 -3.122689E-06 -5.241118E-06
200592 -2.842966E-06 -3.332155E-06
200593 -2.337643E-06 -2.419849E-06
200594 -1.979081E-06 -2.252538E-06
200595 -1.811701E-06 -2.346351E-06
200596 -1.843494E-06 -2.451924E-06
200597 -2.184369E-06 -2.746864E-06
200598 -2.809183E-06 -3.672612E-06
200599 -3.251606E-06 -5.495807E-06
200600 -2.750238E-06 -7.897771E-06
200601 -9.551281E-07 -1.003019E-05
200602  1.445565E-06 -1.107674E-05
200603  3.040585E-06 -1.066643E-05
200604  2.932072E-06 -8.604893E-06
200605  1.646204E-06 -4.544106E-06
200606  5.416728E-07  1.359114E-06
200607  2.522821E-07  7.267143E-06
200608  4.960016E-08  9.907405E-06
200609 -9.839449E-07  6.945103E-06
200610 -2.407026E-06 -5.301645E-07
200611 -2.592333E-06 -8.004402E-06
200612 -7.136246E-07 -1.038850E-05
200613  1.696913E-06 -5.681939E-06
200614  1.808864E-06  3.177156E-06
200615 -1.277820E-06  9.853528E-06
200616 -4.450750E-06  9.053521E-06
200617 -2.927599E-06  1.020922E-06
200618  3.973105E-06 -7.715603E-06
200619  9.859568E-06 -9.111134E-06
200620  6.646876E-06 -1.079911E-06
200621 -5.222083E-06  8.952208E-06
200622 -1.380842E-05  9.646423E-06
200623 -7.128049E-06 -2.318747E-06
200624  1.111594E-05 -1.555158E-05
200625  2.119656E-05 -1.265919E-05
200626  7.541874E-06  1.043075E-05
200627 -2.116613E-05  3.434805E-05
200628 -3.729046E-05  3.052105E-05
200629 -2.309950E-05 -9.993333E-06
200630  8.056232E-06 -6.230185E-05
200631  2.403376E-05 -8.624135E-05
200632  8.043316E-06 -6.237572E-05
200633 -2.310410E-05 -1.011088E-05
200634 -3.726069E-05  3.040614E-05
200635 -2.109541E-05  3.427447E-05
200636  7.627956E-06  1.040893E-05
200637  2.125702E-05 -1.264840E-05
200638  1.113238E-05 -1.553635E-05
200639 -7.129125E-06 -2.312793E-06
200640 -1.377722E-05  9.648262E-06
200641 -5.132642E-06  8.961568E-06
200642  6.775130E-06 -1.052649E-06
200643  9.990165E-06 -9.054733E-06
200644  4.095099E-06 -7.626979E-06
200645 -2.796781E-06  1.110547E-06
200646 -4.303809E-06  9.072831E-06
200647 -1.140886E-06  9.742119E-06
200648  1.907260E-06  2.962246E-06
200649  2.235483E-06 -6.240839E-06
200650 -4.054950E-06 -5.759752E-06
200651 -6.603378E-06 -6.625417E-07
200652 -4.097994E-06  5.629757E-06
200653  3.862104E-07  8.751456E-06
200654  2.991918E-06  6.143314E-06
200655  2.650637E-06 -9.350040E-07
200656  1.214492E-06 -8.161021E-06
200657  6.437282E-07 -1.170096E-05
200658  8.535807E-07 -1.104797E-05
200659  4.872588E-07 -8.186122E-06
200660 -9.526978E-07 -4.825243E-06
200661 -2.473383E-06 -1.344021E-06
200662 -2.908712E-06  2.191092E-06
200663 -2.230598E-06  5.259112E-06
200664 -1.371429E-06  7.329026E-06
200665 -1.091882E-06  8.395631E-06
200666 -1.298768E-06  8.806756E-06
200667 -1.400104E-06  8.847359E-06
200668 -1.125117E-06  8.620093E-06
200669 -8.847286E-07  8.081695E-06
200670 -1.290725E-06  6.997430E-06
200671 -2.317698E-06  5.023311E-06
200672 -3.054547E-06  2.093694E-06
200673 -2.526337E-06 -1.364965E-06
200674 -8.597978E-07 -4.877666E-06
200675  6.557675E-07 -8.322121E-06
200676  1.018604E-06 -1.122453E-05
200677  8.218083E-07 -1.184120E-05
200678  1.471064E-06 -8.245748E-06
200679  2.963749E-06 -1.030365E-06
200680  3.222373E-06  5.947447E-06
200681  4.156388E-07  8.437102E-06
200682 -4.231092E-06  5.292414E-06
200683 -6.746035E-06 -8.768229E-07
200684 -4.106775E-06 -5.777539E-06
200685  2.235747E-06 -6.127896E-06
200686  6.826289E-06 -1.665311E-06
200687  5.131547E-06  4.326640E-06
200688 -1.129592E-06  6.878900E-06
200689 -4.376339E-06  3.226634E-06
200690  8.505440E-07 -4.003830E-06
200691  9.766331E-06 -7.895177E-06
200692  1.045603E-05 -3.470262E-06
200693 -1.478948E-06  5.728877E-06
200694 -1.357946E-05  8.919551E-06
200695 -8.528626E-06 -2.838928E-07
200696  1.213411E-05 -1.278828E-05
200697  2.317972E-05 -9.955123E-06
200698  3.118054E-06  1.315644E-05
200699 -3.467519E-05  3.194520E-05
200700 -4.856095E-05  9.039429E-06
200701 -1.332227E-05 -6.552452E-05
200702  4.621162E-05 -1.528174E-04
200703  7.544050E-05 -1.917449E-04
200704  4.615251E-05 -1.528302E-04
200705 -1.339550E-05 -6.555333E-05
200706 -4.858851E-05  8.995841E-06
200707 -3.462989E-05  3.189370E-05
200708  3.201196E-06  1.310010E-05
200709  2.322830E-05 -1.002042E-05
200710  1.210820E-05 -1.285853E-05
200711 -8.588050E-06 -3.326118E-07
200712 -1.358157E-05  8.923270E-06
200713 -1.368876E-06  5.782190E-06
200714  1.064843E-05 -3.407050E-06
200715  9.968506E-06 -7.849901E-06
200716  1.026369E-06 -3.957428E-06
200717 -4.209653E-06  3.301380E-06
200718 -9.619707E-07  6.952626E-06
200719  5.259565E-06  4.324976E-06
200720  6.872278E-06 -1.766914E-06
200721  1.436535E-06 -2.173138E-06
200722 -6.442404E-06  1.365832E-06
200723 -8.004322E-06  4.714690E-06
200724 -3.191968E-06  6.126123E-06
200725  2.928251E-06  4.599137E-06
200726  5.267921E-06 -2.100846E-07
200727  3.089177E-06 -6.627752E-06
200728 -3.547668E-07 -1.072668E-05
200729 -1.970153E-06 -9.603623E-06
200730 -1.746478E-06 -4.460539E-06
200731 -1.520501E-06  1.092131E-06
200732 -2.044615E-06  4.987924E-06
200733 -2.288741E-06  7.525010E-06
200734 -1.252413E-06  9.319146E-06
200735  5.581841E-07  1.030942E-05
200736  1.730590E-06  1.053626E-05
200737  1.535939E-06  1.051597E-05
200738  6.051299E-07  1.060175E-05
200739  1.634084E-07  1.064194E-05
200740  7.610879E-07  1.046634E-05
200741  1.725007E-06  1.028376E-05
200742  1.819495E-06  1.029939E-05
200743  5.327401E-07  1.018511E-05
200744 -1.266683E-06  9.364108E-06
200745 -2.153776E-06  7.677305E-06
200746 -1.763600E-06  5.118553E-06
200747 -1.234128E-06  1.122104E-06
200748 -1.550328E-06 -4.502021E-06
200749 -1.774876E-06 -9.629773E-06
200750  3.074939E-09 -1.068749E-05
200751  3.602388E-06 -6.561158E-06
200752  5.709354E-06 -2.114941E-07
200753  3.089339E-06  4.469466E-06
200754 -3.270378E-06  5.918011E-06
200755 -8.098458E-06  4.553663E-06
200756 -6.408249E-06  1.324740E-06
200757  1.535997E-06 -2.152901E-06
200758  9.417167E-06 -3.530693E-06
200759  9.778955E-06 -1.576326E-06
200760  1.671980E-06  1.868843E-06
200761 -6.435448E-06  2.840994E-06
200762 -4.458644E-06 -6.830679E-07
200763  6.411409E-06 -5.379651E-06
200764  1.206057E-05 -4.867667E-06
200765  2.237647E-06  2.302340E-06
200766 -1.260541E-05  7.967443E-06
200767 -1.058388E-05  2.650849E-06
200768  1.108659E-05 -9.273515E-06
200769  2.427030E-05 -9.333568E-06
200770  1.553502E-06  1.095448E-05
200771 -4.169313E-05  2.717173E-05
200772 -5.257969E-05 -3.556440E-06
200773  1.250771E-06 -9.474279E-05
200774  8.570816E-05 -2.010283E-04
200775  1.266141E-04 -2.484724E-04
200776  8.561364E-05 -2.009835E-04
200777  1.121710E-06 -9.468423E-05
200778 -5.265869E-05 -3.518661E-06
200779 -4.167489E-05  2.717177E-05
200780  1.632302E-06  1.091118E-05
200781  2.431407E-05 -9.424562E-06
200782  1.103387E-05 -9.397467E-06
200783 -1.068774E-05  2.551351E-06
200784 -1.264256E-05  7.962021E-06
200785  2.342313E-06  2.395093E-06
200786  1.226773E-05 -4.760359E-06
200787  6.620844E-06 -5.337772E-06
200788 -4.296144E-06 -6.836488E-07
200789 -6.289954E-06  2.889095E-06
200790  1.822083E-06  1.993866E-06
200791  9.877081E-06 -1.455198E-06
200792  9.394958E-06 -3.496284E-06
200793 -2.701937E-07  3.288380E-06
200794 -7.091821E-06  7.122256E-06
200795 -6.686745E-06  6.180309E-06
200796 -6.276115E-07  2.327353E-06
200797  5.138777E-06 -1.365507E-06
200798  5.718826E-06 -4.253908E-06
200799  1.458112E-06 -6.566165E-06
200800 -3.168484E-06 -6.444365E-06
200801 -4.627621E-06 -2.138276E-06
200802 -3.405614E-06  4.244559E-06
200803 -2.059129E-06  8.700421E-06
200804 -1.623431E-06  9.976235E-06
200805 -9.791738E-07  9.591512E-06
200806  8.680688E-07  8.645938E-06
200807  3.150450E-06  7.110104E-06
200808  4.227315E-06  5.351714E-06
200809  3.467661E-06  4.287236E-06
200810  1.894118E-06  4.142585E-06
200811  1.153812E-06  4.225175E-06
200812  1.990215E-06  4.062014E-06
200813  3.581130E-06  4.149892E-06
200814  4.281233E-06  5.234093E-06
200815  3.165594E-06  7.124993E-06
200816  9.700501E-07  8.852546E-06
200817 -6.867525E-07  9.923952E-06
200818 -1.208600E-06  1.028937E-05
200819 -1.732582E-06  8.890616E-06
200820 -3.278683E-06  4.318712E-06
200821 -4.534828E-06 -2.092768E-06
200822 -2.837512E-06 -6.342033E-06
200823  2.050153E-06 -6.402553E-06
200824  6.271908E-06 -4.123677E-06
200825  5.365712E-06 -1.373303E-06
200826 -6.833350E-07  2.192180E-06
200827 -6.746356E-06  6.040830E-06
200828 -6.986839E-06  7.061902E-06
200829 -9.103218E-08  3.248734E-06
200830  8.770794E-06 -2.804359E-06
200831  1.117637E-05 -5.920057E-06
200832  3.304157E-06 -3.685258E-06
200833 -7.870117E-06  6.992751E-07
200834 -9.573098E-06  1.534724E-06
200835  1.442612E-06 -2.484240E-06
200836  1.141760E-05 -5.410345E-06
200837  5.139799E-06 -1.176080E-06
200838 -1.095062E-05  6.179964E-06
200839 -1.254224E-05  5.234359E-06
200840  8.426942E-06 -5.457274E-06
200841  2.422517E-05 -9.392874E-06
200842  2.885715E-06  6.501616E-06
200843 -4.165888E-05  2.281586E-05
200844 -5.101200E-05 -4.137055E-06
200845  1.235287E-05 -9.245306E-05
200846  1.102765E-04 -1.986946E-04
200847  1.576431E-04 -2.467043E-04
200848  1.101787E-04 -1.986201E-04
200849  1.221446E-05 -9.234865E-05
200850 -5.110420E-05 -4.051749E-06
200851 -4.164942E-05  2.285960E-05
200852  2.964780E-06  6.494824E-06
200853  2.427194E-05 -9.467983E-06
200854  8.368862E-06 -5.601521E-06
200855 -1.266388E-05  5.088144E-06
200856 -1.101218E-05  6.142172E-06
200857  5.219790E-06 -1.071654E-06
200858  1.159665E-05 -5.271572E-06
200859  1.611006E-06 -2.445310E-06
200860 -9.464903E-06  1.483486E-06
200861 -7.777283E-06  7.000765E-07
200862  3.415410E-06 -3.546343E-06
200863  1.123861E-05 -5.722541E-06
200864  8.691908E-06 -2.679910E-06
200865 -1.954299E-06  7.492100E-06
200866 -6.202494E-06  9.870037E-06
200867 -3.978093E-06  4.583054E-06
200868  1.989003E-06 -2.790285E-06
200869  6.057705E-06 -5.967208E-06
200870  4.457794E-06 -4.759646E-06
200871 -1.212952E-06 -2.569878E-06
200872 -5.848944E-06  1.542178E-07
200873 -6.254449E-06  4.805664E-06
200874 -3.719883E-06  9.465866E-06
200875 -1.383680E-06  1.065275E-05
200876 -4.262226E-07  8.459272E-06
200877  4.051087E-07  5.550251E-06
200878  2.261845E-06  2.955133E-06
200879  4.410071E-06  1.335975E-07
200880  5.185250E-06 -2.524947E-06
200881  4.010027E-06 -3.875179E-06
200882  2.057782E-06 -3.872456E-06
200883  1.139270E-06 -3.657586E-06
200884  2.085563E-06 -3.924238E-06
200885  4.035855E-06 -3.955085E-06
200886  5.188710E-06 -2.559603E-06
200887  4.434832E-06  2.498936E-07
200888  2.416738E-06  3.271684E-06
200889  7.595637E-07  5.991167E-06
200890  2.348377E-08  8.869861E-06
200891 -1.084805E-06  1.091355E-05
200892 -3.691968E-06  9.563184E-06
200893 -6.281929E-06  4.828487E-06
200894 -5.583884E-06  2.309069E-07
200895 -6.132734E-07 -2.387970E-06
200896  5.039963E-06 -4.574539E-06
200897  6.288353E-06 -5.934705E-06
200898  1.923311E-06 -2.924184E-06
200899 -4.027186E-06  4.430541E-06
200900 -6.061386E-06  9.804307E-06
200901 -1.732147E-06  7.442250E-06
200902  6.024134E-06 -1.018196E-06
200903  9.841886E-06 -8.107372E-06
200904  3.937924E-06 -7.882452E-06
200905 -7.779906E-06 -1.772526E-06
200906 -1.246806E-05  2.650170E-06
200907 -3.020651E-06  8.820017E-08
200908  9.445622E-06 -5.212933E-06
200909  7.012171E-06 -4.112450E-06
200910 -8.674225E-06  3.741488E-06
200911 -1.357940E-05  6.685244E-06
200912  5.028645E-06 -1.930359E-06
200913  2.270949E-05 -9.063324E-06
200914  5.505098E-06  1.864968E-06
200915 -3.655745E-05  1.871495E-05
200916 -4.605039E-05  1.371485E-06
200917  1.644274E-05 -7.161164E-05
200918  1.141848E-04 -1.641769E-04
200919  1.616824E-04 -2.067748E-04
200920  1.141115E-04 -1.641003E-04
200921  1.633649E-05 -7.150485E-05
200922 -4.612044E-05  1.462822E-06
200923 -3.654043E-05  1.877780E-05
200924  5.584780E-06  1.894304E-06
200925  2.276015E-05 -9.101617E-06
200926  4.981020E-06 -2.067097E-06
200927 -1.369209E-05  6.506454E-06
200928 -8.742822E-06  3.660493E-06
200929  7.061132E-06 -4.022308E-06
200930  9.575299E-06 -5.061941E-06
200931 -2.907970E-06  1.221555E-07
200932 -1.241362E-05  2.552096E-06
200933 -7.735491E-06 -1.830010E-06
200934  4.007199E-06 -7.766466E-06
200935  9.866772E-06 -7.891146E-06
200936  5.906673E-06 -8.672373E-07
200937 -2.872103E-06  9.512910E-06
200938 -4.478639E-06  1.012302E-05
200939 -1.281504E-06  1.927142E-06
200940  3.698302E-06 -6.886161E-06
200941  5.738746E-06 -8.183801E-06
200942  2.356046E-06 -3.008852E-06
200943 -3.793326E-06  2.134377E-06
200944 -7.548124E-06  5.257802E-06
200945 -6.602129E-06  8.335489E-06
200946 -3.013868E-06  1.023694E-05
200947 -1.115754E-07  8.184457E-06
200948  9.255911E-07  3.482752E-06
200949  1.414012E-06 -4.558439E-07
200950  2.746296E-06 -3.120420E-06
200951  4.448200E-06 -5.829792E-06
200952  4.936398E-06 -8.312099E-06
200953  3.586265E-06 -9.304058E-06
200954  1.522346E-06 -8.917706E-06
200955  5.450517E-07 -8.545835E-06
200956  1.501560E-06 -8.973155E-06
200957  3.551903E-06 -9.378248E-06
200958  4.904771E-06 -8.321878E-06
200959  4.464676E-06 -5.675333E-06
200960  2.889713E-06 -2.769620E-06
200961  1.730565E-06  3.032419E-09
200962  1.317241E-06  3.893863E-06
200963  1.219295E-07  8.423002E-06
200964 -3.056460E-06  1.027458E-05
200965 -6.694140E-06  8.268844E-06
200966 -7.322149E-06  5.263578E-06
200967 -3.213160E-06  2.303581E-06
200968  2.911464E-06 -2.805000E-06
200969  5.931996E-06 -8.160406E-06
200970  3.607652E-06 -7.064121E-06
200971 -1.334696E-06  1.744034E-06
200972 -4.334091E-06  1.006765E-05
200973 -2.641825E-06  9.491094E-06
200974  2.900914E-06  5.147007E-07
200975  7.167082E-06 -8.615485E-06
200976  3.871002E-06 -1.001597E-05
200977 -6.366915E-06 -3.487570E-06
200978 -1.274539E-05  3.063534E-06
200979 -5.846764E-06  1.963372E-06
200980  7.046776E-06 -4.494978E-06
200981  7.867169E-06 -5.970072E-06
200982 -6.056168E-06  1.316548E-06
200983 -1.328988E-05  6.886269E-06
200984  1.815919E-06  7.485259E-07
200985  1.980453E-05 -8.029595E-06
200986  7.703918E-06 -1.646407E-06
200987 -2.906505E-05  1.456230E-05
200988 -3.921184E-05  6.812132E-06
200989  1.487178E-05 -4.711057E-05
200990  1.016437E-04 -1.202278E-04
200991  1.441088E-04 -1.545831E-04
200992  1.016045E-04 -1.201649E-04
200993  1.481277E-05 -4.702637E-05
200994 -3.924636E-05  6.883120E-06
200995 -2.903585E-05  1.462217E-05
200996  7.779432E-06 -1.594243E-06
200997  1.985381E-05 -8.029735E-06
200998  1.784235E-06  6.370556E-07
200999 -1.337686E-05  6.697607E-06
201000 -6.116561E-06  1.200603E-06
201001  7.887887E-06 -5.906450E-06
201002  7.124353E-06 -4.347956E-06
201003 -5.779831E-06  1.991788E-06
201004 -1.271702E-05  2.932109E-06
201005 -6.343127E-06 -3.596845E-06
201006  3.908192E-06 -9.940684E-06
201007  7.154430E-06 -8.420387E-06
201008  2.759286E-06  6.454340E-07
201009 -2.852808E-06  9.837740E-06
201010 -2.680122E-06  9.232053E-06
201011  5.919357E-07 -3.027682E-07
201012  4.374935E-06 -9.217667E-06
201013  4.777554E-06 -8.602725E-06
201014  2.596659E-07 -7.903264E-07
201015 -5.669226E-06  5.471001E-06
201016 -8.116745E-06  7.629110E-06
201017 -5.958784E-06  8.723936E-06
201018 -1.802093E-06  8.395805E-06
201019  1.279163E-06  4.277362E-06
201020  2.174324E-06 -1.543119E-06
201021  2.091176E-06 -5.284600E-06
201022  2.678026E-06 -7.083420E-06
201023  3.866812E-06 -8.977101E-06
201024  4.176051E-06 -1.079510E-05
201025  2.827021E-06 -1.120761E-05
201026  7.960183E-07 -1.043292E-05
201027 -1.748971E-07 -9.943050E-06
201028  7.579669E-07 -1.051231E-05
201029  2.776180E-06 -1.131146E-05
201030  4.140082E-06 -1.082485E-05
201031  3.873900E-06 -8.837407E-06
201032  2.770323E-06 -6.760992E-06
201033  2.303064E-06 -4.877289E-06
201034  2.448518E-06 -1.198011E-06
201035  1.436246E-06  4.439787E-06
201036 -1.866342E-06  8.338279E-06
201037 -6.041933E-06  8.556084E-06
201038 -7.887334E-06  7.575369E-06
201039 -5.121401E-06  5.645432E-06
201040  7.488947E-07 -5.646804E-07
201041  4.912017E-06 -8.602167E-06
201042  4.263001E-06 -9.452442E-06
201043  5.342014E-07 -5.154998E-07
201044 -2.553171E-06  9.199256E-06
201045 -2.639004E-06  9.862751E-06
201046  6.011018E-07  1.258430E-06
201047  4.407201E-06 -8.337354E-06
201048  3.316153E-06 -1.046116E-05
201049 -4.478581E-06 -4.101391E-06
201050 -1.123708E-05  3.190231E-06
201051 -7.007844E-06  3.024693E-06
201052  4.739582E-06 -3.627920E-06
201053  7.803059E-06 -6.649541E-06
201054 -3.510236E-06 -4.757468E-07
201055 -1.176989E-05  6.215792E-06
201056 -5.739067E-07  2.299792E-06
201057  1.598265E-05 -6.567859E-06
201058  8.526865E-06 -3.560145E-06
201059 -2.129707E-05  1.067831E-05
201060 -3.136400E-05  9.493803E-06
201061  1.085467E-05 -2.753874E-05
201062  8.056990E-05 -8.152602E-05
201063  1.149100E-04 -1.074057E-04
201064  8.055801E-05 -8.148162E-05
201065  1.083397E-05 -2.748483E-05
201066 -3.136950E-05  9.535184E-06
201067 -2.125998E-05  1.072291E-05
201068  8.593108E-06 -3.500600E-06
201069  1.602456E-05 -6.540357E-06
201070 -5.921282E-07  2.220033E-06
201071 -1.182680E-05  6.039540E-06
201072 -3.554353E-06 -6.079357E-07
201073  7.801705E-06 -6.613180E-06
201074  4.771516E-06 -3.495811E-06
201075 -6.969362E-06  3.049181E-06
201076 -1.120313E-05  3.045601E-06
201077 -4.443607E-06 -4.242254E-06
201078  3.336106E-06 -1.042613E-05
201079  4.358481E-06 -8.182191E-06
201080  4.443927E-07  1.345462E-06
201081 -2.191464E-06  9.442558E-06
201082 -1.345518E-06  8.333016E-06
201083  1.467641E-06 -1.580885E-06
201084  4.378006E-06 -1.014785E-05
201085  3.779544E-06 -8.262831E-06
201086 -1.374679E-06  7.496944E-07
201087 -6.759989E-06  6.922778E-06
201088 -7.835284E-06  7.844485E-06
201089 -4.779979E-06  7.546700E-06
201090 -5.072136E-07  6.075024E-06
201091  2.526903E-06  1.112514E-06
201092  3.274348E-06 -4.870812E-06
201093  2.624191E-06 -7.949419E-06
201094  2.455295E-06 -8.765331E-06
201095  3.193969E-06 -9.832971E-06
201096  3.434106E-06 -1.101717E-05
201097  2.148849E-06 -1.094559E-05
201098  1.529796E-07 -9.899121E-06
201099 -8.106660E-07 -9.343611E-06
201100  1.267444E-07 -1.000547E-05
201101  2.121749E-06 -1.108844E-05
201102  3.423641E-06 -1.108592E-05
201103  3.199757E-06 -9.737839E-06
201104  2.483034E-06 -8.510228E-06
201105  2.704534E-06 -7.635284E-06
201106  3.408059E-06 -4.625030E-06
201107  2.611894E-06  1.182774E-06
201108 -5.520036E-07  5.928071E-06
201109 -4.800320E-06  7.306627E-06
201110 -7.577528E-06  7.774814E-06
201111 -6.263867E-06  7.138961E-06
201112 -9.847403E-07  1.011993E-06
201113  3.846357E-06 -8.282324E-06
201114  4.259336E-06 -1.043198E-05
201115  1.414250E-06 -1.811248E-06
201116 -1.245553E-06  8.330215E-06
201117 -2.007804E-06  9.519023E-06
201118 -4.782281E-07  1.292225E-06
201119  2.308081E-06 -8.040417E-06
201120  2.484358E-06 -1.005446E-05
201121 -2.868314E-06 -3.836382E-06
201122 -9.045262E-06  3.279038E-06
201123 -7.008543E-06  3.313398E-06
201124  2.729800E-06 -3.016383E-06
201125  6.988346E-06 -6.458548E-06
201126 -1.375906E-06 -1.338333E-06
201127 -9.395491E-06  5.233359E-06
201128 -1.909523E-06  2.783935E-06
201129  1.178947E-05 -5.169307E-06
201130  7.811016E-06 -4.095551E-06
201131 -1.436248E-05  7.572792E-06
201132 -2.298891E-05  9.583713E-06
201133  6.909291E-06 -1.507159E-05
201134  5.727505E-05 -5.341591E-05
201135  8.213431E-05 -7.207735E-05
201136  5.727651E-05 -5.339052E-05
201137  6.907379E-06 -1.504805E-05
201138 -2.298067E-05  9.595500E-06
201139 -1.432443E-05  7.598343E-06
201140  7.866210E-06 -4.039997E-06
201141  1.182153E-05 -5.127928E-06
201142 -1.919572E-06  2.733535E-06
201143 -9.426671E-06  5.084428E-06
201144 -1.402537E-06 -1.468358E-06
201145  6.971155E-06 -6.445395E-06
201146  2.724648E-06 -2.906425E-06
201147 -6.985503E-06  3.336225E-06
201148 -8.985148E-06  3.142588E-06
201149 -2.799733E-06 -3.983334E-06
201150  2.500577E-06 -1.004980E-05
201151  2.227096E-06 -7.931592E-06
201152 -6.443946E-07  1.326944E-06
201153 -1.358762E-06  9.106625E-06
201154 -7.413629E-07  8.006055E-06
201155  1.543336E-06 -1.981116E-06
201156  4.162203E-06 -1.031940E-05
201157  3.119542E-06 -7.944101E-06
201158 -2.431261E-06  1.193874E-06
201159 -7.247195E-06  6.812546E-06
201160 -7.099137E-06  6.975629E-06
201161 -3.480750E-06  6.229247E-06
201162  5.847093E-07  4.581619E-06
201163  3.495925E-06 -4.252326E-07
201164  4.231022E-06 -6.194292E-06
201165  3.165770E-06 -8.753597E-06
201166  2.351666E-06 -8.979839E-06
201167  2.757378E-06 -9.581668E-06
201168  3.017551E-06 -1.041483E-05
201169  1.776610E-06 -1.008295E-05
201170 -2.820857E-07 -8.897156E-06
201171 -1.286495E-06 -8.310760E-06
201172 -2.760654E-07 -9.020276E-06
201173  1.800802E-06 -1.025346E-05
201174  3.053015E-06 -1.052025E-05
201175  2.771230E-06 -9.542420E-06
201176  2.318821E-06 -8.814450E-06
201177  3.118265E-06 -8.557341E-06
201178  4.228976E-06 -6.063127E-06
201179  3.520163E-06 -4.436960E-07
201180  5.832148E-07  4.371530E-06
201181 -3.414434E-06  5.962201E-06
201182 -6.814816E-06  6.936767E-06
201183 -6.833576E-06  7.096141E-06
201184 -2.170019E-06  1.495421E-06
201185  3.117419E-06 -7.981932E-06
201186  4.054546E-06 -1.063820E-05
201187  1.505801E-06 -2.213208E-06
201188 -6.703930E-07  8.037472E-06
201189 -1.211418E-06  9.233367E-06
201190 -4.898265E-07  9.224678E-07
201191  1.173536E-06 -8.135732E-06
201192  1.651566E-06 -9.519091E-06
201193 -1.837602E-06 -3.098835E-06
201194 -6.921036E-06  3.404466E-06
201195 -6.368489E-06  2.924723E-06
201196  1.073501E-06 -2.972059E-06
201197  5.642696E-06 -5.856953E-06
201198  1.996770E-07 -1.264330E-06
201199 -6.570359E-06  4.440819E-06
201200 -2.294958E-06  2.473115E-06
201201  7.586145E-06 -4.274971E-06
201202  5.873561E-06 -3.830912E-06
201203 -8.446410E-06  5.566054E-06
201204 -1.431409E-05  8.438355E-06
201205  3.946711E-06 -8.380660E-06
201206  3.441761E-05 -3.556333E-05
201207  4.929412E-05 -4.887043E-05
201208  3.441973E-05 -3.555775E-05
201209  3.945347E-06 -8.387374E-06
201210 -1.430667E-05  8.422486E-06
201211 -8.412938E-06  5.573274E-06
201212  5.919423E-06 -3.784923E-06
201213  7.610127E-06 -4.230721E-06
201214 -2.300875E-06  2.445620E-06
201215 -6.583173E-06  4.325509E-06
201216  1.881482E-07 -1.379721E-06
201217  5.615169E-06 -5.863033E-06
201218  1.038893E-06 -2.889965E-06
201219 -6.355536E-06  2.946644E-06
201220 -6.828920E-06  3.293933E-06
201221 -1.726284E-06 -3.228265E-06
201222  1.673707E-06 -9.533217E-06
201223  1.066887E-06 -8.075541E-06
201224 -6.604547E-07  9.014501E-07
