Mesh2HRTF 0.1.2
    1
    1  1225
200000 -2.384857E-06 -1.928942E-05
200001  6.125029E-07 -1.721814E-05
200002  6.015311E-07 -1.724411E-05
200003  5.706539E-07 -1.732101E-05
200004  5.198844E-07 -1.744652E-05
200005  4.492598E-07 -1.761678E-05
200006  3.588706E-07 -1.782638E-05
200007  2.488943E-07 -1.806839E-05
200008  1.196370E-07 -1.833433E-05
200009 -2.842521E-08 -1.861432E-05
200010 -1.946042E-07 -1.889717E-05
200011 -3.779630E-07 -1.917056E-05
200012 -5.772849E-07 -1.942130E-05
200013 -7.910548E-07 -1.963571E-05
200014 -1.017449E-06 -1.979998E-05
200015 -1.254342E-06 -1.990072E-05
200016 -1.499328E-06 -1.992545E-05
200017 -1.749758E-06 -1.986324E-05
200018 -2.002789E-06 -1.970522E-05
200019 -2.255455E-06 -1.944519E-05
200020 -2.504741E-06 -1.908006E-05
200021 -2.747687E-06 -1.861023E-05
200022 -2.981458E-06 -1.803984E-05
200023 -3.203463E-06 -1.737681E-05
200024 -3.411434E-06 -1.663274E-05
200025 -3.603505E-06 -1.582262E-05
200026 -3.778275E-06 -1.496435E-05
200027 -3.934839E-06 -1.407815E-05
200028 -4.072803E-06 -1.318584E-05
200029 -4.192253E-06 -1.231003E-05
200030 -4.293707E-06 -1.147336E-05
200031 -4.378032E-06 -1.069769E-05
200032 -4.446335E-06 -1.000342E-05
200033 -4.499851E-06 -9.408784E-06
200034 -4.539807E-06 -8.929412E-06
200035 -4.567308E-06 -8.577849E-06
200036 -4.583226E-06 -8.363264E-06
200037 -4.588113E-06 -8.291240E-06
200038 -4.582153E-06 -8.363650E-06
200039 -4.565141E-06 -8.578611E-06
200040 -4.536504E-06 -8.930532E-06
200041 -4.495353E-06 -9.410234E-06
200042 -4.440575E-06 -1.000516E-05
200043 -4.370934E-06 -1.069969E-05
200044 -4.285199E-06 -1.147556E-05
200045 -4.182272E-06 -1.231238E-05
200046 -4.061301E-06 -1.318829E-05
200047 -3.921791E-06 -1.408065E-05
200048 -3.763684E-06 -1.496683E-05
200049 -3.587407E-06 -1.582503E-05
200050 -3.393898E-06 -1.663503E-05
200051 -3.184594E-06 -1.737892E-05
200052 -2.961395E-06 -1.804174E-05
200053 -2.726603E-06 -1.861188E-05
200054 -2.482838E-06 -1.908143E-05
200055 -2.232952E-06 -1.944626E-05
200056 -1.979930E-06 -1.970598E-05
200057 -1.726796E-06 -1.986369E-05
200058 -1.476520E-06 -1.992560E-05
200059 -1.231941E-06 -1.990057E-05
200060 -9.957009E-07 -1.979957E-05
200061 -7.701932E-07 -1.963506E-05
200062 -5.575238E-07 -1.942046E-05
200063 -3.594903E-07 -1.916957E-05
200064 -1.775893E-07 -1.889609E-05
200065 -1.301060E-08 -1.861319E-05
200066  1.333331E-07 -1.833320E-05
200067  2.607771E-07 -1.806731E-05
200068  3.688663E-07 -1.782541E-05
200069  4.573127E-07 -1.761594E-05
200070  5.259546E-07 -1.744586E-05
200071  5.747145E-07 -1.732055E-05
200072  6.035651E-07 -1.724388E-05
200073  2.909678E-06 -6.181107E-06
200074  2.899188E-06 -6.257874E-06
200075  2.869914E-06 -6.487031E-06
200076  2.820225E-06 -6.868043E-06
200077  2.747597E-06 -7.399437E-06
200078  2.648855E-06 -8.077977E-06
200079  2.520457E-06 -8.897589E-06
200080  2.358829E-06 -9.848157E-06
200081  2.160699E-06 -1.091429E-05
200082  1.923413E-06 -1.207422E-05
200083  1.645216E-06 -1.329885E-05
200084  1.325487E-06 -1.455136E-05
200085  9.649168E-07 -1.578716E-05
200086  5.656397E-07 -1.695465E-05
200087  1.313118E-07 -1.799665E-05
200088 -3.328513E-07 -1.885265E-05
200089 -8.200881E-07 -1.946186E-05
200090 -1.322168E-06 -1.976690E-05
200091 -1.829544E-06 -1.971786E-05
200092 -2.331603E-06 -1.927653E-05
200093 -2.817044E-06 -1.842027E-05
200094 -3.274372E-06 -1.714516E-05
200095 -3.692522E-06 -1.546784E-05
200096 -4.061558E-06 -1.342597E-05
200097 -4.373415E-06 -1.107688E-05
200098 -4.622590E-06 -8.494454E-06
200099 -4.806715E-06 -5.764730E-06
200100 -4.926912E-06 -2.980354E-06
200101 -4.987881E-06 -2.347734E-07
200102 -4.997664E-06  2.383266E-06
200103 -4.967094E-06  4.794255E-06
200104 -4.908947E-06  6.931011E-06
200105 -4.836887E-06  8.740108E-06
200106 -4.764283E-06  1.018172E-05
200107 -4.703023E-06  1.122824E-05
200108 -4.662439E-06  1.186218E-05
200109 -4.648456E-06  1.207411E-05
200110 -4.663050E-06  1.186108E-05
200111 -4.704057E-06  1.122606E-05
200112 -4.765377E-06  1.017854E-05
200113 -4.837531E-06  8.736009E-06
200114 -4.908520E-06  6.926105E-06
200115 -4.964915E-06  4.788672E-06
200116 -4.993034E-06  2.377147E-06
200117 -4.980135E-06 -2.412801E-07
200118 -4.915464E-06 -2.987094E-06
200119 -4.791098E-06 -5.771550E-06
200120 -4.602485E-06 -8.501199E-06
200121 -4.348672E-06 -1.108339E-05
200122 -4.032208E-06 -1.343212E-05
200123 -3.658775E-06 -1.547346E-05
200124 -3.236611E-06 -1.715013E-05
200125 -2.775803E-06 -1.842447E-05
200126 -2.287547E-06 -1.927984E-05
200127 -1.783437E-06 -1.972020E-05
200128 -1.274839E-06 -1.976821E-05
200129 -7.723958E-07 -1.946211E-05
200130 -2.856483E-07 -1.885183E-05
200131  1.772143E-07 -1.799481E-05
200132  6.095045E-07 -1.695187E-05
200133  1.006107E-06 -1.578355E-05
200134  1.363486E-06 -1.454707E-05
200135  1.679641E-06 -1.329405E-05
200136  1.954020E-06 -1.206910E-05
200137  2.187376E-06 -1.090907E-05
200138  2.381584E-06 -9.843029E-06
200139  2.539394E-06 -8.892761E-06
200140  2.664149E-06 -8.073636E-06
200141  2.759463E-06 -7.395750E-06
200142  2.828882E-06 -6.865149E-06
200143  2.875562E-06 -6.485041E-06
200144  2.901973E-06 -6.256860E-06
200145  3.497569E-06  5.758409E-06
200146  3.506605E-06  5.687628E-06
200147  3.532302E-06  5.472872E-06
200148  3.568587E-06  5.101144E-06
200149  3.606097E-06  4.552598E-06
200150  3.633052E-06  3.803153E-06
200151  3.636322E-06  2.827885E-06
200152  3.602567E-06  1.604996E-06
200153  3.519308E-06  1.201389E-07
200154  3.375821E-06 -1.629126E-06
200155  3.163767E-06 -3.628959E-06
200156  2.877529E-06 -5.845249E-06
200157  2.514308E-06 -8.220374E-06
200158  2.074076E-06 -1.067121E-05
200159  1.559503E-06 -1.308897E-05
200160  9.760119E-07 -1.534159E-05
200161  3.320150E-07 -1.727917E-05
200162 -3.606603E-07 -1.874284E-05
200163 -1.086278E-06 -1.957694E-05
200164 -1.824831E-06 -1.964377E-05
200165 -2.552076E-06 -1.883950E-05
200166 -3.240168E-06 -1.710928E-05
200167 -3.859144E-06 -1.445903E-05
200168 -4.379112E-06 -1.096165E-05
200169 -4.773114E-06 -6.755679E-06
200170 -5.020251E-06 -2.035671E-06
200171 -5.108627E-06  2.965328E-06
200172 -5.037633E-06  7.999028E-06
200173 -4.819145E-06  1.282762E-05
200174 -4.477369E-06  1.724783E-05
200175 -4.047249E-06  2.110917E-05
200176 -3.571583E-06  2.432320E-05
200177 -3.097170E-06  2.686211E-05
200178 -2.670427E-06  2.874722E-05
200179 -2.332967E-06  3.002979E-05
200180 -2.117622E-06  3.076855E-05
200181 -2.045307E-06  3.100866E-05
200182 -2.123026E-06  3.076699E-05
200183 -2.343207E-06  3.002674E-05
200184 -2.684420E-06  2.874279E-05
200185 -3.113407E-06  2.685646E-05
200186 -3.588257E-06  2.431651E-05
200187 -4.062401E-06  2.110164E-05
200188 -4.489035E-06  1.723964E-05
200189 -4.825499E-06  1.281894E-05
200190 -5.037105E-06  7.990008E-06
200191 -5.099996E-06  2.956106E-06
200192 -5.002702E-06 -2.044960E-06
200193 -4.746268E-06 -6.764892E-06
200194 -4.343027E-06 -1.097062E-05
200195 -3.814293E-06 -1.446757E-05
200196 -3.187397E-06 -1.711716E-05
200197 -2.492551E-06 -1.884647E-05
200198 -1.759989E-06 -1.964955E-05
200199 -1.017739E-06 -1.958127E-05
200200 -2.901656E-07 -1.874546E-05
200201  4.026819E-07 -1.727989E-05
200202  1.045103E-06 -1.534029E-05
200203  1.625388E-06 -1.308562E-05
200204  2.135316E-06 -1.066589E-05
200205  2.569724E-06 -8.213262E-06
200206  2.926259E-06 -5.836621E-06
200207  3.205308E-06 -3.619176E-06
200208  3.410029E-06 -1.618605E-06
200209  3.546412E-06  1.309452E-07
200210  3.623119E-06  1.615628E-06
200211  3.651136E-06  2.837899E-06
200212  3.643116E-06  3.812147E-06
200213  3.612473E-06  4.560223E-06
200214  3.572301E-06  5.107114E-06
200215  3.534235E-06  5.476972E-06
200216  3.507401E-06  5.689714E-06
200217  2.198426E-06  1.192480E-05
200218  2.244470E-06  1.193847E-05
200219  2.373665E-06  1.197109E-05
200220  2.572146E-06  1.198880E-05
200221  2.818670E-06  1.193872E-05
200222  3.086804E-06  1.175376E-05
200223  3.347651E-06  1.135850E-05
200224  3.572754E-06  1.067560E-05
200225  3.736772E-06  9.632398E-06
200226  3.819489E-06  8.167772E-06
200227  3.806826E-06  6.239368E-06
200228  3.690688E-06  3.831651E-06
200229  3.467783E-06  9.648172E-07
200230  3.137831E-06 -2.295852E-06
200231  2.701819E-06 -5.831446E-06
200232  2.161005E-06 -9.463843E-06
200233  1.517275E-06 -1.295585E-05
200234  7.750573E-07 -1.601999E-05
200235 -5.546912E-08 -1.833803E-05
200236 -9.546385E-07 -1.959180E-05
200237 -1.890175E-06 -1.950327E-05
200238 -2.815897E-06 -1.787899E-05
200239 -3.673210E-06 -1.465171E-05
200240 -4.395770E-06 -9.910271E-06
200241 -4.916966E-06 -3.909390E-06
200242 -5.179112E-06  2.946339E-06
200243 -5.142738E-06  1.014571E-05
200244 -4.794205E-06  1.713687E-05
200245 -4.150141E-06  2.340596E-05
200246 -3.257787E-06  2.855398E-05
200247 -2.191155E-06  3.235636E-05
200248 -1.043647E-06  3.479180E-05
200249  8.167341E-08  3.603264E-05
200250  1.082692E-06  3.639701E-05
200251  1.868397E-06  3.627181E-05
200252  2.367502E-06  3.602224E-05
200253  2.534873E-06  3.590747E-05
200254  2.355430E-06  3.602109E-05
200255  1.845414E-06  3.626961E-05
200256  1.050997E-06  3.639393E-05
200257  4.427690E-08  3.602888E-05
200258 -1.083222E-06  3.478758E-05
200259 -2.229208E-06  3.235182E-05
200260 -3.290755E-06  2.854920E-05
200261 -4.174879E-06  2.340094E-05
200262 -4.808183E-06  1.713149E-05
200263 -5.144160E-06  1.013982E-05
200264 -5.166959E-06  2.939777E-06
200265 -4.890964E-06 -3.916749E-06
200266 -4.356321E-06 -9.918450E-06
200267 -3.621296E-06 -1.466060E-05
200268 -2.752978E-06 -1.788830E-05
200269 -1.818098E-06 -1.951256E-05
200270 -8.755507E-07 -1.960052E-05
200271  2.825874E-08 -1.834551E-05
200272  8.609073E-07 -1.602557E-05
200273  1.602665E-06 -1.295892E-05
200274  2.243382E-06 -9.463921E-06
200275  2.778773E-06 -5.828240E-06
200276  3.207212E-06 -2.289295E-06
200277  3.527825E-06  9.745492E-07
200278  3.740130E-06  3.844157E-06
200279  3.845007E-06  6.254054E-06
200280  3.846412E-06  8.183905E-06
200281  3.753122E-06  9.649173E-06
200282  3.579855E-06  1.069220E-05
200283  3.347364E-06  1.137417E-05
200284  3.081369E-06  1.176781E-05
200285  2.810492E-06  1.195059E-05
200286  2.563561E-06  1.199806E-05
200287  2.366689E-06  1.197742E-05
200288  2.240589E-06  1.194169E-05
200289 -3.543848E-07  1.033490E-05
200290 -2.633265E-07  1.047022E-05
200291 -8.810029E-09  1.086193E-05
200292  3.850159E-07  1.145658E-05
200293  8.811089E-07  1.217170E-05
200294  1.433499E-06  1.290412E-05
200295  1.992512E-06  1.353874E-05
200296  2.510702E-06  1.395604E-05
200297  2.948585E-06  1.403741E-05
200298  3.279027E-06  1.366874E-05
200299  3.489158E-06  1.274376E-05
200300  3.579092E-06  1.116986E-05
200301  3.557464E-06  8.878962E-06
200302  3.434765E-06  5.845180E-06
200303  3.216309E-06  2.108677E-06
200304  2.897155E-06 -2.197890E-06
200305  2.461085E-06 -6.827003E-06
200306  1.884880E-06 -1.140689E-05
200307  1.147602E-06 -1.545418E-05
200308  2.429698E-07 -1.841521E-05
200309 -8.084599E-07 -1.973690E-05
200310 -1.951080E-06 -1.896068E-05
200311 -3.093236E-06 -1.582437E-05
200312 -4.115072E-06 -1.035063E-05
200313 -4.884583E-06 -2.897992E-06
200314 -5.278988E-06  5.845779E-06
200315 -5.206932E-06  1.493840E-05
200316 -4.626623E-06  2.332133E-05
200317 -3.555907E-06  3.000045E-05
200318 -2.072268E-06  3.423431E-05
200319 -3.031444E-07  3.568804E-05
200320  1.590903E-06  3.451448E-05
200321  3.436392E-06  3.133731E-05
200322  5.066641E-06  2.713283E-05
200323  6.338098E-06  2.303084E-05
200324  7.141945E-06  2.007612E-05
200325  7.411062E-06  1.900327E-05
200326  7.123423E-06  2.007653E-05
200327  6.302979E-06  2.303177E-05
200328  5.018523E-06  2.713446E-05
200329  3.380100E-06  3.133985E-05
200330  1.531901E-06  3.451806E-05
200331 -3.593650E-07  3.569264E-05
200332 -2.120751E-06  3.423971E-05
200333 -3.592652E-06  3.000622E-05
200334 -4.648829E-06  2.332683E-05
200335 -5.213053E-06  1.494289E-05
200336 -5.268628E-06  5.848477E-06
200337 -4.858289E-06 -2.897742E-06
200338 -4.074081E-06 -1.035327E-05
200339 -3.039238E-06 -1.583001E-05
200340 -1.886042E-06 -1.896907E-05
200341 -7.345175E-07 -1.974739E-05
200342  3.235574E-07 -1.842682E-05
200343  1.232440E-06 -1.546569E-05
200344  1.971428E-06 -1.141697E-05
200345  2.546663E-06 -6.834359E-06
200346  2.978988E-06 -2.201415E-06
200347  3.291628E-06  2.109772E-06
200348  3.500951E-06  5.851276E-06
200349  3.612237E-06  8.889997E-06
200350  3.620709E-06  1.118534E-05
200351  3.516611E-06  1.276282E-05
200352  3.292204E-06  1.369025E-05
200353  2.948370E-06  1.406011E-05
200354  2.498988E-06  1.397865E-05
200355  1.972103E-06  1.356009E-05
200356  1.407903E-06  1.292320E-05
200357  8.542118E-07  1.218774E-05
200358  3.606806E-07  1.146901E-05
200359 -2.717865E-08  1.087039E-05
200360 -2.731888E-07  1.047449E-05
200361 -3.061673E-06  3.487625E-06
200362 -2.931495E-06  3.720234E-06
200363 -2.568591E-06  4.398956E-06
200364 -2.007080E-06  5.455070E-06
200365 -1.299946E-06  6.786991E-06
200366 -5.138251E-07  8.275591E-06
200367  2.788034E-07  9.798620E-06
200368  1.009576E-06  1.123972E-05
200369  1.624905E-06  1.248924E-05
200370  2.094967E-06  1.343696E-05
200371  2.418208E-06  1.396024E-05
200372  2.619135E-06  1.391424E-05
200373  2.738638E-06  1.313236E-05
200374  2.818357E-06  1.144418E-05
200375  2.882907E-06  8.714451E-06
200376  2.925310E-06  4.900414E-06
200377  2.901122E-06  1.168552E-07
200378  2.734911E-06 -5.308803E-06
200379  2.339487E-06 -1.081311E-05
200380  1.644168E-06 -1.562511E-05
200381  6.248647E-07 -1.885874E-05
200382 -6.729555E-07 -1.966581E-05
200383 -2.126409E-06 -1.742815E-05
200384 -3.546853E-06 -1.194912E-05
200385 -4.710098E-06 -3.594462E-06
200386 -5.398767E-06  6.666808E-06
200387 -5.446536E-06  1.735440E-05
200388 -4.773131E-06  2.670544E-05
200389 -3.401445E-06  3.300723E-05
200390 -1.453189E-06  3.496795E-05
200391  8.745153E-07  3.203852E-05
200392  3.344278E-06  2.460016E-05
200393  5.715612E-06  1.395696E-05
200394  7.775380E-06  2.117345E-06
200395  9.356337E-06 -8.598871E-06
200396  1.034340E-05 -1.604413E-05
200397  1.067146E-05 -1.870635E-05
200398  1.032055E-05 -1.604126E-05
200399  9.313414E-06 -8.593042E-06
200400  7.717497E-06  2.126253E-06
200401  5.649457E-06  1.396902E-05
200402  3.277136E-06  2.461531E-05
200403  8.132739E-07  3.205643E-05
200404 -1.502878E-06  3.498799E-05
200405 -3.435716E-06  3.302843E-05
200406 -4.790103E-06  2.672652E-05
200407 -5.446155E-06  1.737393E-05
200408 -5.382393E-06  6.683291E-06
200409 -4.679952E-06 -3.582342E-06
200410 -3.505466E-06 -1.194234E-05
200411 -2.076189E-06 -1.742719E-05
200412 -6.159443E-07 -1.967055E-05
200413  6.870284E-07 -1.886839E-05
200414  1.710130E-06 -1.563833E-05
200415  2.407960E-06 -1.082808E-05
200416  2.804456E-06 -5.323465E-06
200417  2.969975E-06  1.046128E-07
200418  2.991323E-06  4.892483E-06
200419  2.943593E-06  8.712293E-06
200420  2.871050E-06  1.144866E-05
200421  2.780721E-06  1.314366E-05
200422  2.648338E-06  1.393184E-05
200423  2.432909E-06  1.398305E-05
200424  2.094491E-06  1.346342E-05
200425  1.609768E-06  1.251756E-05
200426  9.816220E-07  1.126810E-05
200427  2.412055E-07  9.825406E-06
200428 -5.567621E-07  8.299438E-06
200429 -1.343172E-06  6.806902E-06
200430 -2.045363E-06  5.470391E-06
200431 -2.597179E-06  4.409312E-06
200432 -2.946767E-06  3.725445E-06
200433 -4.867238E-06 -4.240041E-06
200434 -4.716369E-06 -3.972498E-06
200435 -4.296763E-06 -3.194270E-06
200436 -3.648431E-06 -1.988639E-06
200437 -2.835288E-06 -4.709952E-07
200438 -1.940495E-06  1.238678E-06
200439 -1.057259E-06  3.041129E-06
200440 -2.746861E-07  4.871979E-06
200441  3.395328E-07  6.698227E-06
200442  7.555278E-07  8.495594E-06
200443  9.912705E-07  1.021152E-05
200444  1.111082E-06  1.172506E-05
200445  1.209987E-06  1.281939E-05
200446  1.385475E-06  1.318345E-05
200447  1.702967E-06  1.245490E-05
200448  2.165013E-06  1.030694E-05
200449  2.695166E-06  6.567687E-06
200450  3.144891E-06  1.345812E-06
200451  3.325737E-06 -4.875431E-06
200452  3.061033E-06 -1.121718E-05
200453  2.243964E-06 -1.648952E-05
200454  8.847978E-07 -1.939211E-05
200455 -8.687638E-07 -1.880889E-05
200456 -2.747465E-06 -1.413940E-05
200457 -4.411435E-06 -5.582191E-06
200458 -5.524038E-06  5.722259E-06
200459 -5.828726E-06  1.776223E-05
200460 -5.207437E-06  2.796582E-05
200461 -3.704431E-06  3.371440E-05
200462 -1.510095E-06  3.295505E-05
200463  1.088418E-06  2.476394E-05
200464  3.773123E-06  9.704617E-06
200465  6.257311E-06 -1.013652E-05
200466  8.326706E-06 -3.147947E-05
200467  9.851473E-06 -5.049114E-05
200468  1.077209E-05 -6.359656E-05
200469  1.107128E-05 -6.826717E-05
200470  1.074801E-05 -6.359092E-05
200471  9.806901E-06 -5.047990E-05
200472  8.268197E-06 -3.146273E-05
200473  6.193205E-06 -1.011451E-05
200474  3.712110E-06  9.731478E-06
200475  1.038114E-06  2.479498E-05
200476 -1.544282E-06  3.298926E-05
200477 -3.719928E-06  3.375040E-05
200478 -5.204538E-06  2.800194E-05
200479 -5.810081E-06  1.779655E-05
200480 -5.493757E-06  5.752810E-06
200481 -4.374049E-06 -5.557253E-06
200482 -2.706994E-06 -1.412156E-05
200483 -8.280795E-07 -1.879905E-05
200484  9.242182E-07 -1.939045E-05
200485  2.281895E-06 -1.649539E-05
200486  3.098083E-06 -1.122915E-05
200487  3.362797E-06 -4.891344E-06
200488  3.182609E-06  1.328571E-06
200489  2.733561E-06  6.551920E-06
200490  2.203284E-06  1.029531E-05
200491  1.739492E-06  1.244959E-05
200492  1.417970E-06  1.318594E-05
200493  1.235777E-06  1.283025E-05
200494  1.127437E-06  1.174391E-05
200495  9.958037E-07  1.023711E-05
200496  7.466039E-07  8.526027E-06
200497  3.166766E-07  6.731231E-06
200498 -3.104522E-07  4.905224E-06
200499 -1.103235E-06  3.072510E-06
200500 -1.992366E-06  1.266506E-06
200501 -2.887496E-06 -4.479069E-07
200502 -3.694846E-06 -1.971002E-06
200503 -4.331574E-06 -3.182427E-06
200504 -4.735025E-06 -3.966565E-06
200505 -5.188384E-06 -9.343099E-06
200506 -5.041006E-06 -9.102265E-06
200507 -4.632116E-06 -8.411508E-06
200508 -4.000816E-06 -7.372850E-06
200509 -3.212992E-06 -6.119534E-06
200510 -2.359862E-06 -4.772152E-06
200511 -1.549601E-06 -3.397208E-06
200512 -8.899266E-07 -1.982388E-06
200513 -4.632682E-07 -4.399935E-07
200514 -3.004190E-07  1.356669E-06
200515 -3.616713E-07  3.508373E-06
200516 -5.346943E-07  6.011124E-06
200517 -6.550665E-07  8.686544E-06
200518 -5.487803E-07  1.114874E-05
200519 -8.793951E-08  1.283195E-05
200520  7.560065E-07  1.309176E-05
200521  1.879956E-06  1.137346E-05
200522  3.052992E-06  7.417075E-06
200523  3.962216E-06  1.446306E-06
200524  4.293138E-06 -5.724140E-06
200525  3.824185E-06 -1.272434E-05
200526  2.506975E-06 -1.784326E-05
200527  5.049264E-07 -1.941032E-05
200528 -1.826532E-06 -1.627661E-05
200529 -4.017238E-06 -8.276519E-06
200530 -5.597119E-06  3.474694E-06
200531 -6.215216E-06  1.657666E-05
200532 -5.726825E-06  2.769970E-05
200533 -4.222371E-06  3.326993E-05
200534 -1.990471E-06  3.034636E-05
200535  5.707008E-07  1.747139E-05
200536  3.063134E-06 -4.747303E-06
200537  5.183528E-06 -3.351758E-05
200538  6.773727E-06 -6.428714E-05
200539  7.815352E-06 -9.164480E-05
200540  8.377783E-06 -1.104945E-04
200541  8.545285E-06 -1.172120E-04
200542  8.355428E-06 -1.104866E-04
200543  7.774927E-06 -9.162912E-05
200544  6.722935E-06 -6.426430E-05
200545  5.131929E-06 -3.348829E-05
200546  3.020233E-06 -4.712436E-06
200547  5.441022E-07  1.751083E-05
200548 -1.996459E-06  3.038923E-05
200549 -4.207371E-06  3.331486E-05
200550 -5.694173E-06  2.774509E-05
200551 -6.170973E-06  1.662069E-05
200552 -5.548604E-06  3.515376E-06
200553 -3.971435E-06 -8.241186E-06
200554 -1.788770E-06 -1.624844E-05
200555  5.317769E-07 -1.939072E-05
200556  2.522647E-06 -1.783294E-05
200557  3.830582E-06 -1.272319E-05
200558  4.293503E-06 -5.731075E-06
200559  3.960179E-06  1.433281E-06
200560  3.051724E-06  7.400704E-06
200561  1.881587E-06  1.135694E-05
200562  7.613646E-07  1.307832E-05
200563 -7.932532E-08  1.282448E-05
200564 -5.384983E-07  1.114936E-05
200565 -6.455454E-07  8.696347E-06
200566 -5.288721E-07  6.030034E-06
200567 -3.626113E-07  3.535192E-06
200568 -3.108476E-07  1.389304E-06
200569 -4.850401E-07 -4.041679E-07
200570 -9.234701E-07 -1.946114E-06
200571 -1.593471E-06 -3.362967E-06
200572 -2.410566E-06 -4.741895E-06
200573 -3.265226E-06 -6.094574E-06
200574 -4.048165E-06 -7.353912E-06
200575 -4.668141E-06 -8.398869E-06
200576 -5.060483E-06 -9.095961E-06
200577 -4.070794E-06 -1.052100E-05
200578 -3.948286E-06 -1.034181E-05
200579 -3.609407E-06 -9.845331E-06
200580 -3.085282E-06 -9.157050E-06
200581 -2.434019E-06 -8.436138E-06
200582 -1.744906E-06 -7.814714E-06
200583 -1.133308E-06 -7.338212E-06
200584 -7.217300E-07 -6.925937E-06
200585 -6.079247E-07 -6.368213E-06
200586 -8.275247E-07 -5.369256E-06
200587 -1.323888E-06 -3.633779E-06
200588 -1.939246E-06 -9.820099E-07
200589 -2.437383E-06  2.534803E-06
200590 -2.559128E-06  6.554802E-06
200591 -2.100184E-06  1.039866E-05
200592 -9.899720E-07  1.316175E-05
200593  6.553244E-07  1.390949E-05
200594  2.529211E-06  1.194845E-05
200595  4.192001E-06  7.112473E-06
200596  5.180595E-06 -2.293719E-08
200597  5.143061E-06 -8.090128E-06
200598  3.957075E-06 -1.511090E-05
200599  1.791139E-06 -1.892307E-05
200600 -9.176632E-07 -1.778697E-05
200601 -3.569449E-06 -1.102745E-05
200602 -5.562207E-06  4.841060E-07
200603 -6.458022E-06  1.420042E-05
200604 -6.101357E-06  2.624262E-05
200605 -4.650772E-06  3.221026E-05
200606 -2.514567E-06  2.829676E-05
200607 -2.137385E-07  1.242562E-05
200608  1.779663E-06 -1.492507E-05
200609  3.173396E-06 -5.048754E-05
200610  3.912286E-06 -8.868711E-05
200611  4.146798E-06 -1.227695E-04
200612  4.130381E-06 -1.463081E-04
200613  4.088554E-06 -1.547066E-04
200614  4.111857E-06 -1.462987E-04
200615  4.114484E-06 -1.227514E-04
200616  3.874588E-06 -8.866143E-05
200617  3.140505E-06 -5.045563E-05
200618  1.761255E-06 -1.488827E-05
200619 -2.107033E-07  1.246614E-05
200620 -2.487418E-06  2.834003E-05
200621 -4.601717E-06  3.225544E-05
200622 -6.036957E-06  2.628881E-05
200623 -6.387715E-06  1.424653E-05
200624 -5.496267E-06  5.286915E-07
200625 -3.516897E-06 -1.098615E-05
200626 -8.846185E-07 -1.775092E-05
200627  1.802324E-06 -1.889418E-05
200628  3.947777E-06 -1.509070E-05
200629  5.117575E-06 -8.079436E-06
200630  5.144865E-06 -2.153308E-08
200631  4.152265E-06  7.105936E-06
200632  2.490896E-06  1.193638E-05
200633  6.223751E-07  1.389509E-05
200634 -1.015326E-06  1.314859E-05
200635 -2.117336E-06  1.039015E-05
200636 -2.568856E-06  6.553707E-06
200637 -2.441584E-06  2.542818E-06
200638 -1.940703E-06 -9.645163E-07
200639 -1.325996E-06 -3.607780E-06
200640 -8.338984E-07 -5.336844E-06
200641 -6.218127E-07 -6.332180E-06
200642 -7.452730E-07 -6.889267E-06
200643 -1.166794E-06 -7.303601E-06
200644 -1.786274E-06 -7.784244E-06
200645 -2.478860E-06 -8.411150E-06
200646 -3.127476E-06 -9.138213E-06
200647 -3.642341E-06 -9.832834E-06
200648 -3.966359E-06 -1.033560E-05
200649 -2.038189E-06 -8.435562E-06
200650 -1.953138E-06 -8.322385E-06
200651 -1.718865E-06 -8.033359E-06
200652 -1.353641E-06 -7.717480E-06
200653 -9.005080E-07 -7.563564E-06
200654 -4.383515E-07 -7.726494E-06
200655 -8.179771E-08 -8.252090E-06
200656  3.725351E-08 -9.022519E-06
200657 -1.932520E-07 -9.742362E-06
200658 -8.181713E-07 -9.978633E-06
200659 -1.773369E-06 -9.256589E-06
200660 -2.868115E-06 -7.198357E-06
200661 -3.806454E-06 -3.675762E-06
200662 -4.251692E-06  1.063904E-06
200663 -3.923031E-06  6.345522E-06
200664 -2.698614E-06  1.112679E-05
200665 -6.905010E-07  1.419014E-05
200666  1.740782E-06  1.444915E-05
200667  4.049682E-06  1.130993E-05
200668  5.640026E-06  4.989063E-06
200669  6.036515E-06 -3.329621E-06
200670  5.040432E-06 -1.160236E-05
200671  2.814624E-06 -1.734253E-05
200672 -1.388311E-07 -1.829986E-05
200673 -3.110220E-06 -1.324834E-05
200674 -5.386150E-06 -2.647918E-06
200675 -6.460556E-06  1.107256E-05
200676 -6.181724E-06  2.379248E-05
200677 -4.784591E-06  3.056429E-05
200678 -2.797339E-06  2.689881E-05
200679 -8.556818E-07  1.013489E-05
200680  5.092990E-07 -1.951821E-05
200681  1.035459E-06 -5.862102E-05
200682  7.902348E-07 -1.010014E-04
200683  1.101267E-07 -1.390349E-04
200684 -5.545265E-07 -1.653958E-04
200685 -8.292848E-07 -1.748174E-04
200686 -5.682168E-07 -1.653862E-04
200687  8.761213E-08 -1.390168E-04
200688  7.674601E-07 -1.009765E-04
200689  1.022597E-06 -5.859140E-05
200690  5.155842E-07 -1.948561E-05
200691 -8.243578E-07  1.016934E-05
200692 -2.740090E-06  2.693468E-05
200693 -4.706022E-06  3.060168E-05
200694 -6.091124E-06  2.383168E-05
200695 -6.369997E-06  1.111364E-05
200696 -5.308003E-06 -2.605445E-06
200697 -3.054705E-06 -1.320572E-05
200698 -1.121822E-07 -1.825908E-05
200699  2.810981E-06 -1.730604E-05
200700  5.009602E-06 -1.157265E-05
200701  5.984943E-06 -3.308666E-06
200702  5.575833E-06  5.000296E-06
200703  3.980997E-06  1.131181E-05
200704  1.674499E-06  1.444343E-05
200705 -7.493649E-07  1.417973E-05
200706 -2.747004E-06  1.111531E-05
200707 -3.959601E-06  6.336756E-06
200708 -4.276471E-06  1.061140E-06
200709 -3.820626E-06 -3.670260E-06
200710 -2.873934E-06 -7.183719E-06
200711 -1.774101E-06 -9.233449E-06
200712 -8.178707E-07 -9.948927E-06
200713 -1.962313E-07 -9.708865E-06
200714  2.728921E-08 -8.988256E-06
200715 -1.008301E-07 -8.219784E-06
200716 -4.660737E-07 -7.698195E-06
200717 -9.337849E-07 -7.540518E-06
200718 -1.387074E-06 -7.700232E-06
200719 -1.746055E-06 -8.021986E-06
200720 -1.968401E-06 -8.316759E-06
200721  2.227209E-07 -4.671246E-06
200722  2.678637E-07 -4.609063E-06
200723  3.911183E-07 -4.479935E-06
200724  5.884397E-07 -4.449658E-06
200725  8.348260E-07 -4.731284E-06
200726  1.066843E-06 -5.505317E-06
200727  1.177358E-06 -6.835639E-06
200728  1.031895E-06 -8.603497E-06
200729  5.082140E-07 -1.048117E-05
200730 -4.494630E-07 -1.196149E-05
200731 -1.779235E-06 -1.244926E-05
200732 -3.275211E-06 -1.140592E-05
200733 -4.604730E-06 -8.522546E-06
200734 -5.376310E-06 -3.880087E-06
200735 -5.248213E-06  1.953507E-06
200736 -4.049553E-06  7.938750E-06
200737 -1.874014E-06  1.272518E-05
200738  8.933367E-07  1.495558E-05
200739  3.639946E-06  1.366510E-05
200740  5.675718E-06  8.677054E-06
200741  6.431635E-06  8.624535E-07
200742  5.645056E-06 -7.868320E-06
200743  3.465107E-06 -1.492312E-05
200744  4.323093E-07 -1.771627E-05
200745 -2.671792E-06 -1.454232E-05
200746 -5.061553E-06 -5.379402E-06
200747 -6.192202E-06  7.676439E-06
200748 -5.927396E-06  2.058342E-05
200749 -4.569331E-06  2.820183E-05
200750 -2.740260E-06  2.565843E-05
200751 -1.157981E-06  9.860601E-06
200752 -3.857790E-07 -1.930816E-05
200753 -6.454581E-07 -5.852413E-05
200754 -1.757987E-06 -1.015000E-04
200755 -3.229565E-06 -1.403274E-04
200756 -4.448772E-06 -1.673436E-04
200757 -4.921453E-06 -1.770171E-04
200758 -4.457589E-06 -1.673348E-04
200759 -3.242524E-06 -1.403112E-04
200760 -1.766924E-06 -1.014788E-04
200761 -6.408408E-07 -5.850046E-05
200762 -3.593080E-07 -1.928400E-05
200763 -1.105038E-06  9.884345E-06
200764 -2.661548E-06  2.568207E-05
200765 -4.471237E-06  2.822661E-05
200766 -5.820956E-06  2.061097E-05
200767 -6.090935E-06  7.708114E-06
200768 -4.978728E-06 -5.343079E-06
200769 -2.617827E-06 -1.450201E-05
200770  4.516943E-07 -1.767392E-05
200771  3.449594E-06 -1.488166E-05
200772  5.599207E-06 -7.831170E-06
200773  6.363403E-06  8.921721E-07
200774  5.594501E-06  8.697201E-06
200775  3.554756E-06  1.367503E-05
200776  8.115426E-07  1.495628E-05
200777 -1.947191E-06  1.271913E-05
200778 -4.110898E-06  7.929437E-06
200779 -5.296068E-06  1.944829E-06
200780 -5.410140E-06 -3.884507E-06
200781 -4.624954E-06 -8.520005E-06
200782 -3.283300E-06 -1.139511E-05
200783 -1.777911E-06 -1.243045E-05
200784 -4.427112E-07 -1.193638E-05
200785  5.155461E-07 -1.045236E-05
200786  1.034994E-06 -8.573893E-06
200787  1.172657E-06 -6.807809E-06
200788  1.053151E-06 -5.481120E-06
200789  8.139215E-07 -4.711761E-06
200790  5.647716E-07 -4.435177E-06
200791  3.705727E-07 -4.470453E-06
200792  2.559380E-07 -4.604393E-06
200793  2.149215E-06 -7.512883E-07
200794  2.159649E-06 -7.200133E-07
200795  2.186488E-06 -6.861441E-07
200796  2.237835E-06 -8.205543E-07
200797  2.305283E-06 -1.347021E-06
200798  2.342059E-06 -2.464033E-06
200799  2.253455E-06 -4.259928E-06
200800  1.910230E-06 -6.641839E-06
200801  1.187646E-06 -9.299217E-06
200802  2.210381E-08 -1.171918E-05
200803 -1.532590E-06 -1.326295E-05
200804 -3.272574E-06 -1.330024E-05
200805 -4.855802E-06 -1.138259E-05
200806 -5.868108E-06 -7.420045E-06
200807 -5.935114E-06 -1.812175E-06
200808 -4.851913E-06  4.520239E-06
200809 -2.688259E-06  1.024662E-05
200810  1.744495E-07  1.389612E-05
200811  3.102891E-06  1.425373E-05
200812  5.366543E-06  1.079545E-05
200813  6.349285E-06  4.027585E-06
200814  5.750995E-06 -4.420021E-06
200815  3.705239E-06 -1.205970E-05
200816  7.610243E-07 -1.618605E-05
200817 -2.277304E-06 -1.476761E-05
200818 -4.604224E-06 -7.333159E-06
200819 -5.674361E-06  4.473249E-06
200820 -5.377110E-06  1.694847E-05
200821 -4.060453E-06  2.510591E-05
200822 -2.395080E-06  2.402929E-05
200823 -1.128612E-06  1.042755E-05
200824 -8.190736E-07 -1.610571E-05
200825 -1.642453E-06 -5.256993E-05
200826 -3.340553E-06 -9.299492E-05
200827 -5.324242E-06 -1.297587E-04
200828 -6.892434E-06 -1.554325E-04
200829 -7.487581E-06 -1.646405E-04
200830 -6.896984E-06 -1.554252E-04
200831 -5.329149E-06 -1.297457E-04
200832 -3.338529E-06 -9.297894E-05
200833 -1.625106E-06 -5.255382E-05
200834 -7.793816E-07 -1.609145E-05
200835 -1.063246E-06  1.043942E-05
200836 -2.305925E-06  2.403983E-05
200837 -3.954839E-06  2.511740E-05
200838 -5.266651E-06  1.696363E-05
200839 -5.572706E-06  4.494479E-06
200840 -4.524311E-06 -7.304539E-06
200841 -2.228840E-06 -1.473180E-05
200842  7.732767E-07 -1.614494E-05
200843  3.681994E-06 -1.201655E-05
200844  5.697738E-06 -4.378904E-06
200845  6.274624E-06  4.062701E-06
200846  5.280151E-06  1.082155E-05
200847  3.013661E-06  1.426939E-05
200848  8.933866E-08  1.390170E-05
200849 -2.764539E-06  1.024411E-05
200850 -4.916527E-06  4.512847E-06
200851 -5.986460E-06 -1.820670E-06
200852 -5.905314E-06 -7.425947E-06
200853 -4.878604E-06 -1.138298E-05
200854 -3.281590E-06 -1.329351E-05
200855 -1.529753E-06 -1.324906E-05
200856  3.329156E-08 -1.169955E-05
200857  1.202353E-06 -9.276221E-06
200858  1.923137E-06 -6.618112E-06
200859  2.260055E-06 -4.237756E-06
200860  2.339980E-06 -2.444974E-06
200861  2.295112E-06 -1.331845E-06
200862  2.223011E-06 -8.094289E-07
200863  2.172181E-06 -6.789192E-07
200864  2.150935E-06 -7.164703E-07
200865  3.442269E-06  2.368145E-06
200866  3.426866E-06  2.384054E-06
200867  3.381659E-06  2.374196E-06
200868  3.322407E-06  2.175684E-06
200869  3.252559E-06  1.571072E-06
200870  3.140050E-06  3.585975E-07
200871  2.905592E-06 -1.569549E-06
200872  2.433192E-06 -4.158011E-06
200873  1.606073E-06 -7.146204E-06
200874  3.609427E-07 -1.006982E-05
200875 -1.256222E-06 -1.231698E-05
200876 -3.055427E-06 -1.324076E-05
200877 -4.710021E-06 -1.231634E-05
200878 -5.817125E-06 -9.315391E-06
200879 -6.004726E-06 -4.454906E-06
200880 -5.059245E-06  1.531836E-06
200881 -3.032312E-06  7.452270E-06
200882 -2.824791E-07  1.186889E-05
200883  2.578567E-06  1.345876E-05
200884  4.835945E-06  1.144881E-05
200885  5.880978E-06  6.001101E-06
200886  5.412787E-06 -1.608609E-06
200887  3.556406E-06 -9.154283E-06
200888  8.438188E-07 -1.401288E-05
200889 -1.947651E-06 -1.401465E-05
200890 -4.049445E-06 -8.348118E-06
200891 -4.958589E-06  1.812913E-06
200892 -4.602607E-06  1.326455E-05
200893 -3.351261E-06  2.144699E-05
200894 -1.871648E-06  2.171612E-05
200895 -8.815222E-07  1.084191E-05
200896 -8.912896E-07 -1.176402E-05
200897 -2.025986E-06 -4.352927E-05
200898 -3.986870E-06 -7.911977E-05
200899 -6.161819E-06 -1.116645E-04
200900 -7.842804E-06 -1.344549E-04
200901 -8.473810E-06 -1.426385E-04
200902 -7.844035E-06 -1.344493E-04
200903 -6.160776E-06 -1.116551E-04
200904 -3.977479E-06 -7.910915E-05
200905 -2.001334E-06 -4.352032E-05
200906 -8.458080E-07 -1.175855E-05
200907 -8.130518E-07  1.084379E-05
200908 -1.782761E-06  2.171605E-05
200909 -3.249373E-06  2.144786E-05
200910 -4.498795E-06  1.326972E-05
200911 -4.865446E-06  1.825295E-06
200912 -3.978555E-06 -8.326800E-06
200913 -1.907336E-06 -1.398434E-05
200914  8.499525E-07 -1.397537E-05
200915  3.529822E-06 -9.112918E-06
200916  5.359236E-06 -1.567687E-06
200917  5.808852E-06  6.037282E-06
200918  4.754293E-06  1.147687E-05
200919  2.495374E-06  1.347687E-05
200920 -3.612780E-07  1.187701E-05
200921 -3.102943E-06  7.451955E-06
200922 -5.119546E-06  1.525855E-06
200923 -6.053388E-06 -4.463111E-06
200924 -5.853143E-06 -9.322323E-06
200925 -4.732631E-06 -1.231910E-05
200926 -3.064500E-06 -1.323763E-05
200927 -1.252866E-06 -1.230772E-05
200928  3.739505E-07 -1.005558E-05
200929  1.624360E-06 -7.129065E-06
200930  2.451531E-06 -4.140271E-06
200931  2.919164E-06 -1.553138E-06
200932  3.145825E-06  3.724681E-07
200933  3.250243E-06  1.581917E-06
200934  3.314500E-06  2.183518E-06
200935  3.372487E-06  2.379240E-06
200936  3.420883E-06  2.386520E-06
200937  4.054183E-06  4.343609E-06
200938  4.022019E-06  4.351889E-06
200939  3.929270E-06  4.325736E-06
200940  3.793759E-06  4.121398E-06
200941  3.624375E-06  3.543596E-06
200942  3.399843E-06  2.403843E-06
200943  3.057583E-06  5.869455E-07
200944  2.502204E-06 -1.887338E-06
200945  1.636568E-06 -4.821815E-06
200946  4.094698E-07 -7.832653E-06
200947 -1.134680E-06 -1.038482E-05
200948 -2.824175E-06 -1.187733E-05
200949 -4.365548E-06 -1.177360E-05
200950 -5.396839E-06 -9.758482E-06
200951 -5.583649E-06 -5.888622E-06
200952 -4.734798E-06 -6.893782E-07
200953 -2.900002E-06  4.852952E-06
200954 -4.084650E-07  9.443120E-06
200955  2.180583E-06  1.177896E-05
200956  4.216695E-06  1.095518E-05
200957  5.152120E-06  6.859525E-06
200958  4.727010E-06  4.093152E-07
200959  3.074108E-06 -6.518604E-06
200960  6.932514E-07 -1.153771E-05
200961 -1.706553E-06 -1.251904E-05
200962 -3.445899E-06 -8.458053E-06
200963 -4.107181E-06 -1.183690E-07
200964 -3.672579E-06  9.855782E-06
200965 -2.516583E-06  1.750853E-05
200966 -1.258626E-06  1.871585E-05
200967 -5.336343E-07  1.054895E-05
200968 -7.652721E-07 -7.617191E-06
200969 -2.020406E-06 -3.365343E-05
200970 -3.990423E-06 -6.305356E-05
200971 -6.100103E-06 -9.002064E-05
200972 -7.703508E-06 -1.089247E-04
200973 -8.300422E-06 -1.157147E-04
200974 -7.702463E-06 -1.089208E-04
200975 -6.095316E-06 -9.001433E-05
200976 -3.977223E-06 -6.304740E-05
200977 -1.993527E-06 -3.364990E-05
200978 -7.206315E-07 -7.617725E-06
200979 -4.700438E-07  1.054457E-05
200980 -1.178861E-06  1.870950E-05
200981 -2.427394E-06  1.750325E-05
200982 -3.583595E-06  9.854925E-06
200983 -4.029029E-06 -1.119427E-07
200984 -3.388079E-06 -8.442647E-06
200985 -1.675610E-06 -1.249454E-05
200986  6.948529E-07 -1.150573E-05
200987  3.048185E-06 -6.482258E-06
200988  4.678917E-06  4.460003E-07
200989  5.089274E-06  6.892494E-06
200990  4.146830E-06  1.098122E-05
200991  2.110263E-06  1.179627E-05
200992 -4.746269E-07  9.451481E-06
200993 -2.959307E-06  4.853533E-06
200994 -4.785823E-06 -6.943481E-07
200995 -5.625460E-06 -5.896262E-06
200996 -5.428459E-06 -9.765739E-06
200997 -4.385938E-06 -1.177783E-05
200998 -2.832682E-06 -1.187686E-05
200999 -1.131711E-06 -1.037930E-05
201000  4.219195E-07 -7.823002E-06
201001  1.654878E-06 -4.809782E-06
201002  2.521725E-06 -1.874859E-06
201003  3.073772E-06  5.983197E-07
201004  3.409552E-06  2.413239E-06
201005  3.626799E-06  3.550777E-06
201006  3.790593E-06  4.126511E-06
201007  3.923931E-06  4.329016E-06
201008  4.018178E-06  4.353498E-06
201009  4.091139E-06  5.247717E-06
201010  4.049449E-06  5.249304E-06
201011  3.928217E-06  5.212588E-06
201012  3.741802E-06  5.020582E-06
201013  3.497908E-06  4.511996E-06
201014  3.181418E-06  3.526001E-06
201015  2.746568E-06  1.954277E-06
201016  2.124735E-06 -2.086662E-07
201017  1.249776E-06 -2.827108E-06
201018  9.593686E-08 -5.608598E-06
201019 -1.283473E-06 -8.121513E-06
201020 -2.732741E-06 -9.852873E-06
201021 -4.001231E-06 -1.030717E-05
201022 -4.790068E-06 -9.136713E-06
201023 -4.833430E-06 -6.280078E-06
201024 -3.994554E-06 -2.070549E-06
201025 -2.344427E-06  2.733819E-06
201026 -1.883405E-07  7.043384E-06
201027  1.983653E-06  9.673417E-06
201028  3.621860E-06  9.695777E-06
201029  4.285629E-06  6.816408E-06
201030  3.797933E-06  1.638894E-06
201031  2.322819E-06 -4.333708E-06
201032  3.254127E-07 -9.047395E-06
201033 -1.580820E-06 -1.055914E-05
201034 -2.846594E-06 -7.822094E-06
201035 -3.178120E-06 -1.294113E-06
201036 -2.633168E-06  6.924743E-06
201037 -1.587008E-06  1.357081E-05
201038 -5.858366E-07  1.520976E-05
201039 -1.468695E-07  9.409174E-06
201040 -5.785741E-07 -4.343296E-06
201041 -1.880018E-06 -2.431817E-05
201042 -3.746027E-06 -4.692326E-05
201043 -5.669314E-06 -6.762700E-05
201044 -7.102937E-06 -8.210829E-05
201045 -7.631670E-06 -8.730226E-05
201046 -7.100591E-06 -8.210573E-05
201047 -5.662779E-06 -6.762316E-05
201048 -3.732102E-06 -4.692017E-05
201049 -1.855117E-06 -2.431778E-05
201050 -5.400390E-07 -4.346597E-06
201051 -9.425768E-08  9.402602E-06
201052 -5.217064E-07  1.520170E-05
201053 -1.516858E-06  1.356392E-05
201054 -2.564510E-06  6.921825E-06
201055 -3.119000E-06 -1.290754E-06
201056 -2.803994E-06 -7.811128E-06
201057 -1.559350E-06 -1.054051E-05
201058  3.242794E-07 -9.022441E-06
201059  2.300837E-06 -4.304987E-06
201060  3.759483E-06  1.668077E-06
201061  4.236566E-06  6.842742E-06
201062  3.568129E-06  9.716672E-06
201063  1.930128E-06  9.687439E-06
201064 -2.384358E-07  7.050312E-06
201065 -2.389398E-06  2.734456E-06
201066 -4.033622E-06 -2.074612E-06
201067 -4.866008E-06 -6.286685E-06
201068 -4.815309E-06 -9.143445E-06
201069 -4.018035E-06 -1.031181E-05
201070 -2.740198E-06 -9.853927E-06
201071 -1.281505E-06 -8.118592E-06
201072  1.060568E-07 -5.602408E-06
201073  1.265322E-06 -2.819069E-06
201074  2.141984E-06 -2.003307E-07
201075  2.761723E-06  1.961729E-06
201076  3.191685E-06  3.531998E-06
201077  3.502323E-06  4.516491E-06
201078  3.741415E-06  5.023779E-06
201079  3.925514E-06  5.214678E-06
201080  4.047200E-06  5.250353E-06
201081  3.704796E-06  5.333815E-06
201082  3.658265E-06  5.325354E-06
201083  3.520386E-06  5.269649E-06
201084  3.297337E-06  5.080667E-06
201085  2.989870E-06  4.638455E-06
201086  2.584746E-06  3.820422E-06
201087  2.052638E-06  2.538226E-06
201088  1.356651E-06  7.747979E-07
201089  4.717530E-07 -1.384729E-06
201090 -5.892646E-07 -3.735544E-06
201091 -1.751991E-06 -5.957253E-06
201092 -2.870105E-06 -7.647226E-06
201093 -3.738956E-06 -8.387909E-06
201094 -4.137574E-06 -7.846002E-06
201095 -3.893640E-06 -5.889925E-06
201096 -2.954411E-06 -2.696916E-06
201097 -1.438148E-06  1.192624E-06
201098  3.600823E-07  4.919473E-06
201099  2.024062E-06  7.478142E-06
201100  3.128388E-06  8.006326E-06
201101  3.375934E-06  6.121831E-06
201102  2.710785E-06  2.184281E-06
201103  1.356218E-06 -2.658139E-06
201104 -2.485416E-07 -6.730060E-06
201105 -1.597606E-06 -8.378520E-06
201106 -2.298838E-06 -6.646910E-06
201107 -2.213576E-06 -1.803978E-06
201108 -1.499970E-06  4.536746E-06
201109 -5.458257E-07  9.829491E-06
201110  1.774883E-07  1.143231E-05
201111  2.808784E-07  7.552125E-06
201112 -4.156979E-07 -2.080954E-06
201113 -1.831761E-06 -1.606943E-05
201114 -3.656655E-06 -3.175353E-05
201115 -5.444277E-06 -4.596082E-05
201116 -6.741302E-06 -5.580676E-05
201117 -7.213659E-06 -5.931991E-05
201118 -6.738452E-06 -5.580527E-05
201119 -5.437586E-06 -4.595872E-05
201120 -3.644384E-06 -3.175222E-05
201121 -1.811969E-06 -1.607018E-05
201122 -3.870510E-07 -2.084316E-06
201123  3.182866E-07  7.546619E-06
201124  2.216469E-07  1.142605E-05
201125 -4.987395E-07  9.824345E-06
201126 -1.454911E-06  4.534584E-06
201127 -2.175636E-06 -1.801713E-06
201128 -2.272265E-06 -6.639438E-06
201129 -1.585065E-06 -8.365878E-06
201130 -2.507151E-07 -6.713181E-06
201131  1.340658E-06 -2.638780E-06
201132  2.684802E-06  2.203861E-06
201133  3.343399E-06  6.139407E-06
201134  3.093166E-06  8.020226E-06
201135  1.989223E-06  7.487494E-06
201136  3.275219E-07  4.924149E-06
201137 -1.467577E-06  1.193058E-06
201138 -2.980401E-06 -2.699840E-06
201139 -3.915875E-06 -5.894887E-06
201140 -4.155383E-06 -7.851342E-06
201141 -3.751353E-06 -8.391948E-06
201142 -2.876160E-06 -7.648746E-06
201143 -1.751361E-06 -5.955873E-06
201144 -5.826192E-07 -3.731770E-06
201145  4.826277E-07 -1.379640E-06
201146  1.369169E-06  7.800432E-07
201147  2.064076E-06  2.542811E-06
201148  2.593028E-06  3.824040E-06
201149  2.994157E-06  4.641188E-06
201150  3.298184E-06  5.082714E-06
201151  3.519358E-06  5.271093E-06
201152  3.657161E-06  5.326127E-06
201153  3.016197E-06  4.866757E-06
201154  2.967130E-06  4.842875E-06
201155  2.817867E-06  4.752764E-06
201156  2.562890E-06  4.543189E-06
201157  2.191703E-06  4.139545E-06
201158  1.689790E-06  3.464607E-06
201159  1.044132E-06  2.460683E-06
201160  2.537402E-07  1.112655E-06
201161 -6.567298E-07 -5.307579E-07
201162 -1.624352E-06 -2.341238E-06
201163 -2.541930E-06 -4.106069E-06
201164 -3.264648E-06 -5.541328E-06
201165 -3.633570E-06 -6.330182E-06
201166 -3.515383E-06 -6.190034E-06
201167 -2.850755E-06 -4.963535E-06
201168 -1.696565E-06 -2.714323E-06
201169 -2.435842E-07  2.073537E-07
201170  1.206165E-06  3.172510E-06
201171  2.307454E-06  5.389040E-06
201172  2.772987E-06  6.126085E-06
201173  2.476593E-06  4.995685E-06
201174  1.516763E-06  2.188270E-06
201175  2.053684E-07 -1.462545E-06
201176 -1.027080E-06 -4.673272E-06
201177 -1.781168E-06 -6.149622E-06
201178 -1.835752E-06 -5.129960E-06
201179 -1.231387E-06 -1.799540E-06
201180 -2.552236E-07  2.646189E-06
201181  6.641320E-07  6.372976E-06
201182  1.106097E-06  7.587707E-06
201183  7.938219E-07  5.232093E-06
201184 -3.272416E-07 -6.244306E-07
201185 -2.082437E-06 -8.852979E-06
201186 -4.121906E-06 -1.771415E-05
201187 -6.012465E-06 -2.542898E-05
201188 -7.342936E-06 -3.060726E-05
201189 -7.820753E-06 -3.242204E-05
201190 -7.340125E-06 -3.060658E-05
201191 -6.006687E-06 -2.542808E-05
201192 -4.112853E-06 -1.771374E-05
201193 -2.069766E-06 -8.853655E-06
201194 -3.108491E-07 -6.263555E-07
201195  8.134607E-07  5.229306E-06
201196  1.127747E-06  7.584856E-06
201197  6.859213E-07  6.370975E-06
201198 -2.354249E-07  2.645808E-06
201199 -1.215523E-06 -1.797801E-06
201200 -1.825255E-06 -5.125879E-06
201201 -1.776809E-06 -6.143270E-06
201202 -1.028922E-06 -4.665084E-06
201203  1.979623E-07 -1.453342E-06
201204  1.505041E-06  2.197427E-06
201205  2.462173E-06  5.003800E-06
201206  2.757480E-06  6.132504E-06
201207  2.292090E-06  5.393507E-06
201208  1.191598E-06  3.175000E-06
201209 -2.571767E-07  2.079050E-07
201210 -1.709190E-06 -2.715574E-06
201211 -2.862271E-06 -4.966157E-06
201212 -3.525312E-06 -6.193189E-06
201213 -3.641149E-06 -6.332803E-06
201214 -3.269098E-06 -5.542523E-06
201215 -2.542808E-06 -4.105498E-06
201216 -1.621833E-06 -2.339204E-06
201217 -6.516673E-07 -5.279797E-07
201218  2.600035E-07  1.115440E-06
201219  1.050145E-06  2.463036E-06
201220  1.694418E-06  3.466474E-06
201221  2.194433E-06  4.141104E-06
201222  2.563898E-06  4.544585E-06
201223  2.817828E-06  4.753929E-06
201224  2.966846E-06  4.843565E-06
