Mesh2HRTF 0.1.2
    1
    1  1225
200000 -2.685175E-05  1.637323E-05
200001 -1.325446E-05 -3.534606E-06
200002 -1.291887E-05 -7.480314E-06
200003 -1.151751E-05 -1.110380E-05
200004 -9.291950E-06 -1.412935E-05
200005 -6.552978E-06 -1.636005E-05
200006 -3.633116E-06 -1.769734E-05
200007 -8.399074E-07 -1.814461E-05
200008  1.582015E-06 -1.779602E-05
200009  3.474612E-06 -1.681391E-05
200010  4.773588E-06 -1.539964E-05
200011  5.500058E-06 -1.376286E-05
200012  5.740585E-06 -1.209395E-05
200013  5.621111E-06 -1.054362E-05
200014  5.280662E-06 -9.211940E-06
200015  4.849689E-06 -8.147617E-06
200016  4.435949E-06 -7.356403E-06
200017  4.118447E-06 -6.816102E-06
200018  3.947833E-06 -6.494403E-06
200019  3.950238E-06 -6.365397E-06
200020  4.131423E-06 -6.421218E-06
200021  4.478651E-06 -6.676133E-06
200022  4.959415E-06 -7.162212E-06
200023  5.517881E-06 -7.917498E-06
200024  6.071426E-06 -8.969180E-06
200025  6.510486E-06 -1.031548E-05
200026  6.704621E-06 -1.191038E-05
200027  6.516420E-06 -1.365487E-05
200028  5.822752E-06 -1.539748E-05
200029  4.540519E-06 -1.694505E-05
200030  2.652146E-06 -1.808321E-05
200031  2.250245E-07 -1.860399E-05
200032 -2.580550E-06 -1.833685E-05
200033 -5.518712E-06 -1.717840E-05
200034 -8.281683E-06 -1.511550E-05
200035 -1.053750E-05 -1.223725E-05
200036 -1.197636E-05 -8.732140E-06
200037 -1.235772E-05 -4.869247E-06
200038 -1.154924E-05 -9.651339E-07
200039 -9.549543E-06  2.658701E-06
200040 -6.489386E-06  5.720292E-06
200041 -2.610193E-06  8.015007E-06
200042  1.776293E-06  9.439070E-06
200043  6.338997E-06  9.994353E-06
200044  1.077836E-05  9.774515E-06
200045  1.486626E-05  8.937119E-06
200046  1.846709E-05  7.669570E-06
200047  2.153694E-05  6.157365E-06
200048  2.410353E-05  4.561328E-06
200049  2.623430E-05  3.006828E-06
200050  2.800260E-05  1.583948E-06
200051  2.946126E-05  3.546479E-07
200052  3.062980E-05 -6.380613E-07
200053  3.149673E-05 -1.362929E-06
200054  3.203336E-05 -1.797046E-06
200055  3.221215E-05 -1.925677E-06
200056  3.202180E-05 -1.743407E-06
200057  3.147297E-05 -1.254662E-06
200058  3.059227E-05 -4.728469E-07
200059  2.940707E-05  5.810095E-07
200060  2.792711E-05  1.878058E-06
200061  2.613088E-05  3.377909E-06
200062  2.396371E-05  5.020905E-06
200063  2.135089E-05  6.718271E-06
200064  1.822447E-05  8.344302E-06
200065  1.455729E-05  9.735705E-06
200066  1.039487E-05  1.070222E-05
200067  5.875325E-06  1.104959E-05
200068  1.229887E-06  1.061192E-05
200069 -3.238590E-06  9.286591E-06
200070 -7.195941E-06  7.063237E-06
200071 -1.032789E-05  4.038603E-06
200072 -1.239126E-05  4.126115E-07
200073 -2.175989E-05  3.308699E-06
200074 -1.660519E-05 -2.902861E-06
200075 -8.437107E-06 -7.039124E-06
200076  8.410190E-07 -8.440470E-06
200077  9.335371E-06 -7.206558E-06
200078  1.550152E-05 -3.937431E-06
200079  1.835786E-05  5.584931E-07
200080  1.760068E-05  5.467029E-06
200081  1.363104E-05  1.005318E-05
200082  7.469595E-06  1.367766E-05
200083  5.333698E-07  1.581670E-05
200084 -5.704866E-06  1.612397E-05
200085 -1.008773E-05  1.451921E-05
200086 -1.205289E-05  1.125141E-05
200087 -1.172595E-05  6.888224E-06
200088 -9.806298E-06  2.218701E-06
200089 -7.303970E-06 -1.903251E-06
200090 -5.226208E-06 -4.726905E-06
200091 -4.304009E-06 -5.742433E-06
200092 -4.813686E-06 -4.766687E-06
200093 -6.514659E-06 -1.972368E-06
200094 -8.707558E-06  2.138852E-06
200095 -1.040854E-05  6.819771E-06
200096 -1.061887E-05  1.121343E-05
200097 -8.635721E-06  1.452052E-05
200098 -4.314601E-06  1.615756E-05
200099  1.814042E-06  1.585788E-05
200100  8.631744E-06  1.368709E-05
200101  1.470410E-05  9.983916E-06
200102  1.864247E-05  5.273369E-06
200103  1.943785E-05  2.037862E-07
200104  1.668129E-05 -4.475518E-06
200105  1.065212E-05 -7.933555E-06
200106  2.298982E-06 -9.344272E-06
200107 -6.865055E-06 -8.089664E-06
200108 -1.496748E-05 -4.051921E-06
200109 -2.011250E-05  2.126748E-06
200110 -2.084128E-05  8.988852E-06
200111 -1.662260E-05  1.454166E-05
200112 -8.197184E-06  1.686368E-05
200113  2.413653E-06  1.484549E-05
200114  1.233425E-05  8.744075E-06
200115  1.862541E-05  2.491479E-07
200116  1.919727E-05 -8.047515E-06
200117  1.351620E-05 -1.360085E-05
200118  2.830736E-06 -1.487286E-05
200119 -1.018407E-05 -1.187071E-05
200120 -2.224609E-05 -6.031327E-06
200121 -3.046665E-05  4.597799E-07
200122 -3.320021E-05  5.573140E-06
200123 -3.048269E-05  8.161394E-06
200124 -2.394493E-05  8.239752E-06
200125 -1.625170E-05  6.778522E-06
200126 -1.024910E-05  5.157784E-06
200127 -8.078060E-06  4.528573E-06
200128 -1.051545E-05  5.320135E-06
200129 -1.673629E-05  7.059946E-06
200130 -2.456671E-05  8.564501E-06
200131 -3.115287E-05  8.439851E-06
200132 -3.384842E-05  5.723476E-06
200133 -3.105926E-05  4.277678E-07
200134 -2.279092E-05 -6.258303E-06
200135 -1.072138E-05 -1.225825E-05
200136  2.245655E-06 -1.534415E-05
200137  1.283114E-05 -1.405094E-05
200138  1.837537E-05 -8.364466E-06
200139  1.764905E-05  1.612010E-07
200140  1.120191E-05  8.946045E-06
200141  1.134172E-06  1.535340E-05
200142 -9.608834E-06  1.764949E-05
200143 -1.814577E-05  1.554306E-05
200144 -2.244684E-05  1.012390E-05
200145  2.894259E-06 -1.344939E-05
200146  8.536609E-06 -1.245238E-05
200147  9.552623E-06 -6.098531E-06
200148  6.072048E-06  1.822359E-06
200149  7.184673E-07  7.336233E-06
200150 -3.438426E-06  8.216625E-06
200151 -4.984428E-06  4.742929E-06
200152 -4.826797E-06 -8.993985E-07
200153 -4.995232E-06 -6.084019E-06
200154 -6.632425E-06 -9.154840E-06
200155 -8.889045E-06 -9.974310E-06
200156 -9.614862E-06 -9.435211E-06
200157 -7.149212E-06 -8.478669E-06
200158 -1.634771E-06 -7.413339E-06
200159  5.148525E-06 -5.963542E-06
200160  1.108855E-05 -3.847186E-06
200161  1.500826E-05 -1.312430E-06
200162  1.698000E-05  8.218185E-07
200163  1.767189E-05  1.639981E-06
200164  1.742387E-05  7.401548E-07
200165  1.583394E-05 -1.484228E-06
200166  1.217948E-05 -4.102865E-06
200167  6.348408E-06 -6.256277E-06
200168 -5.005637E-07 -7.652634E-06
200169 -6.246694E-06 -8.560027E-06
200170 -9.072975E-06 -9.287844E-06
200171 -8.774451E-06 -9.596832E-06
200172 -6.930199E-06 -8.615556E-06
200173 -5.598619E-06 -5.486500E-06
200174 -5.546212E-06 -3.368753E-07
200175 -5.590424E-06  5.217142E-06
200176 -3.739938E-06  8.592649E-06
200177  7.899523E-07  7.635965E-06
200178  6.423348E-06  2.088473E-06
200179  9.969993E-06 -5.809995E-06
200180  8.792621E-06 -1.208522E-05
200181  2.860513E-06 -1.296994E-05
200182 -4.747677E-06 -7.174334E-06
200183 -9.324973E-06  2.758924E-06
200184 -7.233924E-06  1.113800E-05
200185  1.708660E-06  1.207055E-05
200186  1.364589E-05  3.374804E-06
200187  2.246825E-05 -1.110372E-05
200188  2.314212E-05 -2.297729E-05
200189  1.466115E-05 -2.437871E-05
200190  7.709842E-07 -1.335056E-05
200191 -1.201377E-05  4.560134E-06
200192 -1.780273E-05  1.993221E-05
200193 -1.398770E-05  2.549847E-05
200194 -1.758371E-06  1.990105E-05
200195  1.528278E-05  6.907363E-06
200196  3.302017E-05 -8.097593E-06
200197  4.803207E-05 -2.093491E-05
200198  5.791322E-05 -2.926570E-05
200199  6.123510E-05 -3.201073E-05
200200  5.755357E-05 -2.888335E-05
200201  4.743651E-05 -2.026932E-05
200202  3.240098E-05 -7.292107E-06
200203  1.486415E-05  7.728196E-06
200204 -1.841921E-06  2.065503E-05
200205 -1.376580E-05  2.612583E-05
200206 -1.746138E-05  2.036966E-05
200207 -1.179770E-05  4.745204E-06
200208  6.898991E-07 -1.344659E-05
200209  1.427007E-05 -2.472458E-05
200210  2.258291E-05 -2.349278E-05
200211  2.195738E-05 -1.170287E-05
200212  1.337086E-05  2.744083E-06
200213  1.750306E-06  1.142220E-05
200214 -6.929173E-06  1.047709E-05
200215 -8.920884E-06  2.111866E-06
200216 -4.450481E-06 -7.758908E-06
200217  1.144898E-05 -4.832043E-06
200218  1.263312E-05  6.492240E-07
200219  6.968133E-06  4.772209E-06
200220 -3.213535E-06  5.981249E-06
200221 -1.250451E-05  4.463345E-06
200222 -1.450838E-05  1.077695E-06
200223 -6.643521E-06 -2.766001E-06
200224  6.338965E-06 -5.008409E-06
200225  1.527524E-05 -3.959850E-06
200226  1.467579E-05  8.144225E-08
200227  7.669448E-06  4.643318E-06
200228  2.088702E-06  7.003393E-06
200229  2.132531E-06  6.380537E-06
200230  4.819796E-06  4.279050E-06
200231  4.142608E-06  2.971526E-06
200232 -2.696878E-06  3.750083E-06
200233 -1.324529E-05  6.246752E-06
200234 -2.238845E-05  8.924573E-06
200235 -2.587693E-05  1.014363E-05
200236 -2.218580E-05  9.148717E-06
200237 -1.289595E-05  6.510479E-06
200238 -2.264150E-06  3.814561E-06
200239  4.613445E-06  2.709705E-06
200240  5.283435E-06  3.751643E-06
200241  2.538608E-06  5.767806E-06
200242  2.405635E-06  6.461969E-06
200243  7.873839E-06  4.214093E-06
200244  1.469227E-05 -2.840064E-07
200245  1.497304E-05 -4.295182E-06
200246  5.667274E-06 -5.260931E-06
200247 -7.496142E-06 -2.846903E-06
200248 -1.515499E-05  1.150184E-06
200249 -1.264748E-05  4.486469E-06
200250 -2.926631E-06  5.695641E-06
200251  7.267091E-06  4.123110E-06
200252  1.252389E-05 -8.532886E-08
200253  1.084419E-05 -5.228096E-06
200254  3.257200E-06 -7.695737E-06
200255 -6.803432E-06 -3.943028E-06
200256 -1.431109E-05  5.530320E-06
200257 -1.505428E-05  1.413920E-05
200258 -9.151358E-06  1.351949E-05
200259 -2.253877E-06  2.632826E-06
200260 -1.546381E-06 -7.881912E-06
200261 -8.661478E-06 -4.661322E-06
200262 -1.631312E-05  1.197099E-05
200263 -1.364393E-05  2.350048E-05
200264  2.999620E-06  1.146357E-05
200265  2.393869E-05 -1.866402E-05
200266  3.183412E-05 -3.821646E-05
200267  1.513369E-05 -2.478961E-05
200268 -2.278926E-05  1.340888E-05
200269 -6.657602E-05  4.875907E-05
200270 -9.948812E-05  6.541879E-05
200271 -1.112306E-04  6.897504E-05
200272 -9.888806E-05  6.606256E-05
200273 -6.576406E-05  4.958915E-05
200274 -2.215284E-05  1.392319E-05
200275  1.554508E-05 -2.471498E-05
200276  3.223175E-05 -3.828492E-05
200277  2.442781E-05 -1.849002E-05
200278  3.358628E-06  1.200658E-05
200279 -1.380321E-05  2.423044E-05
200280 -1.719593E-05  1.262495E-05
200281 -1.010512E-05 -4.193977E-06
200282 -3.138380E-06 -7.540293E-06
200283 -3.593518E-06  2.911307E-06
200284 -1.001269E-05  1.365415E-05
200285 -1.536832E-05  1.397048E-05
200286 -1.408845E-05  5.048954E-06
200287 -6.145678E-06 -4.460660E-06
200288  4.083329E-06 -7.848583E-06
200289 -1.093410E-05  1.133374E-05
200290 -1.550653E-05  8.295512E-06
200291 -7.257489E-06 -5.213531E-07
200292  5.745518E-06 -7.665167E-06
200293  1.058047E-05 -8.342912E-06
200294  4.940946E-06 -3.869649E-06
200295 -5.372030E-07  8.407030E-07
200296  1.180912E-06  2.978238E-06
200297  2.817706E-06  3.397657E-06
200298 -4.168618E-06  3.045849E-06
200299 -1.405835E-05  1.341344E-06
200300 -1.469787E-05 -1.254523E-06
200301 -5.541224E-06 -2.553738E-06
200302  2.488045E-06 -1.862083E-06
200303  2.942811E-06 -1.380144E-06
200304  8.805704E-07 -3.287160E-06
200305  3.520905E-06 -7.110735E-06
200306  1.014803E-05 -1.061864E-05
200307  1.378916E-05 -1.199869E-05
200308  1.034905E-05 -1.071957E-05
200309  3.694525E-06 -7.475329E-06
200310  9.481315E-07 -4.061485E-06
200311  3.040256E-06 -2.419891E-06
200312  2.571962E-06 -2.710226E-06
200313 -5.841186E-06 -2.840239E-06
200314 -1.562405E-05 -1.084997E-06
200315 -1.531958E-05  1.479782E-06
200316 -5.231278E-06  2.708555E-06
200317  2.121036E-06  2.515512E-06
200318  5.745841E-07  1.959544E-06
200319 -1.221676E-06  3.984481E-07
200320  4.497283E-06 -3.242448E-06
200321  1.079889E-05 -6.927372E-06
200322  6.464704E-06 -6.423984E-06
200323 -6.802246E-06 -2.315040E-07
200324 -1.588893E-05  7.842556E-06
200325 -1.188038E-05  1.113551E-05
200326  1.054087E-06  5.658445E-06
200327  1.119405E-05 -4.888273E-06
200328  1.133924E-05 -1.039910E-05
200329  5.717139E-06 -4.908786E-06
200330  4.921718E-06  3.477724E-06
200331  1.310406E-05 -1.220527E-07
200332  2.128450E-05 -1.524019E-05
200333  1.648868E-05 -1.952473E-05
200334 -1.325577E-06  1.689619E-06
200335 -1.510534E-05  2.401163E-05
200336 -8.804009E-06  8.850936E-06
200337  1.039017E-05 -3.107143E-05
200338  1.496015E-05 -2.814339E-05
200339 -1.267624E-05  4.094669E-05
200340 -5.776408E-05  8.428928E-05
200341 -8.934333E-05 -7.040893E-06
200342 -9.599692E-05 -1.910718E-04
200343 -9.328204E-05 -2.869397E-04
200344 -9.393054E-05 -1.899016E-04
200345 -8.672405E-05 -5.590030E-06
200346 -5.628533E-05  8.503491E-05
200347 -1.286978E-05  4.074193E-05
200348  1.382583E-05 -2.871482E-05
200349  9.322076E-06 -3.127240E-05
200350 -9.394987E-06  9.241787E-06
200351 -1.541202E-05  2.467030E-05
200352 -1.627954E-06  2.188178E-06
200353  1.619353E-05 -1.935353E-05
200354  2.122740E-05 -1.526836E-05
200355  1.339467E-05 -1.716364E-07
200356  5.302990E-06  3.305164E-06
200357  5.808419E-06 -5.597672E-06
200358  1.117344E-05 -1.177218E-05
200359  1.129337E-05 -6.410738E-06
200360  1.773317E-06  4.864596E-06
200361  5.559318E-06 -4.323913E-06
200362  1.061242E-06 -6.643906E-06
200363 -2.186052E-06 -3.815921E-06
200364  3.490516E-06  2.784530E-07
200365  7.919558E-06  3.794103E-06
200366 -2.132990E-06  5.818023E-06
200367 -1.370261E-05  3.746906E-06
200368 -7.292129E-06 -1.287043E-06
200369  6.900339E-06 -3.978667E-06
200370  8.926710E-06 -3.913331E-06
200371  4.768173E-06 -5.108625E-06
200372  8.920613E-06 -5.967994E-06
200373  1.434397E-05 -1.763748E-06
200374  7.310184E-06  4.640345E-06
200375 -6.753623E-06  6.437208E-06
200376 -1.279620E-05  4.362974E-06
200377 -8.171583E-06  4.738746E-06
200378 -1.329213E-06  8.736242E-06
200379  1.559246E-06  1.105647E-05
200380 -9.629030E-07  8.357380E-06
200381 -7.914686E-06  4.009753E-06
200382 -1.259053E-05  3.051286E-06
200383 -5.858071E-06  4.699700E-06
200384  9.037136E-06  3.600140E-06
200385  1.573084E-05 -1.113542E-06
200386  8.717404E-06 -4.033205E-06
200387  3.153793E-06 -3.091193E-06
200388  7.235160E-06 -2.540872E-06
200389  6.137955E-06 -3.439724E-06
200390 -7.229354E-06 -1.562444E-06
200391 -1.342930E-05  3.213940E-06
200392 -1.815801E-06  6.036664E-06
200393  8.551784E-06  5.158166E-06
200394  4.312735E-06  2.005540E-06
200395 -1.941145E-06 -2.850875E-06
200396  2.114620E-07 -6.716899E-06
200397  4.208643E-06 -4.628103E-06
200398  4.231976E-06  1.992248E-06
200399  2.434486E-06  4.400179E-06
200400 -1.132505E-06 -3.035624E-07
200401 -9.503378E-06 -2.208416E-06
200402 -1.952662E-05  7.198306E-06
200403 -2.099270E-05  1.719764E-05
200404 -9.199303E-06  8.299287E-06
200405  4.889581E-06 -1.336819E-05
200406  5.478696E-06 -1.371323E-05
200407 -4.304347E-06  1.389024E-05
200408 -2.941949E-06  2.034824E-05
200409  1.369569E-05 -1.860021E-05
200410  1.383236E-05 -2.998294E-05
200411 -2.851074E-05  3.877392E-05
200412 -8.345336E-05  4.790691E-05
200413 -9.210089E-05 -2.075741E-04
200414 -4.957251E-05 -6.438988E-04
200415 -2.067612E-05 -8.680273E-04
200416 -4.863773E-05 -6.446344E-04
200417 -9.076381E-05 -2.085200E-04
200418 -8.262003E-05  4.714362E-05
200419 -2.871414E-05  3.819619E-05
200420  1.298666E-05 -3.041962E-05
200421  1.306246E-05 -1.884657E-05
200422 -2.844045E-06  2.026312E-05
200423 -3.612964E-06  1.393389E-05
200424  6.082076E-06 -1.347151E-05
200425  4.765576E-06 -1.302195E-05
200426 -9.841796E-06  8.489407E-06
200427 -2.126150E-05  1.726107E-05
200428 -1.913603E-05  7.327206E-06
200429 -9.231748E-06 -2.283590E-06
200430 -1.508251E-06 -9.980480E-07
200431  2.123508E-06  3.443733E-06
200432  4.903821E-06  1.619698E-06
200433  8.837140E-06 -1.713615E-06
200434  1.311658E-05  2.169262E-06
200435 -6.325984E-06  6.032763E-06
200436 -1.650766E-05  3.166807E-06
200437 -2.110898E-06 -1.411328E-06
200438  4.906866E-06 -1.868239E-06
200439 -1.758457E-06 -1.986623E-06
200440  3.184301E-06 -2.901808E-06
200441  9.873517E-06  8.377923E-07
200442 -1.016456E-06  6.301376E-06
200443 -1.135009E-05  5.336668E-06
200444 -7.223326E-06  2.049283E-06
200445 -4.907299E-06  3.159953E-06
200446 -1.015877E-05  1.773647E-06
200447 -7.264331E-06 -7.655512E-06
200448  4.879129E-06 -1.582699E-05
200449  7.274921E-06 -1.411858E-05
200450 -5.313739E-06 -7.195997E-06
200451 -1.397706E-05 -4.051177E-06
200452 -5.452340E-06 -7.583424E-06
200453  6.945982E-06 -1.398293E-05
200454  4.463380E-06 -1.580136E-05
200455 -7.067103E-06 -8.929133E-06
200456 -8.816393E-06  1.517022E-07
200457 -3.288323E-06  2.931405E-06
200458 -6.664975E-06  2.886460E-06
200459 -1.188634E-05  5.884781E-06
200460 -1.670601E-06  6.612003E-06
200461  9.742374E-06  1.455192E-06
200462  3.400962E-06 -2.551729E-06
200463 -1.722274E-06 -2.336551E-06
200464  4.683582E-06 -2.265025E-06
200465 -2.206674E-06 -1.462660E-06
200466 -1.632446E-05  3.133193E-06
200467 -6.077451E-06  5.796928E-06
200468  1.316250E-05  1.629068E-06
200469  8.667963E-06 -2.604231E-06
200470 -9.272679E-06 -1.213824E-07
200471 -1.411169E-05  5.370190E-06
200472 -1.600746E-06  5.077289E-06
200473  1.507586E-05 -4.437187E-06
200474  2.041461E-05 -1.305330E-05
200475  9.783321E-06 -6.272352E-06
200476 -2.783308E-06  8.929035E-06
200477 -2.203294E-06  6.768195E-06
200478  1.742989E-06 -1.108375E-05
200479 -7.099090E-06 -7.261104E-06
200480 -1.258165E-05  1.857682E-05
200481  7.144774E-06  1.050341E-05
200482  2.457545E-05 -2.956659E-05
200483 -8.868471E-06 -1.052557E-05
200484 -8.552098E-05  6.359296E-05
200485 -1.382677E-04  2.856208E-05
200486 -1.315831E-04 -1.620715E-04
200487 -1.156180E-04 -2.824137E-04
200488 -1.340092E-04 -1.643704E-04
200489 -1.407733E-04  2.608425E-05
200490 -8.668928E-05  6.259975E-05
200491 -9.168964E-06 -1.030633E-05
200492  2.443804E-05 -2.918355E-05
200493  7.007153E-06  1.052797E-05
200494 -1.255157E-05  1.807214E-05
200495 -6.660088E-06 -8.190590E-06
200496  2.279935E-06 -1.176103E-05
200497 -2.416639E-06  6.750520E-06
200498 -3.736601E-06  9.097219E-06
200499  9.342522E-06 -6.191709E-06
200500  2.106826E-05 -1.275813E-05
200501  1.575210E-05 -4.050021E-06
200502 -1.801996E-06  5.239507E-06
200503 -1.461664E-05  5.674500E-06
200504 -9.334953E-06  6.819463E-07
200505 -1.072281E-05 -8.202001E-07
200506  1.975794E-06  1.665806E-06
200507  2.952908E-06  1.478731E-06
200508 -5.200988E-06 -4.098444E-06
200509  8.075040E-06 -4.763651E-06
200510  1.156428E-05  6.257633E-07
200511 -3.913924E-06  2.767561E-06
200512 -2.979380E-06  9.975035E-07
200513  1.263155E-06 -3.501605E-07
200514 -5.052520E-06 -1.555118E-06
200515 -2.092665E-07 -5.161919E-06
200516  9.634219E-06 -6.215453E-06
200517  5.566973E-06 -1.811995E-06
200518 -8.613254E-09  2.646722E-07
200519  6.579724E-06 -1.996640E-07
200520  1.475671E-05  3.270395E-06
200521  1.356985E-05  6.321863E-06
200522  7.487193E-06  3.068850E-06
200523  4.221191E-06 -5.164738E-07
200524  6.958794E-06  2.573948E-06
200525  1.377749E-05  7.064123E-06
200526  1.532368E-05  4.722039E-06
200527  6.547056E-06 -2.267899E-07
200528 -1.881017E-07 -1.206460E-06
200529  5.381426E-06 -2.839148E-06
200530  8.790359E-06 -6.444390E-06
200531 -1.277150E-06 -5.738118E-06
200532 -5.566260E-06 -2.223258E-06
200533  1.063633E-06 -2.003999E-07
200534 -3.362885E-06  1.139005E-06
200535 -4.481038E-06  2.330952E-06
200536  1.147845E-05  4.467859E-07
200537  8.830747E-06 -4.837944E-06
200538 -4.379213E-06 -4.710147E-06
200539  3.498102E-06  9.942347E-07
200540  2.779014E-06  1.745640E-06
200541 -9.935093E-06 -1.012246E-06
200542 -1.193995E-06 -3.720267E-06
200543  1.200038E-05 -5.353366E-06
200544  5.288954E-06 -5.690285E-07
200545 -4.970212E-06  5.382311E-06
200546 -1.665658E-06  8.501504E-07
200547  5.094489E-06 -8.847678E-06
200548  2.724340E-06 -4.938698E-06
200549  3.780494E-06  9.200263E-06
200550  1.440805E-05  4.512916E-06
200551  8.696498E-06 -1.588227E-05
200552 -1.336266E-05 -8.563464E-06
200553 -1.367633E-05  2.209364E-05
200554  9.828998E-06  1.393374E-05
200555  2.787829E-05 -2.464975E-05
200556  1.817082E-05 -6.592221E-06
200557 -2.230413E-05  7.162626E-05
200558 -5.739285E-05  1.264041E-04
200559 -6.731336E-05  1.372235E-04
200560 -5.971183E-05  1.259061E-04
200561 -2.437560E-05  7.128793E-05
200562  1.737826E-05 -6.369046E-06
200563  2.762942E-05 -2.427565E-05
200564  9.765857E-06  1.408639E-05
200565 -1.372173E-05  2.238496E-05
200566 -1.377674E-05 -8.156209E-06
200567  8.193251E-06 -1.595006E-05
200568  1.444562E-05  4.317283E-06
200569  4.147688E-06  9.504658E-06
200570  2.957095E-06 -4.558730E-06
200571  5.528434E-06 -8.730558E-06
200572 -7.480518E-07  8.361064E-07
200573 -4.038317E-06  5.016112E-06
200574  5.998372E-06 -9.933451E-07
200575  1.254857E-05 -5.014884E-06
200576 -1.231543E-06 -2.968729E-06
200577 -1.361443E-05 -1.750837E-06
200578 -2.869046E-06 -4.878727E-06
200579  1.175623E-05  1.099597E-06
200580 -3.705084E-06 -7.815972E-07
200581 -3.270643E-06  2.903216E-06
200582 -3.088742E-06  4.797957E-06
200583 -1.064827E-05  3.036657E-07
200584  1.101093E-06  1.290123E-06
200585  4.144238E-06 -1.775943E-08
200586  8.116810E-09 -1.761654E-06
200587  7.529830E-06  4.256805E-07
200588  5.800486E-06  1.963638E-06
200589 -3.350073E-06  2.304093E-06
200590 -3.049091E-06  1.841440E-07
200591 -4.476540E-06  3.600904E-07
200592 -1.521481E-05  4.758977E-06
200593 -1.949798E-05  5.640047E-06
200594 -9.764564E-06  2.327986E-06
200595 -2.936999E-06  4.933592E-07
200596 -1.081270E-05  2.619742E-06
200597 -1.939858E-05  6.545221E-06
200598 -1.429525E-05  6.256771E-06
200599 -4.497325E-06  1.491602E-06
200600 -3.506135E-06 -1.579456E-07
200601 -3.516931E-06  1.047656E-06
200602  5.127922E-06  1.322763E-06
200603  6.876436E-06  2.173288E-07
200604  3.567751E-07 -1.915526E-06
200605  4.718347E-06  2.933238E-07
200606  1.207915E-06  1.082483E-06
200607 -1.076724E-05 -5.798117E-07
200608 -2.563516E-06  4.579283E-06
200609 -1.680418E-06  3.010900E-06
200610 -2.472463E-06 -9.835526E-07
200611  1.191206E-05  1.194604E-06
200612 -2.484307E-06 -4.511974E-06
200613 -1.256631E-05 -1.867626E-06
200614  1.010840E-05  7.140362E-06
200615  1.131530E-05  2.535980E-06
200616 -8.990765E-06 -2.506470E-06
200617 -2.214165E-05  1.431479E-06
200618 -2.341068E-05  8.973541E-06
200619 -1.324089E-05  6.835354E-06
200620 -9.735668E-06 -5.869924E-06
200621 -1.603673E-05 -5.087867E-06
200622 -4.581622E-06  1.183816E-05
200623  1.301502E-05  9.433299E-06
200624  6.885011E-06 -1.487593E-05
200625 -2.651202E-06 -8.884366E-06
200626 -1.440996E-05  1.884535E-05
200627 -1.417334E-05  7.101370E-06
200628  2.614036E-05 -2.639998E-05
200629  4.353742E-05 -3.430695E-05
200630  2.628263E-05 -2.658084E-05
200631  1.952290E-05 -2.307610E-05
200632  2.620617E-05 -2.546781E-05
200633  4.400317E-05 -3.359193E-05
200634  2.646080E-05 -2.671920E-05
200635 -1.447679E-05  6.362372E-06
200636 -1.462311E-05  1.832588E-05
200637 -2.443718E-06 -8.741763E-06
200638  6.866734E-06 -1.441067E-05
200639  1.266306E-05  9.495792E-06
200640 -4.588133E-06  1.205087E-05
200641 -1.584999E-05 -4.282037E-06
200642 -1.011274E-05 -5.338893E-06
200643 -1.397260E-05  6.909629E-06
200644 -2.371952E-05  8.905015E-06
200645 -2.183842E-05  9.877923E-07
200646 -8.228873E-06 -2.651236E-06
200647  1.181054E-05  3.343704E-06
200648  9.542534E-06  8.004404E-06
200649  2.561448E-06  3.035194E-07
200650 -1.858033E-06 -5.240708E-06
200651  4.766660E-06  5.941875E-06
200652 -9.704605E-06 -2.794423E-06
200653 -2.332481E-06  1.340585E-06
200654  3.486146E-06  4.763905E-07
200655  1.707503E-06 -7.830550E-06
200656  9.456405E-06  5.906815E-07
200657 -1.673840E-06 -7.423136E-07
200658 -7.086973E-06 -1.311798E-06
200659 -3.614723E-06  4.406169E-06
200660 -1.081190E-05  2.100585E-06
200661 -7.335765E-06  1.066631E-06
200662  4.362801E-06  1.738250E-07
200663  5.616672E-06 -3.201010E-06
200664  3.657947E-06 -6.577556E-06
200665  5.392487E-06 -8.834097E-06
200666  7.194642E-06 -5.807741E-06
200667  7.039254E-06 -2.198068E-06
200668  6.111488E-06 -5.212840E-06
200669  4.745164E-06 -9.271914E-06
200670  3.843277E-06 -6.988891E-06
200671  5.630590E-06 -2.157101E-06
200672  4.217841E-06  9.499753E-07
200673 -6.774579E-06  2.850054E-07
200674 -1.034215E-05  1.559012E-06
200675 -3.277441E-06  4.728191E-06
200676 -6.079602E-06 -7.859195E-07
200677 -8.512167E-07 -2.517961E-07
200678  9.903641E-06 -5.751520E-08
200679  2.186602E-06 -8.922389E-06
200680  3.904028E-06  8.748074E-08
200681 -1.531159E-06  6.953121E-07
200682 -8.930901E-06 -3.342510E-06
200683  4.910629E-06  6.188625E-06
200684 -1.820792E-06 -5.497916E-06
200685  2.992848E-06 -5.491163E-07
200686  7.717947E-06  8.473047E-06
200687 -1.684777E-05 -4.309378E-06
200688 -3.903224E-06 -4.690970E-06
200689  2.748287E-05 -4.695934E-06
200690  2.747732E-05 -3.259587E-06
200691  2.021097E-05  5.728864E-06
200692  1.727269E-05  3.327852E-06
200693 -8.014772E-07 -1.156404E-05
200694 -1.487804E-05 -8.443598E-06
200695 -1.878603E-06  1.585554E-05
200696  2.537068E-06  4.610820E-06
200697  1.243277E-05 -1.564728E-05
200698  6.399156E-06 -3.686512E-07
200699 -3.333982E-05  9.805491E-06
200700 -1.941726E-05  1.087230E-05
200701  1.934159E-06  3.198191E-06
200702  7.459800E-06 -2.153082E-05
200703  2.113309E-05 -3.583573E-05
200704  8.009258E-06 -2.078474E-05
200705  2.656371E-06  3.126634E-06
200706 -1.939317E-05  9.803493E-06
200707 -3.371173E-05  8.912149E-06
200708  6.199203E-06 -5.716604E-07
200709  1.250689E-05 -1.533833E-05
200710  2.534440E-06  4.668096E-06
200711 -1.908332E-06  1.526944E-05
200712 -1.450134E-05 -8.508132E-06
200713 -5.885130E-07 -1.079553E-05
200714  1.662017E-05  3.705238E-06
200715  1.927292E-05  5.649425E-06
200716  2.728661E-05 -3.291531E-06
200717  2.776715E-05 -4.765452E-06
200718 -3.821376E-06 -4.143487E-06
200719 -1.734428E-05 -3.332143E-06
200720  6.928059E-06  9.221245E-06
200721  7.621460E-06  2.433842E-06
200722 -5.420831E-06 -5.859099E-06
200723 -6.595300E-07  9.762690E-06
200724 -2.834235E-06 -7.239879E-06
200725  8.731003E-06  1.190633E-07
200726  4.427696E-06  1.709246E-06
200727 -2.241051E-06 -5.046253E-06
200728  6.284218E-07  5.756654E-06
200729 -7.869862E-06 -1.725775E-06
200730  6.841510E-07 -1.530662E-06
200731  5.111095E-06  1.194106E-06
200732  1.969201E-06 -5.917095E-06
200733  8.307478E-06 -1.108015E-06
200734  4.046346E-06  2.977596E-06
200735 -1.725102E-06  1.778316E-06
200736  7.548545E-06  1.815105E-06
200737  1.206481E-05  9.017436E-07
200738  3.791195E-06  1.377228E-06
200739 -2.295864E-06  2.644227E-06
200740  3.520020E-06  1.647512E-06
200741  1.176884E-05 -4.187665E-07
200742  7.768682E-06  4.112640E-07
200743 -1.184531E-06  2.258565E-06
200744  4.020126E-06  3.990046E-06
200745  8.577361E-06 -1.021925E-06
200746  2.485435E-06 -5.892928E-06
200747  5.251113E-06  1.528547E-06
200748  8.912274E-07 -8.217493E-07
200749 -8.056887E-06 -1.219219E-06
200750  5.069975E-07  4.732031E-06
200751 -1.709218E-06 -5.731348E-06
200752  4.623688E-06  1.792442E-06
200753  8.969490E-06 -9.278309E-07
200754 -2.135276E-06 -7.984158E-06
200755 -1.671545E-08  1.050139E-05
200756 -5.360604E-06 -5.882142E-06
200757  6.893664E-06  1.544372E-06
200758  5.405494E-06 -1.736879E-06
200759 -1.320921E-05 -1.558304E-05
200760  6.273112E-06  9.736053E-06
200761  1.534466E-05  8.558981E-06
200762  1.418143E-06 -4.923740E-06
200763 -4.604808E-06 -2.163733E-06
200764  7.268154E-06  1.245639E-05
200765  1.734873E-05  1.067530E-05
200766  7.712684E-07 -1.752374E-05
200767 -1.154192E-06 -1.778414E-06
200768 -1.052061E-05  9.254525E-06
200769 -4.038093E-06 -1.492712E-06
200770  2.476194E-05  9.738301E-06
200771 -8.277878E-07 -3.548831E-06
200772 -6.559069E-06  8.951586E-07
200773 -1.884974E-05  2.016479E-05
200774 -2.728914E-05  2.398799E-05
200775 -7.328973E-06  2.574114E-05
200776 -2.709455E-05  2.439387E-05
200777 -1.881478E-05  2.023888E-05
200778 -6.961767E-06  6.607951E-07
200779 -6.754436E-07 -3.753060E-06
200780  2.527064E-05  9.678426E-06
200781 -3.804841E-06 -1.188014E-06
200782 -1.079529E-05  9.511318E-06
200783 -1.482083E-06 -2.059631E-06
200784  9.989024E-07 -1.765090E-05
200785  1.764806E-05  1.099066E-05
200786  7.347463E-06  1.262387E-05
200787 -4.628966E-06 -2.273657E-06
200788  1.853718E-06 -5.180554E-06
200789  1.576516E-05  8.252921E-06
200790  5.839072E-06  1.021646E-05
200791 -1.399496E-05 -1.518401E-05
200792  5.609737E-06 -1.632007E-06
200793 -2.179591E-06  6.031185E-06
200794 -2.982377E-06 -8.835146E-06
200795  3.025625E-06  1.078333E-05
200796  1.759241E-06 -8.645661E-06
200797  4.329097E-06  1.756436E-06
200798 -6.996843E-06  2.317016E-06
200799 -7.784133E-06 -6.624646E-07
200800 -1.156592E-06  7.060676E-06
200801 -1.973496E-06 -3.737539E-06
200802  8.846429E-06  8.381056E-07
200803  5.036954E-06 -2.954669E-07
200804  4.608427E-06 -5.005993E-06
200805  5.282276E-06  2.742920E-06
200806 -1.088977E-05  1.017730E-06
200807 -1.616184E-05  2.687874E-07
200808 -7.870064E-06  6.041743E-06
200809 -8.171599E-06  5.991707E-06
200810 -1.014754E-05  3.254712E-06
200811 -9.755635E-06  2.103138E-06
200812 -9.985610E-06  3.597484E-06
200813 -7.816082E-06  5.832993E-06
200814 -7.554090E-06  5.899090E-06
200815 -1.579226E-05  6.894913E-07
200816 -1.123457E-05  1.497625E-06
200817  4.855792E-06  3.164974E-06
200818  4.756220E-06 -4.703605E-06
200819  4.982666E-06 -5.388226E-07
200820  8.575112E-06  1.183122E-06
200821 -2.663525E-06 -3.165453E-06
200822 -1.841022E-06  6.325300E-06
200823 -8.008729E-06 -5.647438E-07
200824 -7.392677E-06  2.772562E-06
200825  4.520036E-06  9.741069E-07
200826  2.336483E-06 -8.909275E-06
200827  3.239924E-06  1.187017E-05
200828 -3.183080E-06 -8.309039E-06
200829 -3.312445E-06  5.374704E-06
200830 -8.972644E-07 -5.479592E-06
200831  6.434335E-06 -5.271731E-06
200832  4.570369E-06  2.074829E-05
200833 -3.027352E-05 -5.201859E-06
200834 -3.909456E-05 -1.506286E-05
200835 -3.005014E-05 -1.849278E-05
200836 -2.227721E-05 -9.202708E-06
200837  3.946627E-06  2.384205E-05
200838  4.364928E-06 -4.836778E-06
200839  6.507528E-06 -8.550513E-06
200840 -4.904974E-07  4.616239E-06
200841 -1.588327E-05 -6.508030E-06
200842  1.022484E-05  2.002997E-05
200843  7.753617E-06 -1.079820E-06
200844  1.977302E-05 -1.006135E-05
200845  5.158978E-06 -4.830093E-06
200846 -1.439540E-05 -1.739491E-07
200847 -2.248155E-07  1.190931E-05
200848 -1.444969E-05  3.883743E-07
200849  4.929376E-06 -4.139346E-06
200850  1.930518E-05 -9.453140E-06
200851  8.189782E-06 -9.857715E-07
200852  1.108527E-05  1.965790E-05
200853 -1.550598E-05 -6.667014E-06
200854 -7.936596E-07  4.910374E-06
200855  5.997128E-06 -8.347270E-06
200856  4.332551E-06 -5.025857E-06
200857  4.205176E-06  2.355245E-05
200858 -2.148901E-05 -9.126690E-06
200859 -2.951777E-05 -1.835743E-05
200860 -3.873305E-05 -1.528490E-05
200861 -2.970382E-05 -5.816342E-06
200862  4.374983E-06  2.080444E-05
200863  5.880131E-06 -5.375839E-06
200864 -5.319213E-08 -5.564598E-06
200865 -8.295891E-06  9.924875E-06
200866  6.182607E-06 -1.097676E-05
200867  4.602234E-06  8.789549E-06
200868 -1.987355E-06 -8.028200E-06
200869 -4.300513E-06  4.026007E-06
200870 -6.414550E-06 -2.185261E-07
200871  9.985490E-07  6.439651E-07
200872  5.965613E-06  2.431347E-06
200873  2.423571E-06 -5.686659E-06
200874  2.365554E-06  2.218097E-06
200875 -8.185491E-06 -2.173564E-06
200876 -4.970826E-06  5.119067E-07
200877 -5.146841E-06  5.240281E-06
200878 -1.059011E-05 -3.415473E-06
200879 -4.285210E-06 -2.676721E-06
200880 -1.913480E-06  1.697514E-06
200881 -7.390069E-06 -1.429382E-06
200882 -1.404137E-06 -1.324429E-06
200883  4.445486E-06 -2.167082E-07
200884 -1.526661E-06 -9.610953E-07
200885 -6.952977E-06 -3.372462E-07
200886 -1.933366E-06  2.727473E-06
200887 -4.707933E-06 -2.395963E-06
200888 -1.120726E-05 -3.775807E-06
200889 -5.982583E-06  5.278630E-06
200890 -5.013518E-06  7.734863E-07
200891 -7.835627E-06 -2.710522E-06
200892  2.541681E-06  2.322400E-06
200893  2.074363E-06 -4.892799E-06
200894  5.145870E-06  2.378835E-06
200895 -1.594413E-07  1.093927E-06
200896 -7.471859E-06 -2.953228E-07
200897 -4.072035E-06  3.550728E-06
200898 -1.866626E-06 -7.785647E-06
200899  3.905836E-06  9.127251E-06
200900  5.691717E-06 -1.082313E-05
200901 -8.885579E-06  9.157314E-06
200902 -7.569206E-06 -5.156499E-06
200903  7.490549E-06  1.094584E-05
200904  1.960870E-06  9.624525E-06
200905 -1.993965E-05 -2.736462E-05
200906 -6.986484E-06 -7.072342E-07
200907  4.002303E-06 -3.892486E-06
200908 -1.166954E-05 -3.407447E-05
200909 -9.064332E-06  1.041817E-05
200910 -4.866084E-06  7.192720E-06
200911  2.551393E-06 -6.727810E-06
200912  1.203862E-05  8.060748E-06
200913 -3.496535E-06 -1.707615E-05
200914 -2.501371E-06  1.339227E-05
200915 -9.652494E-06  3.858599E-07
200916  1.321837E-05  3.304360E-07
200917  1.929572E-05 -6.563487E-06
200918  1.142510E-05 -1.636613E-05
200919  1.938160E-05 -6.312971E-06
200920  1.129069E-05 -1.588965E-05
200921  1.918369E-05 -6.051236E-06
200922  1.295600E-05  7.035245E-07
200923 -9.459272E-06  2.550302E-07
200924 -2.159477E-06  1.297276E-05
200925 -3.443332E-06 -1.751952E-05
200926  1.196844E-05  8.094423E-06
200927  2.318436E-06 -6.475690E-06
200928 -4.843166E-06  6.951891E-06
200929 -8.885777E-06  9.917215E-06
200930 -1.067030E-05 -3.390010E-05
200931  4.646124E-06 -3.404779E-06
200932 -7.003546E-06 -3.592457E-07
200933 -1.915557E-05 -2.770442E-05
200934  2.446190E-06  9.374753E-06
200935  7.259474E-06  1.047183E-05
200936 -6.976592E-06 -4.984838E-06
200937 -6.713576E-06  1.185310E-05
200938  1.092149E-05 -1.096728E-05
200939 -3.197025E-07  5.680745E-06
200940 -4.381954E-06 -5.651892E-06
200941 -5.143558E-06  6.445357E-06
200942  3.619067E-06 -1.555777E-06
200943  7.766825E-06  1.422095E-06
200944  6.841799E-06 -2.294221E-06
200945 -5.151678E-07 -4.711089E-06
200946 -5.170512E-06  2.697493E-06
200947 -1.144178E-05 -3.429781E-06
200948 -5.269497E-06  4.508112E-06
200949 -4.781572E-06  3.043017E-06
200950  2.149938E-06 -4.277418E-06
200951  1.276071E-05  4.608018E-07
200952  1.011871E-05 -2.581098E-07
200953  4.416838E-06 -6.045256E-06
200954  9.951061E-06 -2.281660E-06
200955  1.336057E-05  3.086516E-07
200956  9.548040E-06 -2.297778E-06
200957  4.657305E-06 -4.870634E-06
200958  9.878744E-06  7.004724E-07
200959  1.195169E-05  2.833913E-07
200960  1.755984E-06 -5.314515E-06
200961 -5.637413E-06  2.492339E-06
200962 -5.444335E-06  4.711923E-06
200963 -1.081329E-05 -3.644350E-06
200964 -4.617855E-06  3.044039E-06
200965 -5.843518E-07 -3.622545E-06
200966  6.105093E-06 -1.906571E-06
200967  6.245464E-06  1.593852E-06
200968  2.524120E-06 -2.447070E-06
200969 -4.859182E-06  6.319463E-06
200970 -4.692232E-06 -5.118063E-06
200971 -1.185819E-06  4.841196E-06
200972  1.060091E-05 -1.158979E-05
200973 -6.570130E-06  1.099933E-05
200974 -4.165762E-06 -5.592246E-06
200975 -4.862772E-06  1.617518E-05
200976  4.890087E-06 -9.882023E-06
200977  1.541227E-05 -1.740237E-05
200978  2.977909E-05  4.338443E-05
200979  2.947662E-05  4.080937E-05
200980  1.429180E-05 -2.692812E-05
200981 -4.023574E-06 -7.980407E-06
200982 -8.719546E-06  1.191571E-05
200983 -4.170249E-06 -9.170445E-06
200984  7.382171E-06  1.235282E-05
200985  1.132933E-05 -1.570090E-05
200986  1.718515E-06  7.650543E-06
200987 -1.607262E-05 -5.858025E-06
200988 -6.008440E-06  6.035879E-06
200989  7.624614E-06  3.650690E-06
200990  1.392420E-05 -8.141148E-06
200991  1.665357E-05 -2.226220E-06
200992  1.381285E-05 -7.991565E-06
200993  7.790108E-06  3.614103E-06
200994 -5.851518E-06  5.891359E-06
200995 -1.614005E-05 -6.254744E-06
200996  1.339379E-06  7.451151E-06
200997  1.093272E-05 -1.606805E-05
200998  7.653440E-06  1.230218E-05
200999 -4.048318E-06 -8.991673E-06
201000 -8.634895E-06  1.181876E-05
201001 -4.092660E-06 -8.282839E-06
201002  1.502591E-05 -2.669026E-05
201003  3.004586E-05  4.138254E-05
201004  2.935684E-05  4.426731E-05
201005  1.608521E-05 -1.717044E-05
201006  5.828189E-06 -1.017330E-05
201007 -4.648878E-06  1.541525E-05
201008 -3.968447E-06 -5.233025E-06
201009 -4.457250E-06  1.088929E-05
201010  8.898350E-06 -9.753925E-06
201011 -6.356960E-06  2.956195E-06
201012 -1.737361E-06 -1.922947E-06
201013 -1.869795E-06  7.291476E-06
201014  1.003013E-05 -1.232538E-06
201015  4.470236E-06  1.057913E-06
201016  1.884292E-06 -4.688896E-06
201017 -4.727517E-06 -1.930323E-06
201018 -5.183609E-06  3.682458E-06
201019 -4.029956E-06 -1.754144E-06
201020  1.532498E-06  6.808266E-06
201021  1.074440E-06 -4.543283E-07
201022  9.715931E-06 -2.062943E-06
201023  1.462124E-05  4.613472E-06
201024  1.011289E-05  1.104289E-07
201025  7.618416E-06 -4.637361E-06
201026  8.842097E-06 -3.957688E-07
201027  7.434672E-06  2.694589E-08
201028  8.471073E-06 -7.965543E-07
201029  7.693154E-06 -3.972550E-06
201030  9.922040E-06  5.077962E-07
201031  1.399093E-05  4.072541E-06
201032  9.854863E-06 -3.344229E-06
201033  4.584107E-07 -1.330508E-06
201034  1.273583E-06  6.998567E-06
201035 -3.547248E-06 -1.530479E-06
201036 -4.792344E-06  4.428989E-06
201037 -4.937502E-06 -6.526239E-07
201038  1.268172E-06 -4.242765E-06
201039  3.154270E-06  7.521457E-07
201040  9.395296E-06 -2.455898E-06
201041 -1.664895E-06  7.620447E-06
201042 -2.338990E-06 -1.271589E-06
201043 -6.621753E-06  1.517268E-06
201044  9.036284E-06 -1.069659E-05
201045 -3.918107E-06  1.026286E-05
201046  6.455175E-06 -4.463455E-06
201047 -1.493549E-05  1.251976E-05
201048  1.121274E-05 -2.077548E-05
201049  2.226922E-05  9.789793E-06
201050  2.451197E-05  6.627609E-05
201051  1.172399E-05  6.333955E-05
201052  1.705335E-05 -1.137623E-06
201053  8.429650E-06 -1.570828E-05
201054 -6.549646E-06  1.351669E-05
201055 -3.339097E-06 -1.292929E-05
201056 -5.470520E-06  9.611324E-06
201057  1.474624E-05 -8.340685E-06
201058  8.850428E-06  9.769883E-06
201059 -6.561614E-06 -9.845802E-06
201060 -1.414659E-05  1.264974E-06
201061 -8.753984E-06  4.756939E-06
201062  1.330917E-06 -2.120364E-08
201063 -5.193749E-07  2.805293E-06
201064  1.283092E-06 -1.206252E-07
201065 -8.374739E-06  4.460269E-06
201066 -1.364257E-05  1.026810E-06
201067 -6.683996E-06 -1.030764E-05
201068  8.074199E-06  9.694095E-06
201069  1.410835E-05 -8.598853E-06
201070 -4.938240E-06  9.721137E-06
201071 -3.055981E-06 -1.275729E-05
201072 -6.564576E-06  1.362072E-05
201073  8.029189E-06 -1.581223E-05
201074  1.741140E-05 -9.926496E-07
201075  1.220399E-05  6.371295E-05
201076  2.376539E-05  6.720654E-05
201077  2.248943E-05  1.039601E-05
201078  1.211100E-05 -2.087033E-05
201079 -1.428467E-05  1.177702E-05
201080  6.483346E-06 -4.064320E-06
201081 -4.246142E-06  7.380747E-06
201082  5.013458E-06 -8.027964E-06
201083 -9.623441E-06  7.359553E-07
201084  2.198368E-06  2.133692E-06
201085  7.722785E-07  5.823364E-06
201086  1.058197E-05 -5.269700E-07
201087 -2.169777E-06 -1.325022E-06
201088 -2.179418E-06 -4.981837E-06
201089 -6.677008E-06  1.903414E-07
201090 -1.373051E-06  5.180726E-06
201091  3.118266E-06  1.376829E-06
201092  6.356963E-06  7.814844E-06
201093  5.063791E-06 -2.673140E-06
201094  8.967891E-06 -8.579148E-08
201095  6.868504E-06  4.938678E-06
201096  3.129687E-06 -7.547961E-07
201097  3.451479E-06 -2.231210E-06
201098  1.760473E-06  3.974946E-07
201099 -1.911158E-06 -2.755552E-06
201100  1.520199E-06 -1.453431E-07
201101  3.411232E-06 -2.021608E-06
201102  3.038318E-06 -7.631494E-07
201103  6.584275E-06  4.307958E-06
201104  9.574435E-06 -1.235280E-06
201105  4.744079E-06 -3.512906E-06
201106  6.109237E-06  8.008424E-06
201107  3.308457E-06  1.772404E-06
201108 -1.432809E-06  6.138559E-06
201109 -7.252969E-06  1.442940E-06
201110 -2.689232E-06 -4.662510E-06
201111 -3.067532E-06 -1.982500E-06
201112  1.044196E-05 -1.589777E-06
201113  7.021752E-07  6.484213E-06
201114  1.408770E-06  2.699081E-06
201115 -9.159347E-06 -5.500963E-07
201116  5.504315E-06 -8.756328E-06
201117 -3.700684E-06  7.154347E-06
201118  1.540984E-05 -3.147158E-07
201119 -1.883624E-05  6.158235E-06
201120  1.729972E-05 -1.920833E-05
201121  1.641241E-06  2.278536E-05
201122  9.042016E-06  5.079234E-05
201123 -1.285091E-05  4.616452E-05
201124 -2.205514E-06  1.506908E-05
201125  1.813945E-05 -1.289240E-05
201126 -4.748661E-06  1.274289E-05
201127  2.124029E-06 -1.218508E-05
201128 -1.386239E-05  2.791153E-06
201129  1.154783E-05 -2.918230E-06
201130  9.770735E-06  1.316920E-05
201131  4.982955E-06 -7.830992E-06
201132 -1.148788E-05 -4.787737E-06
201133 -1.632386E-05 -8.816086E-07
201134 -9.431289E-06  5.272776E-07
201135 -1.393924E-05  1.040647E-06
201136 -9.430199E-06  3.213316E-07
201137 -1.590590E-05 -1.130741E-06
201138 -1.092496E-05 -4.797059E-06
201139  4.918073E-06 -8.212009E-06
201140  8.949242E-06  1.301334E-05
201141  1.091435E-05 -3.232662E-06
201142 -1.325374E-05  3.115449E-06
201143  2.400337E-06 -1.199137E-05
201144 -4.908953E-06  1.294961E-05
201145  1.753614E-05 -1.298809E-05
201146 -2.060450E-06  1.511924E-05
201147 -1.241668E-05  4.631843E-05
201148  8.170020E-06  5.138209E-05
201149  1.372752E-06  2.343412E-05
201150  1.779275E-05 -1.906656E-05
201151 -1.800069E-05  5.730578E-06
201152  1.537149E-05  8.185752E-08
201153 -4.020147E-06  2.684069E-06
201154  2.410171E-06 -5.906818E-06
201155 -1.037588E-05 -1.406335E-06
201156  3.941876E-06  5.679030E-06
201157  2.495081E-06  3.275567E-06
201158  8.974553E-06  3.452575E-07
201159 -5.954834E-06 -4.767025E-06
201160 -3.730641E-06 -3.830741E-06
201161 -7.239326E-06  6.790690E-07
201162  1.540651E-06  6.876701E-06
201163  5.744157E-06  3.728392E-06
201164  7.674250E-06  7.754341E-06
201165  6.712683E-06 -3.289608E-06
201166  5.383085E-06  1.359628E-07
201167 -1.237652E-07  2.192752E-06
201168 -2.327095E-06 -2.970845E-06
201169 -1.301133E-06 -1.637614E-06
201170 -3.668064E-06 -6.406040E-07
201171 -6.864370E-06 -6.310819E-06
201172 -3.862453E-06 -1.194920E-06
201173 -1.429912E-06 -1.701752E-06
201174 -2.373108E-06 -3.183289E-06
201175 -1.180264E-07  1.630016E-06
201176  6.239743E-06 -7.038917E-07
201177  6.581974E-06 -3.879601E-06
201178  7.477498E-06  7.963333E-06
201179  5.754879E-06  4.057400E-06
201180  1.030132E-06  7.782487E-06
201181 -8.181213E-06  1.687576E-06
201182 -4.167644E-06 -3.662377E-06
201183 -6.441439E-06 -5.602869E-06
201184  9.173893E-06 -3.646872E-07
201185  2.113919E-06  3.991211E-06
201186  3.094721E-06  5.979322E-06
201187 -9.487843E-06 -2.118685E-06
201188  2.986996E-06 -6.202494E-06
201189 -3.731396E-06  2.807414E-06
201190  1.863587E-05  5.410738E-06
201191 -1.886680E-05 -6.173096E-07
201192  1.983124E-05 -9.358762E-06
201193 -2.007431E-05  1.350605E-05
201194  1.203094E-05  2.813472E-05
201195 -1.514373E-05  1.826626E-05
201196 -2.348125E-05  1.134367E-05
201197  2.248901E-05 -4.103692E-06
201198 -4.393985E-06  8.720254E-06
201199  5.510580E-06 -7.292989E-06
201200 -1.530052E-05 -2.903267E-06
201201  8.666810E-06  1.407634E-07
201202  6.657481E-06  1.302645E-05
201203  1.061124E-05 -3.336567E-06
201204 -6.710181E-06 -7.710857E-06
201205 -1.673524E-05 -5.987388E-06
201206 -1.404062E-05 -2.140828E-06
201207 -1.890703E-05 -2.871916E-06
201208 -1.399808E-05 -2.388389E-06
201209 -1.641157E-05 -6.100655E-06
201210 -6.336550E-06 -7.495545E-06
201211  1.062547E-05 -3.592139E-06
201212  6.010449E-06  1.269344E-05
201213  8.227445E-06 -3.347490E-07
201214 -1.478542E-05 -2.430496E-06
201215  5.705847E-06 -7.090772E-06
201216 -4.643594E-06  8.927695E-06
201217  2.187808E-05 -4.303006E-06
201218 -2.342503E-05  1.143576E-05
201219 -1.476271E-05  1.833029E-05
201220  1.126289E-05  2.827929E-05
201221 -2.066533E-05  1.397187E-05
201222  1.981382E-05 -9.149161E-06
201223 -1.815607E-05 -6.699172E-07
201224  1.850264E-05  5.780818E-06
