Mesh2HRTF 0.1.2
    1
    1  1225
200000 -1.203870E-05 -3.142438E-05
200001 -1.201319E-05 -2.802313E-05
200002 -1.153912E-05 -2.458938E-05
200003 -1.088799E-05 -2.094761E-05
200004 -1.009678E-05 -1.721341E-05
200005 -9.204035E-06 -1.349480E-05
200006 -8.247568E-06 -9.887080E-06
200007 -7.262655E-06 -6.469474E-06
200008 -6.280689E-06 -3.303258E-06
200009 -5.328407E-06 -4.314533E-07
200010 -4.427602E-06  2.120230E-06
200011 -3.595244E-06  4.341462E-06
200012 -2.843918E-06  6.234671E-06
200013 -2.182455E-06  7.812007E-06
200014 -1.616655E-06  9.092140E-06
200015 -1.150028E-06  1.009711E-05
200016 -7.844842E-07  1.084940E-05
200017 -5.209166E-07  1.136935E-05
200018 -3.596772E-07  1.167306E-05
200019 -3.009083E-07  1.177084E-05
200020 -3.447443E-07  1.166622E-05
200021 -4.913723E-07  1.135567E-05
200022 -7.409572E-07  1.082887E-05
200023 -1.093430E-06  1.006974E-05
200024 -1.548142E-06  9.057946E-06
200025 -2.103382E-06  7.771030E-06
200026 -2.755786E-06  6.186999E-06
200027 -3.499643E-06  4.287246E-06
200028 -4.326156E-06  2.059703E-06
200029 -5.222719E-06 -4.979550E-07
200030 -6.172291E-06 -3.375277E-06
200031 -7.152973E-06 -6.546418E-06
200032 -8.137890E-06 -9.968215E-06
200033 -9.095493E-06 -1.357925E-05
200034 -9.990353E-06 -1.730017E-05
200035 -1.078449E-05 -2.103556E-05
200036 -1.143922E-05 -2.467732E-05
200037 -1.191745E-05 -2.810982E-05
200038 -1.218623E-05 -3.121631E-05
200039 -1.221941E-05 -3.388645E-05
200040 -1.200005E-05 -3.602427E-05
200041 -1.152243E-05 -3.755576E-05
200042 -1.079329E-05 -3.843548E-05
200043 -9.832198E-06 -3.865130E-05
200044 -8.670958E-06 -3.822661E-05
200045 -7.352035E-06 -3.721995E-05
200046 -5.926190E-06 -3.572157E-05
200047 -4.449552E-06 -3.384775E-05
200048 -2.980439E-06 -3.173301E-05
200049 -1.576241E-06 -2.952133E-05
200050 -2.906531E-07 -2.735712E-05
200051  8.285420E-07 -2.537671E-05
200052  1.741060E-06 -2.370098E-05
200053  2.415092E-06 -2.242946E-05
200054  2.827784E-06 -2.163604E-05
200055  2.965402E-06 -2.136603E-05
200056  2.823345E-06 -2.163464E-05
200057  2.406138E-06 -2.242642E-05
200058  1.727446E-06 -2.369581E-05
200059  8.100696E-07 -2.536873E-05
200060 -3.142129E-07 -2.734552E-05
200061 -1.605125E-06 -2.950524E-05
200062 -3.014870E-06 -3.171157E-05
200063 -4.489717E-06 -3.382018E-05
200064 -5.972226E-06 -3.568723E-05
200065 -7.404022E-06 -3.717839E-05
200066 -8.728916E-06 -3.817763E-05
200067 -9.896086E-06 -3.859494E-05
200068 -1.086301E-05 -3.837205E-05
200069 -1.159785E-05 -3.748580E-05
200070 -1.208096E-05 -3.594856E-05
200071 -1.230558E-05 -3.380595E-05
200072 -1.227737E-05 -3.113211E-05
200073 -1.003005E-05 -1.707361E-05
200074 -8.152804E-06 -8.905270E-06
200075 -5.971359E-06 -9.402231E-07
200076 -3.686517E-06  6.358596E-06
200077 -1.466731E-06  1.266501E-05
200078  5.624229E-07  1.778963E-05
200079  2.321410E-06  2.166548E-05
200080  3.773724E-06  2.432504E-05
200081  4.918512E-06  2.587457E-05
200082  5.780864E-06  2.646954E-05
200083  6.401682E-06  2.629382E-05
200084  6.828581E-06  2.554341E-05
200085  7.108794E-06  2.441436E-05
200086  7.284435E-06  2.309383E-05
200087  7.390027E-06  2.175321E-05
200088  7.451824E-06  2.054228E-05
200089  7.488341E-06  1.958411E-05
200090  7.511432E-06  1.897042E-05
200091  7.527443E-06  1.875790E-05
200092  7.538039E-06  1.896574E-05
200093  7.540520E-06  1.957471E-05
200094  7.527552E-06  2.052804E-05
200095  7.486376E-06  2.173381E-05
200096  7.397705E-06  2.306869E-05
200097  7.234678E-06  2.438256E-05
200098  6.962370E-06  2.550372E-05
200099  6.538507E-06  2.624479E-05
200100  5.915961E-06  2.640966E-05
200101  5.047502E-06  2.580249E-05
200102  3.892886E-06  2.423977E-05
200103  2.427899E-06  2.156663E-05
200104  6.544201E-07  1.767755E-05
200105 -1.389972E-06  1.254081E-05
200106 -3.624744E-06  6.224237E-06
200107 -5.923496E-06 -1.082084E-06
200108 -8.117213E-06 -9.051357E-06
200109 -1.000483E-05 -1.722020E-05
200110 -1.137125E-05 -2.500845E-05
200111 -1.201148E-05 -3.176167E-05
200112 -1.175815E-05 -3.681512E-05
200113 -1.050842E-05 -3.957334E-05
200114 -8.245207E-06 -3.959416E-05
200115 -5.048428E-06 -3.666272E-05
200116 -1.092458E-06 -3.083967E-05
200117  3.371181E-06 -2.247119E-05
200118  8.044324E-06 -1.215432E-05
200119  1.262121E-05 -6.612096E-07
200120  1.682914E-05  1.116509E-05
200121  2.046290E-05  2.252215E-05
200122  2.340593E-05  3.274364E-05
200123  2.563365E-05  4.135837E-05
200124  2.719850E-05  4.810181E-05
200125  2.820005E-05  5.288183E-05
200126  2.874754E-05  5.571314E-05
200127  2.892375E-05  5.664350E-05
200128  2.875904E-05  5.569662E-05
200129  2.822201E-05  5.285072E-05
200130  2.722899E-05  4.805972E-05
200131  2.567013E-05  4.131023E-05
200132  2.344554E-05  3.269513E-05
200133  2.050285E-05  2.247915E-05
200134  1.686697E-05  1.113314E-05
200135  1.265506E-05 -6.773916E-07
200136  8.072966E-06 -1.215114E-05
200137  3.394039E-06 -2.244635E-05
200138 -1.075442E-06 -3.079225E-05
200139 -5.036991E-06 -3.659305E-05
200140 -8.238999E-06 -3.950374E-05
200141 -1.050724E-05 -3.946456E-05
200142 -1.176215E-05 -3.669115E-05
200143 -1.202126E-05 -3.162615E-05
200144 -1.138796E-05 -2.486536E-05
200145 -4.934865E-06  1.213546E-06
200146 -1.527112E-06  1.114567E-05
200147  1.708018E-06  1.870903E-05
200148  4.388871E-06  2.357472E-05
200149  6.292020E-06  2.582747E-05
200150  7.348314E-06  2.583113E-05
200151  7.616498E-06  2.408886E-05
200152  7.244165E-06  2.112580E-05
200153  6.424943E-06  1.740906E-05
200154  5.359134E-06  1.330888E-05
200155  4.222960E-06  9.094869E-06
200156  3.149404E-06  4.955921E-06
200157  2.221414E-06  1.030091E-06
200158  1.475893E-06 -2.567552E-06
200159  9.150000E-07 -5.726986E-06
200160  5.203725E-07 -8.337889E-06
200161  2.662459E-07 -1.029497E-05
200162  1.290216E-07 -1.150943E-05
200163  9.278471E-08 -1.192144E-05
200164  1.517312E-07 -1.150946E-05
200165  3.107979E-07 -1.029377E-05
200166  5.850570E-07 -8.333455E-06
200167  9.972723E-07 -5.717432E-06
200168  1.572316E-06 -2.552040E-06
200169  2.327536E-06  1.050672E-06
200170  3.259640E-06  4.978754E-06
200171  4.330613E-06  9.115524E-06
200172  5.456688E-06  1.332206E-05
200173  6.504697E-06  1.740956E-05
200174  7.299159E-06  2.110935E-05
200175  7.641532E-06  2.405279E-05
200176  7.340820E-06  2.577460E-05
200177  6.252524E-06  2.575147E-05
200178  4.320891E-06  2.348175E-05
200179  1.617404E-06  1.860272E-05
200180 -1.633251E-06  1.103033E-05
200181 -5.049380E-06  1.093792E-06
200182 -8.119149E-06 -1.037275E-05
200183 -1.026267E-05 -2.202267E-05
200184 -1.092661E-05 -3.210755E-05
200185 -9.699228E-06 -3.871861E-05
200186 -6.424046E-06 -4.013766E-05
200187 -1.284186E-06 -3.523575E-05
200188  5.170737E-06 -2.382370E-05
200189  1.207493E-05 -6.845471E-06
200190  1.837747E-05  1.367511E-05
200191  2.303675E-05  3.496836E-05
200192  2.524052E-05  5.408688E-05
200193  2.460099E-05  6.857843E-05
200194  2.127329E-05  7.707996E-05
200195  1.595965E-05  7.964796E-05
200196  9.787447E-06  7.770323E-05
200197  4.081246E-06  7.358076E-05
200198  7.803536E-08  6.980265E-05
200199 -1.347610E-06  6.829020E-05
200200  1.185202E-07  6.976070E-05
200201  4.158493E-06  7.350179E-05
200202  9.894654E-06  7.759630E-05
200203  1.608808E-05  7.952489E-05
200204  2.141364E-05  7.695363E-05
200205  2.474476E-05  6.846105E-05
200206  2.538102E-05  5.398863E-05
200207  2.316969E-05  3.489654E-05
200208  1.850109E-05  1.363381E-05
200209  1.218969E-05 -6.855108E-06
200210  5.278759E-06 -2.380294E-05
200211 -1.179817E-06 -3.518756E-05
200212 -6.320016E-06 -4.006603E-05
200213 -9.592710E-06 -3.862804E-05
200214 -1.081593E-05 -3.200269E-05
200215 -1.014786E-05 -2.190818E-05
200216 -8.002352E-06 -1.025328E-05
200217  3.369844E-07  1.953770E-05
200218  3.882521E-06  2.349008E-05
200219  6.362860E-06  2.286553E-05
200220  7.518520E-06  1.872477E-05
200221  7.372850E-06  1.247801E-05
200222  6.151818E-06  5.516898E-06
200223  4.196367E-06 -1.040622E-06
200224  1.885175E-06 -6.480626E-06
200225 -4.266414E-07 -1.051171E-05
200226 -2.453908E-06 -1.319683E-05
200227 -4.013527E-06 -1.483003E-05
200228 -5.038848E-06 -1.579437E-05
200229 -5.571356E-06 -1.643748E-05
200230 -5.729188E-06 -1.699315E-05
200231 -5.661192E-06 -1.755977E-05
200232 -5.502460E-06 -1.812604E-05
200233 -5.346820E-06 -1.862049E-05
200234 -5.242789E-06 -1.896004E-05
200235 -5.207274E-06 -1.908315E-05
200236 -5.243067E-06 -1.896621E-05
200237 -5.346394E-06 -1.862847E-05
200238 -5.499091E-06 -1.812863E-05
200239 -5.651254E-06 -1.754957E-05
200240 -5.708185E-06 -1.696532E-05
200241 -5.535326E-06 -1.639174E-05
200242 -4.986360E-06 -1.573540E-05
200243 -3.947492E-06 -1.476604E-05
200244 -2.382330E-06 -1.313706E-05
200245 -3.617071E-07 -1.046387E-05
200246  1.929579E-06 -6.449282E-06
200247  4.208070E-06 -1.026810E-06
200248  6.123558E-06  5.514998E-06
200249  7.304227E-06  1.246393E-05
200250  7.416028E-06  1.870263E-05
200251  6.238013E-06  2.283914E-05
200252  3.748728E-06  2.346235E-05
200253  2.062231E-07  1.951040E-05
200254 -3.808756E-06  1.069762E-05
200255 -7.422505E-06 -2.106845E-06
200256 -9.598837E-06 -1.669869E-05
200257 -9.373021E-06 -2.970904E-05
200258 -6.154241E-06 -3.721684E-05
200259 -2.275768E-08 -3.576216E-05
200260  8.076245E-06 -2.354604E-05
200261  1.633557E-05 -1.448957E-06
200262  2.233962E-05  2.655677E-05
200263  2.355454E-05  5.392420E-05
200264  1.796169E-05  7.303519E-05
200265  4.678022E-06  7.738101E-05
200266 -1.561729E-05  6.378004E-05
200267 -4.059938E-05  3.384835E-05
200268 -6.662444E-05 -5.915929E-06
200269 -8.942104E-05 -4.564657E-05
200270 -1.049920E-04 -7.486227E-05
200271 -1.105041E-04 -8.560549E-05
200272 -1.049361E-04 -7.491019E-05
200273 -8.931555E-05 -4.573557E-05
200274 -6.648074E-05 -6.033775E-06
200275 -4.043174E-05  3.371684E-05
200276 -1.544028E-05  6.365002E-05
200277  4.851842E-06  7.726501E-05
200278  1.812329E-05  7.294140E-05
200279  2.369892E-05  5.385605E-05
200280  2.246542E-05  2.651363E-05
200281  1.644422E-05 -1.470429E-06
200282  8.171056E-06 -2.355049E-05
200283  6.281322E-08 -3.575441E-05
200284 -6.072373E-06 -3.720112E-05
200285 -9.288742E-06 -2.968859E-05
200286 -9.506209E-06 -1.667560E-05
200287 -7.317048E-06 -2.082092E-06
200288 -3.689088E-06  1.072374E-05
200289  2.979393E-06  2.456430E-05
200290  4.622098E-06  1.808130E-05
200291  4.776569E-06  8.346396E-06
200292  3.745609E-06 -2.089083E-06
200293  1.990395E-06 -1.118112E-05
200294 -4.328522E-08 -1.764278E-05
200295 -2.012819E-06 -2.094642E-05
200296 -3.683801E-06 -2.120045E-05
200297 -4.892720E-06 -1.898412E-05
200298 -5.520341E-06 -1.516524E-05
200299 -5.507490E-06 -1.069763E-05
200300 -4.900032E-06 -6.411750E-06
200301 -3.874600E-06 -2.849059E-06
200302 -2.702897E-06 -2.016311E-07
200303 -1.658140E-06  1.619444E-06
200304 -9.147403E-07  2.829798E-06
200305 -5.016668E-07  3.620130E-06
200306 -3.350313E-07  4.083218E-06
200307 -3.052306E-07  4.233344E-06
200308 -3.634052E-07  4.066809E-06
200309 -5.562003E-07  3.592556E-06
200310 -9.892985E-07  2.800281E-06
200311 -1.740901E-06  1.598221E-06
200312 -2.776659E-06 -2.076282E-07
200313 -3.920246E-06 -2.839964E-06
200314 -4.902349E-06 -6.395405E-06
200315 -5.460946E-06 -1.068604E-05
200316 -5.432150E-06 -1.516857E-05
200317 -4.781607E-06 -1.900591E-05
200318 -3.574718E-06 -2.123667E-05
200319 -1.929474E-06 -2.098831E-05
200320 -1.089057E-09 -1.768110E-05
200321  1.988593E-06 -1.120907E-05
200322  3.709625E-06 -2.103169E-06
200323  4.724869E-06  8.346743E-06
200324  4.575148E-06  1.809419E-05
200325  2.952878E-06  2.458573E-05
200326 -8.014179E-08  2.534686E-05
200327 -3.919889E-06  1.886530E-05
200328 -7.402574E-06  5.543846E-06
200329 -9.028288E-06 -1.167599E-05
200330 -7.433833E-06 -2.746647E-05
200331 -2.011810E-06 -3.533338E-05
200332  6.525570E-06 -2.981876E-05
200333  1.587724E-05 -9.106159E-06
200334  2.236635E-05  2.296838E-05
200335  2.168767E-05  5.658489E-05
200336  1.005857E-05  7.796811E-05
200337 -1.452610E-05  7.359292E-05
200338 -5.132488E-05  3.535347E-05
200339 -9.651980E-05 -3.524186E-05
200340 -1.437115E-04 -1.257721E-04
200341 -1.851756E-04 -2.155143E-04
200342 -2.135729E-04 -2.814539E-04
200343 -2.236595E-04 -3.056904E-04
200344 -2.135366E-04 -2.814812E-04
200345 -1.851070E-04 -2.155639E-04
200346 -1.436181E-04 -1.258350E-04
200347 -9.641134E-05 -3.530762E-05
200348 -5.121179E-05  3.529374E-05
200349 -1.441767E-05  7.354416E-05
200350  1.015529E-05  7.793064E-05
200351  2.176798E-05  5.655579E-05
200352  2.242720E-05  2.294409E-05
200353  1.591648E-05 -9.127830E-06
200354  6.541850E-06 -2.983824E-05
200355 -2.018187E-06 -3.535058E-05
200356 -7.459419E-06 -2.748231E-05
200357 -9.065405E-06 -1.169268E-05
200358 -7.439653E-06  5.523969E-06
200359 -3.943859E-06  1.884176E-05
200360 -8.055040E-08  2.532204E-05
200361  3.684072E-06  1.099882E-05
200362  2.300287E-06 -5.302479E-07
200363  3.288377E-08 -1.024112E-05
200364 -2.167236E-06 -1.626994E-05
200365 -3.621133E-06 -1.823421E-05
200366 -4.087085E-06 -1.674506E-05
200367 -3.730271E-06 -1.280723E-05
200368 -2.933484E-06 -7.415648E-06
200369 -2.035582E-06 -1.441044E-06
200370 -1.142537E-06  4.320035E-06
200371 -1.393049E-07  9.137411E-06
200372  1.108696E-06  1.248821E-05
200373  2.539221E-06  1.426131E-05
200374  3.857092E-06  1.482695E-05
200375  4.713377E-06  1.484778E-05
200376  4.946989E-06  1.491510E-05
200377  4.695736E-06  1.525058E-05
200378  4.305589E-06  1.567840E-05
200379  4.117149E-06  1.587124E-05
200380  4.268709E-06  1.567016E-05
200381  4.620939E-06  1.523059E-05
200382  4.837341E-06  1.488160E-05
200383  4.582057E-06  1.480464E-05
200384  3.728944E-06  1.478055E-05
200385  2.445314E-06  1.421241E-05
200386  1.075901E-06  1.242736E-05
200387 -9.859333E-08  9.050220E-06
200388 -1.035506E-06  4.198948E-06
200389 -1.886752E-06 -1.588392E-06
200390 -2.776488E-06 -7.569027E-06
200391 -3.597248E-06 -1.294493E-05
200392 -3.999318E-06 -1.685416E-05
200393 -3.583401E-06 -1.831275E-05
200394 -2.167243E-06 -1.632219E-05
200395  1.961294E-08 -1.027252E-05
200396  2.301264E-06 -5.465767E-07
200397  3.719824E-06  1.098949E-05
200398  3.395555E-06  2.100297E-05
200399  9.968528E-07  2.548633E-05
200400 -2.877954E-06  2.128132E-05
200401 -6.654662E-06  7.887087E-06
200402 -8.227650E-06 -1.124547E-05
200403 -5.832988E-06 -2.882664E-05
200404  9.408069E-07 -3.580639E-05
200405  1.041952E-05 -2.518338E-05
200406  1.876233E-05  3.708485E-06
200407  2.071310E-05  4.244101E-05
200408  1.107326E-05  7.420130E-05
200409 -1.350948E-05  7.875270E-05
200410 -5.303152E-05  4.046061E-05
200411 -1.034818E-04 -4.370616E-05
200412 -1.573720E-04 -1.600171E-04
200413 -2.053578E-04 -2.803424E-04
200414 -2.384684E-04 -3.709626E-04
200415 -2.502843E-04 -4.046459E-04
200416 -2.384796E-04 -3.709672E-04
200417 -2.053740E-04 -2.803503E-04
200418 -1.573842E-04 -1.600257E-04
200419 -1.034824E-04 -4.371191E-05
200420 -5.301742E-05  4.045873E-05
200421 -1.348275E-05  7.875099E-05
200422  1.110640E-05  7.419216E-05
200423  2.074359E-05  4.241787E-05
200424  1.877952E-05  3.671757E-06
200425  1.041271E-05 -2.522408E-05
200426  9.016111E-07 -3.583620E-05
200427 -5.907848E-06 -2.883368E-05
200428 -8.334284E-06 -1.122802E-05
200429 -6.781545E-06  7.919561E-06
200430 -3.007437E-06  2.131434E-05
200431  8.849002E-07  2.550947E-05
200432  3.318078E-06  2.101542E-05
200433  3.760642E-06 -9.150682E-06
200434  1.775748E-07 -1.547161E-05
200435 -3.070481E-06 -1.586600E-05
200436 -4.921628E-06 -1.134707E-05
200437 -4.967224E-06 -4.274201E-06
200438 -3.408669E-06  2.886774E-06
200439 -9.416166E-07  8.520858E-06
200440  1.466087E-06  1.216170E-05
200441  2.999024E-06  1.411628E-05
200442  3.450112E-06  1.479505E-05
200443  3.300834E-06  1.428253E-05
200444  3.258787E-06  1.245077E-05
200445  3.631892E-06  9.436250E-06
200446  4.117422E-06  5.961991E-06
200447  4.162828E-06  3.116377E-06
200448  3.500558E-06  1.709211E-06
200449  2.373717E-06  1.738368E-06
200450  1.345209E-06  2.425271E-06
200451  9.332525E-07  2.807902E-06
200452  1.336357E-06  2.451041E-06
200453  2.344728E-06  1.765092E-06
200454  3.439862E-06  1.709238E-06
200455  4.071791E-06  3.081310E-06
200456  4.015575E-06  5.903351E-06
200457  3.550376E-06  9.365753E-06
200458  3.226536E-06  1.236292E-05
200459  3.331857E-06  1.415960E-05
200460  3.538282E-06  1.462977E-05
200461  3.121645E-06  1.392743E-05
200462  1.592768E-06  1.198492E-05
200463 -8.398330E-07  8.383344E-06
200464 -3.352665E-06  2.790716E-06
200465 -4.965180E-06 -4.345282E-06
200466 -4.965923E-06 -1.140893E-05
200467 -3.138497E-06 -1.592214E-05
200468  1.161964E-07 -1.551904E-05
200469  3.732628E-06 -9.193269E-06
200470  6.188331E-06  1.740616E-06
200471  6.104358E-06  1.349229E-05
200472  3.042895E-06  2.077823E-05
200473 -1.976035E-06  1.890868E-05
200474 -6.649910E-06  6.392774E-06
200475 -8.302396E-06 -1.310584E-05
200476 -5.174509E-06 -3.085356E-05
200477  2.446841E-06 -3.602333E-05
200478  1.176902E-05 -2.105096E-05
200479  1.799468E-05  1.280633E-05
200480  1.574459E-05  5.286887E-05
200481  9.904572E-07  7.791786E-05
200482 -2.719638E-05  6.664595E-05
200483 -6.581330E-05  8.480670E-06
200484 -1.084389E-04 -8.862516E-05
200485 -1.469331E-04 -1.982568E-04
200486 -1.736248E-04 -2.846802E-04
200487 -1.831752E-04 -3.174600E-04
200488 -1.736823E-04 -2.846861E-04
200489 -1.470273E-04 -1.982687E-04
200490 -1.085386E-04 -8.863980E-05
200491 -6.589043E-05  8.469157E-06
200492 -2.723582E-05  6.664011E-05
200493  9.888892E-07  7.791054E-05
200494  1.576919E-05  5.284512E-05
200495  1.802638E-05  1.275453E-05
200496  1.178593E-05 -2.112682E-05
200497  2.429733E-06 -3.610033E-05
200498 -5.235795E-06 -3.089940E-05
200499 -8.404331E-06 -1.309632E-05
200500 -6.776120E-06  6.459037E-06
200501 -2.103540E-06  1.900870E-05
200502  2.936427E-06  2.087860E-05
200503  6.036246E-06  1.356961E-05
200504  6.168565E-06  1.793215E-06
200505  2.592074E-06 -1.842100E-05
200506 -8.320186E-07 -1.498566E-05
200507 -2.904103E-06 -6.590443E-06
200508 -3.359225E-06  3.488211E-06
200509 -2.497663E-06  1.191230E-05
200510 -6.506113E-07  1.641940E-05
200511  1.763539E-06  1.651293E-05
200512  3.877563E-06  1.337645E-05
200513  4.589094E-06  8.976418E-06
200514  3.474283E-06  4.841915E-06
200515  1.357548E-06  1.319188E-06
200516 -3.360684E-07 -2.170449E-06
200517 -8.583321E-07 -6.118015E-06
200518 -6.617682E-07 -1.009768E-05
200519 -7.157769E-07 -1.293123E-05
200520 -1.513285E-06 -1.369637E-05
200521 -2.770032E-06 -1.260054E-05
200522 -3.844053E-06 -1.092336E-05
200523 -4.237667E-06 -1.012684E-05
200524 -3.792458E-06 -1.085903E-05
200525 -2.695532E-06 -1.252143E-05
200526 -1.453224E-06 -1.365797E-05
200527 -6.925886E-07 -1.294930E-05
200528 -6.731162E-07 -1.014416E-05
200529 -8.842716E-07 -6.159736E-06
200530 -3.537227E-07 -2.207216E-06
200531  1.362345E-06  1.259543E-06
200532  3.502714E-06  4.744594E-06
200533  4.631824E-06  8.867255E-06
200534  3.920363E-06  1.330191E-05
200535  1.790937E-06  1.649438E-05
200536 -6.551946E-07  1.643284E-05
200537 -2.549908E-06  1.191428E-05
200538 -3.465434E-06  3.457495E-06
200539 -3.052356E-06 -6.638585E-06
200540 -9.942268E-07 -1.502294E-05
200541  2.447162E-06 -1.843925E-05
200542  5.995130E-06 -1.497986E-05
200543  7.763172E-06 -5.196289E-06
200544  6.374902E-06  7.371680E-06
200545  1.963232E-06  1.688591E-05
200546 -3.671572E-06  1.748630E-05
200547 -7.817340E-06  6.605532E-06
200548 -8.085054E-06 -1.233060E-05
200549 -3.589232E-06 -2.987977E-05
200550  4.367749E-06 -3.434410E-05
200551  1.243370E-05 -1.827784E-05
200552  1.626156E-05  1.552687E-05
200553  1.218381E-05  5.262959E-05
200554 -1.151722E-06  7.240005E-05
200555 -2.196013E-05  5.866549E-05
200556 -4.582921E-05  9.930967E-06
200557 -6.737967E-05 -5.731197E-05
200558 -8.210041E-05 -1.151743E-04
200559 -8.731522E-05 -1.379310E-04
200560 -8.217762E-05 -1.152028E-04
200561 -6.750243E-05 -5.736592E-05
200562 -4.595209E-05  9.864340E-06
200563 -2.204634E-05  5.860739E-05
200564 -1.185823E-06  7.236469E-05
200565  1.219677E-05  5.260960E-05
200566  1.630372E-05  1.549701E-05
200567  1.248075E-05 -1.833997E-05
200568  4.392696E-06 -3.443837E-05
200569 -3.609912E-06 -2.997988E-05
200570 -8.160140E-06 -1.239759E-05
200571 -7.931179E-06  6.601347E-06
200572 -3.787450E-06  1.754668E-05
200573  1.884969E-06  1.698125E-05
200574  6.358027E-06  7.458694E-06
200575  7.811173E-06 -5.145379E-06
200576  6.099210E-06 -1.495953E-05
200577 -5.779880E-07 -1.189452E-05
200578 -1.668100E-06 -3.149125E-06
200579 -9.009786E-07  5.767695E-06
200580  4.791408E-07  1.216699E-05
200581  1.166875E-06  1.440837E-05
200582  1.225986E-06  1.208367E-05
200583  1.665648E-06  6.213471E-06
200584  2.653801E-06 -9.611039E-07
200585  2.867623E-06 -6.905784E-06
200586  1.108644E-06 -1.007639E-05
200587 -1.920490E-06 -1.071439E-05
200588 -4.177703E-06 -1.045034E-05
200589 -4.492866E-06 -1.083328E-05
200590 -3.598698E-06 -1.198682E-05
200591 -2.964326E-06 -1.270603E-05
200592 -3.215848E-06 -1.187175E-05
200593 -3.926293E-06 -9.644836E-06
200594 -4.470948E-06 -7.328857E-06
200595 -4.609707E-06 -6.331028E-06
200596 -4.351086E-06 -7.250868E-06
200597 -3.737151E-06 -9.548782E-06
200598 -3.025422E-06 -1.182337E-05
200599 -2.821262E-06 -1.271811E-05
200600 -3.519366E-06 -1.201328E-05
200601 -4.471164E-06 -1.082369E-05
200602 -4.197995E-06 -1.040626E-05
200603 -1.964049E-06 -1.068137E-05
200604  1.058821E-06 -1.007995E-05
200605  2.822051E-06 -6.911157E-06
200606  2.616053E-06 -9.104342E-07
200607  1.633036E-06  6.330191E-06
200608  1.185305E-06  1.221033E-05
200609  1.093222E-06  1.447784E-05
200610  3.505354E-07  1.216487E-05
200611 -1.082747E-06  5.738300E-06
200612 -1.875932E-06 -3.151590E-06
200613 -7.799222E-07 -1.185477E-05
200614  1.890299E-06 -1.703164E-05
200615  4.355195E-06 -1.569794E-05
200616  4.778079E-06 -7.037099E-06
200617  2.557310E-06  6.062266E-06
200618 -1.411020E-06  1.725720E-05
200619 -5.297155E-06  1.951576E-05
200620 -7.126222E-06  9.386312E-06
200621 -5.553136E-06 -9.739416E-06
200622 -5.810616E-07 -2.790156E-05
200623  6.118317E-06 -3.318032E-05
200624  1.170560E-05 -1.874545E-05
200625  1.340843E-05  1.178097E-05
200626  9.895372E-06  4.483864E-05
200627  2.077761E-06  6.426524E-05
200628 -7.272591E-06  6.132719E-05
200629 -1.512317E-05  4.056734E-05
200630 -1.984005E-05  1.710356E-05
200631 -2.135608E-05  7.003948E-06
200632 -1.990768E-05  1.705792E-05
200633 -1.522479E-05  4.048074E-05
200634 -7.364100E-06  6.122252E-05
200635  2.024790E-06  6.418085E-05
200636  9.884458E-06  4.480003E-05
200637  1.342739E-05  1.177743E-05
200638  1.173985E-05 -1.875064E-05
200639  6.154717E-06 -3.321762E-05
200640 -5.598865E-07 -2.797417E-05
200641 -5.570532E-06 -9.827164E-06
200642 -7.197208E-06  9.311602E-06
200643 -5.406278E-06  1.947659E-05
200644 -1.509346E-06  1.725873E-05
200645  2.523123E-06  6.085195E-06
200646  4.830454E-06 -7.027603E-06
200647  4.480785E-06 -1.572528E-05
200648  2.064059E-06 -1.708456E-05
200649 -4.620681E-06  1.181996E-06
200650 -2.886310E-06  7.681733E-06
200651  9.822148E-07  1.028568E-05
200652  4.168949E-06  9.061510E-06
200653  4.157668E-06  4.927050E-06
200654  1.518104E-06 -1.089051E-06
200655 -6.273687E-07 -7.654033E-06
200656 -3.732835E-07 -1.295933E-05
200657  7.004070E-07 -1.528551E-05
200658 -5.784008E-08 -1.392465E-05
200659 -2.633346E-06 -9.780232E-06
200660 -4.489497E-06 -5.085291E-06
200661 -4.009252E-06 -1.958636E-06
200662 -2.226372E-06 -7.736716E-07
200663 -1.016350E-06 -1.742573E-07
200664 -8.766056E-07  1.159707E-06
200665 -1.038553E-06  3.175262E-06
200666 -9.336716E-07  4.909149E-06
200667 -7.541833E-07  5.587632E-06
200668 -7.676869E-07  4.964773E-06
200669 -7.782484E-07  3.243175E-06
200670 -6.153683E-07  1.191357E-06
200671 -8.180788E-07 -1.841332E-07
200672 -2.114699E-06 -7.776466E-07
200673 -3.985735E-06 -1.908991E-06
200674 -4.542850E-06 -4.995378E-06
200675 -2.735493E-06 -9.712476E-06
200676 -1.719655E-07 -1.390762E-05
200677  6.001783E-07 -1.526614E-05
200678 -4.503479E-07 -1.286310E-05
200679 -6.809055E-07 -7.481689E-06
200680  1.476649E-06 -9.247506E-07
200681  4.097620E-06  5.005522E-06
200682  4.058415E-06  9.058706E-06
200683  8.218295E-07  1.027069E-05
200684 -3.061835E-06  7.713920E-06
200685 -4.780332E-06  1.264678E-06
200686 -3.749748E-06 -7.133449E-06
200687 -1.459240E-06 -1.337195E-05
200688  3.142062E-07 -1.310401E-05
200689  7.311826E-07 -4.750574E-06
200690 -1.961031E-07  8.517203E-06
200691 -2.059317E-06  1.960521E-05
200692 -4.015312E-06  2.118106E-05
200693 -4.722780E-06  1.023844E-05
200694 -3.056906E-06 -9.197372E-06
200695  8.599015E-07 -2.713396E-05
200696  5.496318E-06 -3.261114E-05
200697  8.800029E-06 -2.034703E-05
200698  9.373095E-06  5.467453E-06
200699  7.370301E-06  3.376443E-05
200700  4.564444E-06  5.406467E-05
200701  2.969866E-06  6.280729E-05
200702  2.962402E-06  6.375721E-05
200703  3.237421E-06  6.310538E-05
200704  2.917312E-06  6.371995E-05
200705  2.908318E-06  6.273150E-05
200706  4.518381E-06  5.397248E-05
200707  7.350264E-06  3.369990E-05
200708  9.367057E-06  5.456423E-06
200709  8.792631E-06 -2.032413E-05
200710  5.486727E-06 -3.259607E-05
200711  8.605103E-07 -2.714817E-05
200712 -3.040777E-06 -9.232386E-06
200713 -4.711247E-06  1.019637E-05
200714 -4.042221E-06  2.113383E-05
200715 -2.131491E-06  1.955215E-05
200716 -2.704039E-07  8.465510E-06
200717  7.143263E-07 -4.796178E-06
200718  3.754073E-07 -1.315508E-05
200719 -1.345468E-06 -1.344655E-05
200720 -3.611062E-06 -7.228937E-06
200721 -7.388176E-06  9.773502E-06
200722 -4.041823E-06  9.971580E-06
200723  1.784768E-06  5.787757E-06
200724  6.336622E-06 -5.096954E-08
200725  5.830161E-06 -5.394161E-06
200726  8.531736E-07 -9.543696E-06
200727 -3.529561E-06 -1.221476E-05
200728 -3.426744E-06 -1.276961E-05
200729 -6.044706E-07 -1.072014E-05
200730  5.060706E-07 -6.256205E-06
200731 -1.076497E-06 -3.313917E-07
200732 -2.372523E-06  5.276413E-06
200733 -1.292941E-06  8.723443E-06
200734  8.625130E-07  9.747577E-06
200735  1.980816E-06  9.873270E-06
200736  1.936194E-06  1.041054E-05
200737  1.956120E-06  1.114555E-05
200738  2.520120E-06  1.144158E-05
200739  2.947005E-06  1.144246E-05
200740  2.693982E-06  1.145066E-05
200741  2.217726E-06  1.116054E-05
200742  2.180467E-06  1.042045E-05
200743  2.147665E-06  9.875592E-06
200744  9.385056E-07  9.767110E-06
200745 -1.308240E-06  8.785092E-06
200746 -2.470450E-06  5.352578E-06
200747 -1.219447E-06 -3.093896E-07
200748  3.708180E-07 -6.307608E-06
200749 -7.043298E-07 -1.076591E-05
200750 -3.493482E-06 -1.271635E-05
200751 -3.567787E-06 -1.207301E-05
200752  8.370351E-07 -9.418390E-06
200753  5.805078E-06 -5.359612E-06
200754  6.264296E-06 -7.556545E-08
200755  1.671179E-06  5.786850E-06
200756 -4.144482E-06  1.003356E-05
200757 -7.446212E-06  9.870071E-06
200758 -7.492514E-06  4.425517E-06
200759 -5.667161E-06 -3.751544E-06
200760 -3.273527E-06 -9.738937E-06
200761 -8.130708E-07 -9.182331E-06
200762  1.136257E-06 -1.266219E-06
200763  1.448864E-06  1.027980E-05
200764 -4.213324E-07  1.893371E-05
200765 -3.201430E-06  1.880322E-05
200766 -4.559760E-06  7.957681E-06
200767 -3.203627E-06 -9.663005E-06
200768  2.168104E-07 -2.526799E-05
200769  3.927043E-06 -3.000923E-05
200770  6.143129E-06 -2.078529E-05
200771  6.061128E-06 -1.824165E-06
200772  4.656957E-06  1.930098E-05
200773  3.897287E-06  3.665246E-05
200774  4.430360E-06  4.752374E-05
200775  4.930645E-06  5.118442E-05
200776  4.402612E-06  4.751769E-05
200777  3.864144E-06  3.662496E-05
200778  4.637879E-06  1.926040E-05
200779  6.051603E-06 -1.842626E-06
200780  6.121292E-06 -2.076718E-05
200781  3.879518E-06 -2.998514E-05
200782  1.579285E-07 -2.527336E-05
200783 -3.236457E-06 -9.689934E-06
200784 -4.536826E-06  7.947738E-06
200785 -3.137741E-06  1.882390E-05
200786 -3.750022E-07  1.895296E-05
200787  1.435284E-06  1.026019E-05
200788  1.088014E-06 -1.323538E-06
200789 -8.343594E-07 -9.246596E-06
200790 -3.247885E-06 -9.793115E-06
200791 -5.627488E-06 -3.811040E-06
200792 -7.457648E-06  4.340667E-06
200793 -7.692263E-06  1.030385E-05
200794 -4.511163E-06  4.980614E-06
200795  1.529445E-06 -2.235497E-06
200796  6.703014E-06 -7.458803E-06
200797  6.174716E-06 -9.198233E-06
200798 -1.606615E-07 -8.614745E-06
200799 -6.108306E-06 -6.884216E-06
200800 -5.991374E-06 -3.976979E-06
200801 -1.522261E-06 -5.834111E-08
200802  1.299398E-06  4.058026E-06
200803  5.434688E-07  7.889205E-06
200804 -4.301092E-07  1.093820E-05
200805  8.509896E-07  1.216274E-05
200806  2.851332E-06  1.145343E-05
200807  3.384203E-06  1.035314E-05
200808  2.799136E-06  9.924042E-06
200809  2.737659E-06  9.453370E-06
200810  3.547903E-06  8.374868E-06
200811  4.121188E-06  7.707471E-06
200812  3.696190E-06  8.334203E-06
200813  2.944122E-06  9.415996E-06
200814  2.962949E-06  9.919757E-06
200815  3.465361E-06  1.037462E-05
200816  2.858589E-06  1.148995E-05
200817  7.896796E-07  1.221037E-05
200818 -5.544292E-07  1.096177E-05
200819  4.002372E-07  7.826139E-06
200820  1.196711E-06  3.905055E-06
200821 -1.571185E-06 -1.983874E-07
200822 -6.012804E-06 -3.996748E-06
200823 -6.110069E-06 -6.804632E-06
200824 -1.346722E-07 -8.555738E-06
200825  6.199947E-06 -9.223337E-06
200826  6.677313E-06 -7.508195E-06
200827  1.461079E-06 -2.220042E-06
200828 -4.547242E-06  5.069602E-06
200829 -7.651955E-06  1.040056E-05
200830 -7.790556E-06  1.058617E-05
200831 -6.439666E-06  5.570891E-06
200832 -4.157709E-06 -1.618345E-06
200833 -6.940593E-07 -6.655239E-06
200834  3.168916E-06 -6.375792E-06
200835  5.005327E-06 -5.334483E-07
200836  2.918761E-06  8.161584E-06
200837 -1.887986E-06  1.511338E-05
200838 -5.842043E-06  1.541482E-05
200839 -6.360591E-06  6.667860E-06
200840 -3.549763E-06 -8.061954E-06
200841  8.335632E-07 -2.122988E-05
200842  4.548954E-06 -2.632693E-05
200843  5.725985E-06 -2.210081E-05
200844  4.400731E-06 -1.151111E-05
200845  2.681015E-06  1.222216E-06
200846  2.150907E-06  1.167225E-05
200847  2.226943E-06  1.576630E-05
200848  2.127894E-06  1.170242E-05
200849  2.653904E-06  1.250459E-06
200850  4.383077E-06 -1.149546E-05
200851  5.707992E-06 -2.207865E-05
200852  4.508327E-06 -2.629995E-05
200853  7.619675E-07 -2.123689E-05
200854 -3.630401E-06 -8.123562E-06
200855 -6.402232E-06  6.597583E-06
200856 -5.800858E-06  1.541155E-05
200857 -1.773613E-06  1.519664E-05
200858  3.029804E-06  8.267654E-06
200859  5.039033E-06 -4.836055E-07
200860  3.135046E-06 -6.396822E-06
200861 -7.296186E-07 -6.698044E-06
200862 -4.175011E-06 -1.639809E-06
200863 -6.479610E-06  5.557577E-06
200864 -7.861746E-06  1.053612E-05
200865 -5.968908E-06  5.819102E-06
200866 -4.199536E-06 -2.014172E-06
200867  6.512430E-07 -8.539614E-06
200868  5.682816E-06 -1.002442E-05
200869  5.467116E-06 -6.647681E-06
200870 -1.227123E-06 -1.970133E-06
200871 -8.018825E-06  1.789281E-06
200872 -7.992683E-06  5.264731E-06
200873 -2.560364E-06  8.512370E-06
200874  1.317348E-06  1.016325E-05
200875  1.065895E-06  1.019439E-05
200876  2.648881E-07  9.639872E-06
200877  1.545691E-06  8.309946E-06
200878  3.180463E-06  6.001176E-06
200879  3.054547E-06  4.095881E-06
200880  1.952509E-06  3.357972E-06
200881  1.771359E-06  2.444880E-06
200882  2.703592E-06  6.120265E-07
200883  3.346375E-06 -4.801802E-07
200884  2.809620E-06  5.346341E-07
200885  1.900873E-06  2.369937E-06
200886  2.021608E-06  3.344133E-06
200887  3.048925E-06  4.128325E-06
200888  3.130128E-06  6.039654E-06
200889  1.459607E-06  8.330369E-06
200890  1.456432E-07  9.608450E-06
200891  9.628162E-07  1.006113E-05
200892  1.287309E-06  9.938214E-06
200893 -2.532283E-06  8.310382E-06
200894 -7.960674E-06  5.197499E-06
200895 -7.983170E-06  1.826625E-06
200896 -1.152977E-06 -1.957628E-06
200897  5.553241E-06 -6.714395E-06
200898  5.707438E-06 -1.009030E-05
200899  6.147747E-07 -8.511364E-06
200900 -4.200441E-06 -1.904654E-06
200901 -5.872443E-06  5.917131E-06
200902 -5.459373E-06  1.080243E-05
200903 -4.560964E-06  1.072106E-05
200904 -2.924227E-06  6.109174E-06
200905  5.621846E-07 -5.547153E-07
200906  5.266724E-06 -5.902716E-06
200907  7.976278E-06 -7.190142E-06
200908  5.683080E-06 -3.114543E-06
200909 -6.661020E-07  5.336544E-06
200910 -6.580508E-06  1.364358E-05
200911 -8.441601E-06  1.533379E-05
200912 -5.985709E-06  7.521620E-06
200913 -9.292557E-07 -5.902781E-06
200914  4.308996E-06 -1.818874E-05
200915  7.038524E-06 -2.518577E-05
200916  6.270780E-06 -2.603354E-05
200917  3.963883E-06 -2.181719E-05
200918  2.502623E-06 -1.589145E-05
200919  2.161237E-06 -1.308069E-05
200920  2.475142E-06 -1.583646E-05
200921  3.927555E-06 -2.175173E-05
200922  6.239932E-06 -2.598288E-05
200923  7.006869E-06 -2.514479E-05
200924  4.260999E-06 -1.817238E-05
200925 -9.962361E-07 -5.952871E-06
200926 -6.051589E-06  7.400545E-06
200927 -8.464913E-06  1.521845E-05
200928 -6.518258E-06  1.363884E-05
200929 -5.246789E-07  5.469832E-06
200930  5.820362E-06 -2.928695E-06
200931  8.020817E-06 -7.066628E-06
200932  5.226161E-06 -5.876652E-06
200933  5.123384E-07 -5.684387E-07
200934 -2.964943E-06  6.118434E-06
200935 -4.646372E-06  1.074377E-05
200936 -5.594088E-06  1.077735E-05
200937 -3.519884E-06  7.195831E-07
200938 -3.516908E-06 -7.080923E-06
200939 -4.224191E-07 -1.135090E-05
200940  3.978994E-06 -8.912441E-06
200941  4.154171E-06 -1.525067E-06
200942 -2.173331E-06  5.071781E-06
200943 -9.083039E-06  8.211985E-06
200944 -9.176093E-06  1.015160E-05
200945 -3.509682E-06  1.178009E-05
200946  7.432769E-07  1.095471E-05
200947  7.929868E-07  7.714803E-06
200948  1.826904E-07  4.468224E-06
200949  1.418866E-06  1.671306E-06
200950  2.685806E-06 -1.280859E-06
200951  2.074494E-06 -3.262853E-06
200952  6.669233E-07 -3.657163E-06
200953  4.297461E-07 -4.314426E-06
200954  1.418096E-06 -6.275308E-06
200955  2.081243E-06 -7.522866E-06
200956  1.480569E-06 -6.369835E-06
200957  4.904778E-07 -4.408947E-06
200958  6.668180E-07 -3.682523E-06
200959  2.019533E-06 -3.237592E-06
200960  2.613984E-06 -1.256219E-06
200961  1.335652E-06  1.665300E-06
200962  9.115303E-08  4.404171E-06
200963  7.510261E-07  7.555305E-06
200964  7.990232E-07  1.071532E-05
200965 -3.407710E-06  1.157158E-05
200966 -9.107291E-06  1.007987E-05
200967 -9.027129E-06  8.243568E-06
200968 -2.058939E-06  5.076493E-06
200969  4.300942E-06 -1.599493E-06
200970  4.051961E-06 -8.981888E-06
200971 -4.410463E-07 -1.131934E-05
200972 -3.514874E-06 -6.963647E-06
200973 -3.414892E-06  8.224352E-07
200974 -2.270866E-06  8.011961E-06
200975 -1.749064E-06  1.185698E-05
200976 -9.592981E-07  1.087474E-05
200977  1.875254E-06  5.404918E-06
200978  6.509884E-06 -2.224904E-06
200979  9.618881E-06 -8.646852E-06
200980  7.529225E-06 -1.013618E-05
200981  6.419402E-07 -4.065297E-06
200982 -6.314454E-06  7.451680E-06
200983 -9.125366E-06  1.662122E-05
200984 -7.216286E-06  1.632938E-05
200985 -2.091488E-06  6.776011E-06
200986  4.038918E-06 -6.538946E-06
200987  8.153593E-06 -1.874806E-05
200988  8.425095E-06 -2.695746E-05
200989  6.334714E-06 -2.959262E-05
200990  4.576618E-06 -2.808214E-05
200991  4.039428E-06 -2.672221E-05
200992  4.542687E-06 -2.801980E-05
200993  6.286318E-06 -2.951705E-05
200994  8.380153E-06 -2.689906E-05
200995  8.113258E-06 -1.870860E-05
200996  3.997145E-06 -6.540190E-06
200997 -2.132442E-06  6.693922E-06
200998 -7.243791E-06  1.617329E-05
200999 -9.115067E-06  1.648231E-05
201000 -6.235969E-06  7.447840E-06
201001  7.813829E-07 -3.900484E-06
201002  7.649415E-06 -9.897593E-06
201003  9.635578E-06 -8.472497E-06
201004  6.444119E-06 -2.167226E-06
201005  1.817131E-06  5.406605E-06
201006 -9.963946E-07  1.089545E-05
201007 -1.836916E-06  1.189019E-05
201008 -2.417587E-06  7.990755E-06
201009 -1.510119E-06 -2.559180E-06
201010 -2.969922E-06 -9.251775E-06
201011 -1.410189E-06 -1.154505E-05
201012  2.253754E-06 -6.555458E-06
201013  2.694615E-06  2.983697E-06
201014 -2.888999E-06  9.645651E-06
201015 -9.225501E-06  1.070544E-05
201016 -9.248145E-06  1.047378E-05
201017 -3.870939E-06  1.085777E-05
201018  2.204340E-07  8.660680E-06
201019  4.782985E-07  3.563055E-06
201020  1.148247E-07 -9.388033E-07
201021  1.253531E-06 -3.972789E-06
201022  2.170134E-06 -6.742219E-06
201023  1.278851E-06 -8.385737E-06
201024 -2.271572E-07 -8.205615E-06
201025 -4.713716E-07 -8.306344E-06
201026  5.203417E-07 -1.002303E-05
201027  1.171008E-06 -1.123847E-05
201028  5.451317E-07 -1.011636E-05
201029 -4.584261E-07 -8.404569E-06
201030 -2.558123E-07 -8.245382E-06
201031  1.223257E-06 -8.382746E-06
201032  2.113890E-06 -6.739785E-06
201033  1.190254E-06 -3.996011E-06
201034  5.497851E-08 -1.008170E-06
201035  4.950709E-07  3.420757E-06
201036  3.506284E-07  8.459078E-06
201037 -3.717937E-06  1.068812E-05
201038 -9.170984E-06  1.042756E-05
201039 -9.174821E-06  1.075612E-05
201040 -2.753549E-06  9.675306E-06
201041  2.888786E-06  2.934972E-06
201042  2.366163E-06 -6.614203E-06
201043 -1.421125E-06 -1.151959E-05
201044 -2.985155E-06 -9.141782E-06
201045 -1.429715E-06 -2.452908E-06
201046  3.934298E-07  5.061291E-06
201047  7.518416E-07  1.089538E-05
201048  8.264953E-07  1.269382E-05
201049  2.690538E-06  9.302449E-06
201050  6.551006E-06  1.871365E-06
201051  9.613031E-06 -6.759364E-06
201052  8.158676E-06 -1.229529E-05
201053  1.876434E-06 -9.840534E-06
201054 -5.064588E-06  1.281605E-06
201055 -8.418206E-06  1.390028E-05
201056 -7.308155E-06  1.877899E-05
201057 -2.849269E-06  1.354997E-05
201058  3.202178E-06  2.316776E-06
201059  7.966329E-06 -1.050995E-05
201060  9.179435E-06 -2.158876E-05
201061  7.719453E-06 -2.785542E-05
201062  6.116271E-06 -2.908816E-05
201063  5.557968E-06 -2.870890E-05
201064  6.079210E-06 -2.903301E-05
201065  7.664549E-06 -2.779140E-05
201066  9.127175E-06 -2.154261E-05
201067  7.924947E-06 -1.048329E-05
201068  3.174462E-06  2.301575E-06
201069 -2.857496E-06  1.345721E-05
201070 -7.292579E-06  1.862025E-05
201071 -8.373332E-06  1.376502E-05
201072 -4.977853E-06  1.284969E-06
201073  1.992434E-06 -9.662618E-06
201074  8.231747E-06 -1.203739E-05
201075  9.577258E-06 -6.568390E-06
201076  6.451818E-06  1.934981E-06
201077  2.632564E-06  9.302776E-06
201078  8.138887E-07  1.271116E-05
201079  6.930510E-07  1.092155E-05
201080  2.724526E-07  5.030255E-06
201081 -4.964286E-07 -3.739926E-06
201082 -2.841703E-06 -9.434392E-06
201083 -2.159072E-06 -1.072222E-05
201084  9.246725E-07 -4.633855E-06
201085  1.381895E-06  5.632030E-06
201086 -3.373457E-06  1.144733E-05
201087 -8.544005E-06  1.023790E-05
201088 -8.154537E-06  8.252590E-06
201089 -3.370929E-06  8.227118E-06
201090  1.725372E-07  5.782022E-06
201091  5.878746E-07  4.309982E-08
201092  4.770288E-07 -4.667900E-06
201093  1.389904E-06 -7.224093E-06
201094  1.918055E-06 -9.465195E-06
201095  8.965430E-07 -1.075658E-05
201096 -5.658552E-07 -1.014191E-05
201097 -8.087448E-07 -9.720991E-06
201098  1.308522E-07 -1.106071E-05
201099  7.423570E-07 -1.214559E-05
201100  1.236719E-07 -1.114000E-05
201101 -8.244197E-07 -9.810739E-06
201102 -5.872989E-07 -1.019416E-05
201103  8.801594E-07 -1.077937E-05
201104  1.901744E-06 -9.483518E-06
201105  1.348925E-06 -7.254112E-06
201106  4.376445E-07 -4.723796E-06
201107  6.453138E-07 -5.456071E-08
201108  3.522055E-07  5.650076E-06
201109 -3.195719E-06  8.120069E-06
201110 -8.094732E-06  8.240604E-06
201111 -8.520394E-06  1.031278E-05
201112 -3.239452E-06  1.151841E-05
201113  1.601674E-06  5.632958E-06
201114  1.062502E-06 -4.668475E-06
201115 -2.168147E-06 -1.070759E-05
201116 -2.881122E-06 -9.343688E-06
201117 -4.555390E-07 -3.635944E-06
201118  1.963199E-06  3.338070E-06
201119  2.476869E-06  9.640571E-06
201120  2.168366E-06  1.280682E-05
201121  3.027598E-06  1.102971E-05
201122  5.624591E-06  4.780406E-06
201123  8.139863E-06 -3.862458E-06
201124  7.478630E-06 -1.122181E-05
201125  2.700877E-06 -1.172312E-05
201126 -3.247064E-06 -2.621000E-06
201127 -6.672149E-06  1.035230E-05
201128 -6.410575E-06  1.748261E-05
201129 -3.069019E-06  1.516032E-05
201130  2.079006E-06  6.585178E-06
201131  6.587222E-06 -4.608532E-06
201132  8.218927E-06 -1.556386E-05
201133  7.340495E-06 -2.281061E-05
201134  6.023804E-06 -2.514093E-05
201135  5.510202E-06 -2.521477E-05
201136  5.988792E-06 -2.510104E-05
201137  7.287236E-06 -2.276946E-05
201138  8.167484E-06 -1.553951E-05
201139  6.550490E-06 -4.597984E-06
201140  2.066477E-06  6.563502E-06
201141 -3.049238E-06  1.507618E-05
201142 -6.360450E-06  1.734653E-05
201143 -6.601001E-06  1.024131E-05
201144 -3.159805E-06 -2.605223E-06
201145  2.782934E-06 -1.154680E-05
201146  7.492204E-06 -1.097423E-05
201147  8.044722E-06 -3.687513E-06
201148  5.494754E-06  4.826381E-06
201149  2.978104E-06  1.101837E-05
201150  2.190623E-06  1.281777E-05
201151  2.461930E-06  9.656511E-06
201152  1.886665E-06  3.295137E-06
201153 -4.803339E-07 -3.558199E-06
201154 -3.113403E-06 -8.923695E-06
201155 -2.586935E-06 -1.005419E-05
201156  1.182726E-07 -3.745745E-06
201157  2.829754E-07  6.482044E-06
201158 -3.714942E-06  1.126179E-05
201159 -7.258371E-06  8.384852E-06
201160 -6.100065E-06  5.548196E-06
201161 -2.067605E-06  5.846188E-06
201162  6.719364E-07  3.811843E-06
201163  1.210677E-06 -1.892850E-06
201164  1.308882E-06 -6.341647E-06
201165  1.823080E-06 -8.258611E-06
201166  1.884747E-06 -1.002601E-05
201167  8.338720E-07 -1.118836E-05
201168 -4.809130E-07 -1.044877E-05
201169 -7.285443E-07 -9.700788E-06
201170  9.946673E-08 -1.066342E-05
201171  6.425795E-07 -1.157583E-05
201172  6.263323E-08 -1.072276E-05
201173 -7.619533E-07 -9.774113E-06
201174 -4.731326E-07 -1.050534E-05
201175  8.797056E-07 -1.122792E-05
201176  1.917500E-06 -1.005633E-05
201177  1.796488E-06 -8.288868E-06
201178  1.272209E-06 -6.378132E-06
201179  1.284975E-06 -1.936455E-06
201180  8.725985E-07  3.761332E-06
201181 -1.895220E-06  5.807079E-06
201182 -6.072009E-06  5.564300E-06
201183 -7.272301E-06  8.475240E-06
201184 -3.600691E-06  1.137615E-05
201185  5.043309E-07  6.545004E-06
201186  2.651603E-07 -3.745579E-06
201187 -2.597378E-06 -1.004981E-05
201188 -3.175258E-06 -8.858615E-06
201189 -4.808444E-07 -3.463002E-06
201190  2.449754E-06  3.060480E-06
201191  3.418662E-06  9.121943E-06
201192  3.077943E-06  1.247570E-05
201193  3.046018E-06  1.132004E-05
201194  4.094873E-06  6.090607E-06
201195  5.578940E-06 -1.535457E-06
201196  5.588573E-06 -8.851327E-06
201197  2.844359E-06 -1.081111E-05
201198 -1.331203E-06 -3.810122E-06
201199 -4.311588E-06  7.783106E-06
201200 -4.712771E-06  1.481040E-05
201201 -2.591540E-06  1.354716E-05
201202  1.147476E-06  6.902932E-06
201203  4.603112E-06 -2.130491E-06
201204  5.975334E-06 -1.152608E-05
201205  5.349483E-06 -1.814176E-05
201206  4.231628E-06 -2.044210E-05
201207  3.752988E-06 -2.058555E-05
201208  4.203450E-06 -2.041968E-05
201209  5.305204E-06 -1.812614E-05
201210  5.931416E-06 -1.152547E-05
201211  4.574198E-06 -2.135303E-06
201212  1.147202E-06  6.881223E-06
201213 -2.553748E-06  1.348378E-05
201214 -4.641982E-06  1.471099E-05
201215 -4.225847E-06  7.707200E-06
201216 -1.249571E-06 -3.779568E-06
201217  2.890483E-06 -1.064676E-05
201218  5.544207E-06 -8.636165E-06
201219  5.431691E-06 -1.401423E-06
201220  3.945290E-06  6.102976E-06
201221  3.012283E-06  1.129464E-05
201222  3.136784E-06  1.248606E-05
201223  3.449467E-06  9.134165E-06
201224  2.421970E-06  3.011025E-06
