Mesh2HRTF 0.1.2
    1
    1  1225
200000 -1.142745E-05 -3.193904E-05
200001 -6.951488E-06 -5.355541E-06
200002 -6.030539E-06 -2.217634E-06
200003 -5.119926E-06  6.345255E-07
200004 -4.241157E-06  3.178035E-06
200005 -3.411640E-06  5.403733E-06
200006 -2.645062E-06  7.313700E-06
200007 -1.951991E-06  8.918433E-06
200008 -1.340536E-06  1.023394E-05
200009 -8.170155E-07  1.127892E-05
200010 -3.865329E-07  1.207215E-05
200011 -5.342797E-08  1.263021E-05
200012  1.784269E-07  1.296564E-05
200013  3.054810E-07  1.308552E-05
200014  3.245008E-07  1.299071E-05
200015  2.326857E-07  1.267551E-05
200016  2.788718E-08  1.212810E-05
200017 -2.910878E-07  1.133148E-05
200018 -7.240824E-07  1.026506E-05
200019 -1.269160E-06  8.906763E-06
200020 -1.922066E-06  7.235580E-06
200021 -2.675677E-06  5.234498E-06
200022 -3.519428E-06  2.893586E-06
200023 -4.438771E-06  2.131003E-07
200024 -5.414746E-06 -2.793614E-06
200025 -6.423747E-06 -6.097692E-06
200026 -7.437577E-06 -9.653045E-06
200027 -8.423900E-06 -1.339567E-05
200028 -9.347127E-06 -1.724425E-05
200029 -1.016981E-05 -2.110217E-05
200030 -1.085446E-05 -2.486121E-05
200031 -1.136577E-05 -2.840665E-05
200032 -1.167304E-05 -3.162383E-05
200033 -1.175253E-05 -3.440553E-05
200034 -1.158970E-05 -3.665969E-05
200035 -1.118080E-05 -3.831679E-05
200036 -1.053385E-05 -3.933594E-05
200037 -9.668701E-06 -3.970919E-05
200038 -8.616194E-06 -3.946326E-05
200039 -7.416461E-06 -3.865851E-05
200040 -6.116523E-06 -3.738521E-05
200041 -4.767461E-06 -3.575732E-05
200042 -3.421448E-06 -3.390455E-05
200043 -2.128972E-06 -3.196359E-05
200044 -9.364986E-07 -3.006921E-05
200045  1.152467E-07 -2.834624E-05
200046  9.923249E-07 -2.690286E-05
200047  1.668013E-06 -2.582554E-05
200048  2.122787E-06 -2.517570E-05
200049  2.344060E-06 -2.498781E-05
200050  2.325927E-06 -2.526869E-05
200051  2.069048E-06 -2.599779E-05
200052  1.580779E-06 -2.712818E-05
200053  8.755000E-07 -2.858842E-05
200054 -2.499816E-08 -3.028533E-05
200055 -1.091289E-06 -3.210793E-05
200056 -2.286483E-06 -3.393267E-05
200057 -3.566998E-06 -3.562990E-05
200058 -4.884050E-06 -3.707141E-05
200059 -6.185844E-06 -3.813845E-05
200060 -7.420327E-06 -3.872955E-05
200061 -8.538241E-06 -3.876744E-05
200062 -9.496159E-06 -3.820413E-05
200063 -1.025915E-05 -3.702388E-05
200064 -1.080279E-05 -3.524340E-05
200065 -1.111426E-05 -3.290962E-05
200066 -1.119253E-05 -3.009517E-05
200067 -1.104755E-05 -2.689216E-05
200068 -1.069870E-05 -2.340503E-05
200069 -1.017268E-05 -1.974320E-05
200070 -9.501043E-06 -1.601414E-05
200071 -8.717778E-06 -1.231749E-05
200072 -7.857079E-06 -8.740610E-06
200073  1.060277E-06  2.153019E-05
200074  2.476165E-06  2.390348E-05
200075  3.619715E-06  2.528755E-05
200076  4.514647E-06  2.583636E-05
200077  5.202773E-06  2.572153E-05
200078  5.734129E-06  2.511758E-05
200079  6.158421E-06  2.419287E-05
200080  6.518401E-06  2.310476E-05
200081  6.845577E-06  2.199696E-05
200082  7.158365E-06  2.099734E-05
200083  7.462521E-06  2.021489E-05
200084  7.753393E-06  1.973539E-05
200085  8.019220E-06  1.961624E-05
200086  8.244606E-06  1.988144E-05
200087  8.413268E-06  2.051778E-05
200088  8.509481E-06  2.147328E-05
200089  8.517969E-06  2.265821E-05
200090  8.422503E-06  2.394857E-05
200091  8.203822E-06  2.519146E-05
200092  7.837770E-06  2.621190E-05
200093  7.294591E-06  2.682042E-05
200094  6.540215E-06  2.682182E-05
200095  5.540092E-06  2.602540E-05
200096  4.265668E-06  2.425775E-05
200097  2.703067E-06  2.137874E-05
200098  8.629020E-07  1.730123E-05
200099 -1.210439E-06  1.201359E-05
200100 -3.432063E-06  5.603015E-06
200101 -5.674510E-06 -1.724217E-06
200102 -7.772098E-06 -9.630625E-06
200103 -9.532537E-06 -1.764924E-05
200104 -1.075551E-05 -2.520434E-05
200105 -1.125645E-05 -3.165404E-05
200106 -1.089246E-05 -3.635401E-05
200107 -9.586337E-06 -3.873623E-05
200108 -7.344268E-06 -3.839209E-05
200109 -4.263317E-06 -3.514487E-05
200110 -5.260649E-07 -2.909598E-05
200111  3.618150E-06 -2.063182E-05
200112  7.883451E-06 -1.038520E-05
200113  1.198472E-05  8.454923E-07
200114  1.567569E-05  1.220543E-05
200115  1.878088E-05  2.289938E-05
200116  2.121492E-05  3.228984E-05
200117  2.298507E-05  3.995603E-05
200118  2.417591E-05  4.570240E-05
200119  2.491905E-05  4.951818E-05
200120  2.535407E-05  5.150340E-05
200121  2.558917E-05  5.178552E-05
200122  2.567060E-05  5.045306E-05
200123  2.556810E-05  4.752653E-05
200124  2.518029E-05  4.297489E-05
200125  2.435918E-05  3.677101E-05
200126  2.294867E-05  2.896735E-05
200127  2.082821E-05  1.976649E-05
200128  1.795164E-05  9.562581E-06
200129  1.437220E-05 -1.061786E-06
200130  1.024794E-05 -1.138622E-05
200131  5.826364E-06 -2.064059E-05
200132  1.411650E-06 -2.811101E-05
200133 -2.678406E-06 -3.324067E-05
200134 -6.156981E-06 -3.570469E-05
200135 -8.805880E-06 -3.544583E-05
200136 -1.049998E-05 -3.266717E-05
200137 -1.121551E-05 -2.778719E-05
200138 -1.102257E-05 -2.136946E-05
200139 -1.006538E-05 -1.404170E-05
200140 -8.535028E-06 -6.418850E-06
200141 -6.640488E-06  9.590795E-07
200142 -4.582377E-06  7.667950E-06
200143 -2.532889E-06  1.341795E-05
200144 -6.234011E-07  1.805215E-05
200145  6.717669E-06  2.147144E-05
200146  6.464389E-06  1.830791E-05
200147  5.706060E-06  1.461535E-05
200148  4.632141E-06  1.077546E-05
200149  3.425716E-06  7.031412E-06
200150  2.249349E-06  3.504237E-06
200151  1.234809E-06  2.321819E-07
200152  4.741914E-07 -2.780075E-06
200153  1.277094E-08 -5.516172E-06
200154 -1.535440E-07 -7.918702E-06
200155 -7.278098E-08 -9.882580E-06
200156  1.778212E-07 -1.127081E-05
200157  5.134401E-07 -1.194535E-05
200158  8.644914E-07 -1.180132E-05
200159  1.193846E-06 -1.079282E-05
200160  1.503419E-06 -8.942554E-06
200161  1.828772E-06 -6.334518E-06
200162  2.224052E-06 -3.094960E-06
200163  2.741727E-06  6.290611E-07
200164  3.411748E-06  4.684391E-06
200165  4.223728E-06  8.913713E-06
200166  5.114783E-06  1.314358E-05
200167  5.965496E-06  1.716239E-05
200168  6.606765E-06  2.069626E-05
200169  6.839992E-06  2.339291E-05
200170  6.471137E-06  2.482509E-05
200171  5.355465E-06  2.452343E-05
200172  3.445447E-06  2.204554E-05
200173  8.309066E-07  1.708086E-05
200174 -2.240263E-06  9.580416E-06
200175 -5.370201E-06 -1.128723E-07
200176 -8.052407E-06 -1.116992E-05
200177 -9.744277E-06 -2.226064E-05
200178 -9.962145E-06 -3.165676E-05
200179 -8.384048E-06 -3.746941E-05
200180 -4.940985E-06 -3.800295E-05
200181  1.244563E-07 -3.216228E-05
200182  6.251190E-06 -1.981414E-05
200183  1.261641E-05 -1.987101E-06
200184  1.825599E-05  1.918438E-05
200185  2.223345E-05  4.080832E-05
200186  2.382767E-05  5.982749E-05
200187  2.270011E-05  7.372058E-05
200188  1.900110E-05  8.112063E-05
200189  1.338335E-05  8.215834E-05
200190  6.909204E-06  7.840388E-05
200191  8.609198E-07  7.239707E-05
200192 -3.512266E-06  6.688837E-05
200193 -5.258528E-06  6.401355E-05
200194 -3.939246E-06  6.465610E-05
200195  2.573141E-07  6.819693E-05
200196  6.537422E-06  7.272823E-05
200197  1.365978E-05  7.565925E-05
200198  2.019689E-05  7.451899E-05
200199  2.483905E-05  6.770619E-05
200200  2.666810E-05  5.496662E-05
200201  2.533567E-05  3.747526E-05
200202  2.110698E-05  1.752936E-05
200203  1.476736E-05 -2.028774E-06
200204  7.423978E-06 -1.847668E-05
200205  2.587601E-07 -2.978152E-05
200206 -5.705221E-06 -3.494451E-05
200207 -9.773385E-06 -3.407075E-05
200208 -1.165754E-05 -2.819479E-05
200209 -1.146073E-05 -1.894721E-05
200210 -9.589385E-06 -8.167881E-06
200211 -6.625658E-06  2.440106E-06
200212 -3.194366E-06  1.155425E-05
200213  1.474410E-07  1.835117E-05
200214  2.982050E-06  2.250976E-05
200215  5.059874E-06  2.412954E-05
200216  6.291822E-06  2.360219E-05
200217  5.469914E-06 -2.972711E-06
200218  3.415588E-06 -8.614105E-06
200219  1.299153E-06 -1.268132E-05
200220 -7.252536E-07 -1.507510E-05
200221 -2.574592E-06 -1.601495E-05
200222 -4.183894E-06 -1.595166E-05
200223 -5.469558E-06 -1.544699E-05
200224 -6.331702E-06 -1.503460E-05
200225 -6.695363E-06 -1.509028E-05
200226 -6.565630E-06 -1.574795E-05
200227 -6.060248E-06 -1.689030E-05
200228 -5.393294E-06 -1.821950E-05
200229 -4.811005E-06 -1.938192E-05
200230 -4.508307E-06 -2.009803E-05
200231 -4.565065E-06 -2.024695E-05
200232 -4.928455E-06 -1.987693E-05
200233 -5.441710E-06 -1.914584E-05
200234 -5.897391E-06 -1.822425E-05
200235 -6.088135E-06 -1.720316E-05
200236 -5.839930E-06 -1.603947E-05
200237 -5.031147E-06 -1.455249E-05
200238 -3.611074E-06 -1.246687E-05
200239 -1.627232E-06 -9.488514E-06
200240  7.446779E-07 -5.399986E-06
200241  3.188830E-06 -1.641659E-07
200242  5.277921E-06  5.975763E-06
200243  6.551069E-06  1.242015E-05
200244  6.627437E-06  1.819297E-05
200245  5.324129E-06  2.201978E-05
200246  2.742845E-06  2.254043E-05
200247 -7.005166E-07  1.866404E-05
200248 -4.313442E-06  1.001927E-05
200249 -7.228953E-06 -2.617193E-06
200250 -8.563057E-06 -1.708601E-05
200251 -7.613225E-06 -2.998399E-05
200252 -4.073389E-06 -3.728458E-05
200253  1.776538E-06 -3.539905E-05
200254  8.965552E-06 -2.244535E-05
200255  1.587183E-05  6.729376E-07
200256  2.044515E-05  2.982938E-05
200257  2.059891E-05  5.821605E-05
200258  1.470122E-05  7.791459E-05
200259  2.050472E-06  8.216627E-05
200260 -1.679085E-05  6.767155E-05
200261 -3.990669E-05  3.610801E-05
200262 -6.423369E-05 -5.787625E-06
200263 -8.605022E-05 -4.778530E-05
200264 -1.016699E-04 -7.900024E-05
200265 -1.082057E-04 -9.112531E-05
200266 -1.042339E-04 -8.097326E-05
200267 -9.018712E-05 -5.144721E-05
200268 -6.834914E-05 -1.060285E-05
200269 -4.241620E-05  3.085619E-05
200270 -1.670773E-05  6.276992E-05
200271  4.779916E-06  7.832848E-05
200272  1.922551E-05  7.563184E-05
200273  2.550989E-05  5.764202E-05
200274  2.428683E-05  3.074017E-05
200275  1.760998E-05  2.525191E-06
200276  8.261453E-06 -2.036665E-05
200277 -9.979781E-07 -3.378451E-05
200278 -8.044124E-06 -3.661757E-05
200279 -1.173210E-05 -3.043006E-05
200280 -1.193291E-05 -1.848860E-05
200281 -9.322710E-06 -4.595756E-06
200282 -5.035632E-06  7.908946E-06
200283 -2.987145E-07  1.676698E-05
200284  3.859826E-06  2.099310E-05
200285  6.780023E-06  2.072642E-05
200286  8.210654E-06  1.688716E-05
200287  8.245862E-06  1.078402E-05
200288  7.200415E-06  3.774671E-06
200289 -1.486201E-06 -1.934325E-05
200290 -2.684615E-06 -2.049690E-05
200291 -3.040333E-06 -1.931887E-05
200292 -2.864700E-06 -1.620202E-05
200293 -2.593663E-06 -1.168147E-05
200294 -2.571577E-06 -6.451062E-06
200295 -2.875838E-06 -1.330602E-06
200296 -3.281429E-06  2.866185E-06
200297 -3.402779E-06  5.540687E-06
200298 -2.943597E-06  6.503005E-06
200299 -1.905201E-06  6.036694E-06
200300 -6.192152E-07  4.772703E-06
200301  4.174531E-07  3.412184E-06
200302  7.972646E-07  2.428031E-06
200303  3.863473E-07  1.892142E-06
200304 -6.608553E-07  1.504259E-06
200305 -2.035314E-06  7.853095E-07
200306 -3.444137E-06 -6.817073E-07
200307 -4.703933E-06 -3.080849E-06
200308 -5.715938E-06 -6.313842E-06
200309 -6.373186E-06 -1.004583E-05
200310 -6.496463E-06 -1.378123E-05
200311 -5.869926E-06 -1.691950E-05
200312 -4.369607E-06 -1.878632E-05
200313 -2.103426E-06 -1.867758E-05
200314  5.369083E-07 -1.596709E-05
200315  2.960214E-06 -1.030868E-05
200316  4.560580E-06 -1.914209E-06
200317  4.911369E-06  8.177738E-06
200318  3.886437E-06  1.799002E-05
200319  1.685186E-06  2.482123E-05
200320 -1.204730E-06  2.589254E-05
200321 -4.062177E-06  1.936918E-05
200322 -6.000313E-06  5.472049E-06
200323 -6.096551E-06 -1.279420E-05
200324 -3.645321E-06 -2.980053E-05
200325  1.468262E-06 -3.863465E-05
200326  8.388065E-06 -3.348571E-05
200327  1.510060E-05 -1.240790E-05
200328  1.862605E-05  2.060247E-05
200329  1.563327E-05  5.532574E-05
200330  3.337147E-06  7.748868E-05
200331 -1.959573E-05  7.314526E-05
200332 -5.241525E-05  3.399307E-05
200333 -9.211187E-05 -3.835952E-05
200334 -1.337423E-04 -1.311173E-04
200335 -1.711975E-04 -2.230169E-04
200336 -1.982938E-04 -2.904972E-04
200337 -2.100182E-04 -3.152670E-04
200338 -2.036996E-04 -2.904559E-04
200339 -1.798139E-04 -2.229531E-04
200340 -1.421369E-04 -1.310096E-04
200341 -9.707588E-05 -3.807153E-05
200342 -5.225280E-05  3.473791E-05
200343 -1.468993E-05  7.468992E-05
200344  1.085708E-05  8.007392E-05
200345  2.287868E-05  5.889578E-05
200346  2.309536E-05  2.468855E-05
200347  1.550997E-05 -8.644175E-06
200348  4.934480E-06 -3.103690E-05
200349 -4.451971E-06 -3.832847E-05
200350 -1.005406E-05 -3.199846E-05
200351 -1.112698E-05 -1.723061E-05
200352 -8.448948E-06 -3.618609E-07
200353 -3.663386E-06  1.330148E-05
200354  1.420768E-06  2.071909E-05
200355  5.363478E-06  2.130714E-05
200356  7.373324E-06  1.635750E-05
200357  7.341850E-06  8.117701E-06
200358  5.700051E-06 -1.075453E-06
200359  3.182913E-06 -9.370509E-06
200360  5.782756E-07 -1.562366E-05
200361 -7.156976E-06 -9.040755E-06
200362 -5.988799E-06 -4.979696E-06
200363 -3.500478E-06 -1.120465E-06
200364 -3.600230E-07  2.434152E-06
200365  2.485168E-06  5.930165E-06
200366  4.152098E-06  9.556822E-06
200367  4.270806E-06  1.313456E-05
200368  3.244735E-06  1.609168E-05
200369  2.065834E-06  1.775933E-05
200370  1.722579E-06  1.781131E-05
200371  2.581217E-06  1.655700E-05
200372  4.189143E-06  1.486094E-05
200373  5.639755E-06  1.370059E-05
200374  6.205035E-06  1.363285E-05
200375  5.762650E-06  1.451779E-05
200376  4.749268E-06  1.566690E-05
200377  3.748635E-06  1.627990E-05
200378  3.058324E-06  1.585208E-05
200379  2.535463E-06  1.430357E-05
200380  1.789332E-06  1.181737E-05
200381  5.503916E-07  8.573639E-06
200382 -1.057837E-06  4.600303E-06
200383 -2.538756E-06 -1.593309E-07
200384 -3.321282E-06 -5.615844E-06
200385 -3.122465E-06 -1.128244E-05
200386 -2.113616E-06 -1.614559E-05
200387 -7.835703E-07 -1.875662E-05
200388  3.728827E-07 -1.759594E-05
200389  1.093534E-06 -1.169439E-05
200390  1.354793E-06 -1.365786E-06
200391  1.194929E-06  1.126624E-05
200392  5.583549E-07  2.235780E-05
200393 -6.501556E-07  2.733329E-05
200394 -2.286404E-06  2.267591E-05
200395 -3.673300E-06  7.934379E-06
200396 -3.621962E-06 -1.298566E-05
200397 -9.738743E-07 -3.215559E-05
200398  4.482309E-06 -4.001703E-05
200399  1.122645E-05 -2.942379E-05
200400  1.592636E-05  2.826095E-08
200401  1.428447E-05  3.938096E-05
200402  2.495579E-06  7.125709E-05
200403 -2.134233E-05  7.504470E-05
200404 -5.643992E-05  3.505746E-05
200405 -9.933560E-05 -5.144921E-05
200406 -1.445286E-04 -1.702083E-04
200407 -1.854123E-04 -2.924561E-04
200408 -2.153208E-04 -3.839247E-04
200409 -2.286703E-04 -4.170974E-04
200410 -2.221761E-04 -3.816434E-04
200411 -1.959361E-04 -2.884359E-04
200412 -1.539468E-04 -1.653261E-04
200413 -1.036128E-04 -4.657527E-05
200414 -5.409901E-05  3.938538E-05
200415 -1.389522E-05  7.875731E-05
200416  1.157507E-05  7.461915E-05
200417  2.133961E-05  4.267283E-05
200418  1.865446E-05  3.245030E-06
200419  9.300622E-06 -2.667860E-05
200420 -7.759743E-07 -3.839331E-05
200421 -7.419851E-06 -3.224985E-05
200422 -9.105211E-06 -1.500751E-05
200423 -6.605791E-06  4.369780E-06
200424 -1.967847E-06  1.851392E-05
200425  2.602550E-06  2.378690E-05
200426  5.515514E-06  2.047537E-05
200427  6.105470E-06  1.157068E-05
200428  4.553880E-06  1.008206E-06
200429  1.595570E-06 -7.856711E-06
200430 -1.824849E-06 -1.310824E-05
200431 -4.825411E-06 -1.440809E-05
200432 -6.736666E-06 -1.259761E-05
200433 -5.539029E-06  1.130885E-05
200434 -4.110453E-06  1.485812E-05
200435 -1.751593E-06  1.503305E-05
200436  1.470229E-06  1.271842E-05
200437  4.789624E-06  9.489328E-06
200438  6.898167E-06  6.834984E-06
200439  6.752114E-06  5.472535E-06
200440  4.478400E-06  5.109223E-06
200441  1.527509E-06  4.801043E-06
200442 -2.554835E-07  3.715280E-06
200443  3.428893E-08  1.809820E-06
200444  1.768280E-06 -7.064635E-08
200445  3.434745E-06 -7.974348E-07
200446  3.901337E-06  1.854467E-07
200447  3.195888E-06  2.445593E-06
200448  2.278225E-06  4.926398E-06
200449  2.166818E-06  6.759272E-06
200450  3.170598E-06  7.837021E-06
200451  4.720538E-06  8.725321E-06
200452  5.804002E-06  1.006217E-05
200453  5.652093E-06  1.194970E-05
200454  4.227931E-06  1.375542E-05
200455  2.202012E-06  1.438620E-05
200456  4.393113E-07  1.279692E-05
200457 -6.075563E-07  8.445544E-06
200458 -1.108680E-06  1.571154E-06
200459 -1.514186E-06 -6.672316E-06
200460 -2.002310E-06 -1.423491E-05
200461 -2.243095E-06 -1.851460E-05
200462 -1.694611E-06 -1.720401E-05
200463 -1.824297E-07 -9.506059E-06
200464  1.701583E-06  2.849286E-06
200465  2.733847E-06  1.552346E-05
200466  1.785520E-06  2.284323E-05
200467 -1.192073E-06  2.018951E-05
200468 -4.616363E-06  6.611924E-06
200469 -5.826870E-06 -1.355876E-05
200470 -2.742516E-06 -3.122977E-05
200471  4.334301E-06 -3.572714E-05
200472  1.209706E-05 -2.003236E-05
200473  1.541892E-05  1.395799E-05
200474  9.684091E-06  5.312275E-05
200475 -7.155990E-06  7.617876E-05
200476 -3.389076E-05  6.215080E-05
200477 -6.677981E-05  1.051826E-06
200478 -1.009140E-04 -9.854261E-05
200479 -1.313203E-04 -2.097122E-04
200480 -1.534716E-04 -2.963972E-04
200481 -1.635197E-04 -3.280852E-04
200482 -1.587995E-04 -2.931483E-04
200483 -1.387897E-04 -2.041409E-04
200484 -1.060893E-04 -9.224363E-05
200485 -6.661143E-05  6.358061E-06
200486 -2.840516E-05  6.528370E-05
200487  7.834731E-07  7.691633E-05
200488  1.627751E-05  5.210787E-05
200489  1.817409E-05  1.221321E-05
200490  1.094856E-05 -2.160450E-05
200491  1.069783E-06 -3.659981E-05
200492 -6.024676E-06 -3.127719E-05
200493 -7.909752E-06 -1.295811E-05
200494 -5.277824E-06  7.570689E-06
200495 -6.066066E-07  2.135505E-05
200496  3.501424E-06  2.436487E-05
200497  5.424925E-06  1.775413E-05
200498  4.824868E-06  6.023337E-06
200499  2.359966E-06 -5.548350E-06
200500 -8.422336E-07 -1.297762E-05
200501 -3.706992E-06 -1.454583E-05
200502 -5.582291E-06 -1.071695E-05
200503 -6.355145E-06 -3.444681E-06
200504 -6.266646E-06  4.693815E-06
200505  2.023190E-06  1.721888E-05
200506  7.950624E-07  1.648677E-05
200507 -5.724378E-07  1.211716E-05
200508 -5.668171E-07  5.405617E-06
200509  1.197817E-06 -1.667778E-06
200510  3.374758E-06 -7.199919E-06
200511  3.809558E-06 -1.017512E-05
200512  1.484714E-06 -1.088365E-05
200513 -2.305920E-06 -1.064753E-05
200514 -4.945223E-06 -1.090796E-05
200515 -4.851130E-06 -1.219429E-05
200516 -2.824360E-06 -1.375514E-05
200517 -1.073539E-06 -1.426743E-05
200518 -1.097902E-06 -1.309670E-05
200519 -2.560488E-06 -1.093811E-05
200520 -3.911907E-06 -9.186935E-06
200521 -3.796665E-06 -8.648166E-06
200522 -1.967387E-06 -8.811926E-06
200523  7.363845E-07 -8.277043E-06
200524  3.037736E-06 -5.833284E-06
200525  4.012340E-06 -1.293151E-06
200526  3.606117E-06  4.446695E-06
200527  2.567115E-06  9.977219E-06
200528  1.771813E-06  1.402743E-05
200529  1.450072E-06  1.571014E-05
200530  1.050506E-06  1.438846E-05
200531 -5.925562E-08  9.659160E-06
200532 -1.756583E-06  1.816445E-06
200533 -3.061729E-06 -7.510865E-06
200534 -2.848562E-06 -1.531722E-05
200535 -7.095666E-07 -1.823297E-05
200536  2.588634E-06 -1.423055E-05
200537  5.207621E-06 -4.064946E-06
200538  4.997193E-06  8.439133E-06
200539  9.243481E-07  1.756562E-05
200540 -5.554530E-06  1.805831E-05
200541 -1.058176E-05  7.929382E-06
200542 -1.012017E-05 -9.397793E-06
200543 -3.015347E-06 -2.510557E-05
200544  7.577128E-06 -2.831652E-05
200545  1.574691E-05 -1.218789E-05
200546  1.624618E-05  2.026355E-05
200547  7.257740E-06  5.480166E-05
200548 -9.178973E-06  7.142816E-05
200549 -2.885059E-05  5.480586E-05
200550 -4.763366E-05  4.067720E-06
200551 -6.284193E-05 -6.408642E-05
200552 -7.312274E-05 -1.218070E-04
200553 -7.751072E-05 -1.434595E-04
200554 -7.481701E-05 -1.189404E-04
200555 -6.410669E-05 -5.927974E-05
200556 -4.596883E-05  9.038369E-06
200557 -2.351839E-05  5.787175E-05
200558 -2.118345E-06  7.122474E-05
200559  1.248302E-05  5.134835E-05
200560  1.688140E-05  1.472684E-05
200561  1.198486E-05 -1.830389E-05
200562  2.624729E-06 -3.373094E-05
200563 -5.270836E-06 -2.881959E-05
200564 -8.017665E-06 -1.069852E-05
200565 -5.649641E-06  9.221390E-06
200566 -8.448378E-07  2.141505E-05
200567  3.324516E-06  2.202488E-05
200568  5.041735E-06  1.312513E-05
200569  4.122070E-06  3.013952E-07
200570  1.518964E-06 -1.059628E-05
200571 -1.389080E-06 -1.586866E-05
200572 -3.354928E-06 -1.476948E-05
200573 -3.623511E-06 -8.837474E-06
200574 -2.196514E-06 -5.612232E-07
200575  7.112133E-08  7.690205E-06
200576  1.819717E-06  1.405988E-05
200577  8.922468E-06  5.639508E-06
200578  5.134994E-06  2.806000E-06
200579 -2.314343E-07 -1.135942E-06
200580 -4.153773E-06 -5.753207E-06
200581 -4.498804E-06 -1.001971E-05
200582 -1.896018E-06 -1.270831E-05
200583  4.964903E-07 -1.307290E-05
200584 -1.511498E-07 -1.139899E-05
200585 -3.417506E-06 -9.006026E-06
200586 -6.087426E-06 -7.536022E-06
200587 -5.734195E-06 -7.816165E-06
200588 -3.236405E-06 -9.148435E-06
200589 -1.447630E-06 -9.919589E-06
200590 -2.041636E-06 -9.240010E-06
200591 -4.215236E-06 -7.940156E-06
200592 -6.019018E-06 -7.733979E-06
200593 -6.214463E-06 -9.445960E-06
200594 -4.884415E-06 -1.219910E-05
200595 -2.914008E-06 -1.420140E-05
200596 -1.267961E-06 -1.412019E-05
200597 -5.011266E-07 -1.183059E-05
200598 -4.823151E-07 -8.160500E-06
200599 -4.732409E-07 -4.008560E-06
200600  2.136951E-07  3.810325E-07
200601  1.387735E-06  5.241750E-06
200602  1.982407E-06  1.027291E-05
200603  1.166581E-06  1.389708E-05
200604 -6.398968E-07  1.383739E-05
200605 -2.096852E-06  8.767166E-06
200606 -2.127999E-06 -3.056341E-07
200607 -5.119271E-07 -1.003605E-05
200608  2.302143E-06 -1.615636E-05
200609  5.158752E-06 -1.546573E-05
200610  5.980014E-06 -7.439000E-06
200611  2.729662E-06  5.086512E-06
200612 -4.310697E-06  1.641424E-05
200613 -1.132704E-05  2.002292E-05
200614 -1.306549E-05  1.209816E-05
200615 -7.040779E-06 -4.943272E-06
200616  4.044788E-06 -2.185223E-05
200617  1.405325E-05 -2.684392E-05
200618  1.765538E-05 -1.308020E-05
200619  1.342054E-05  1.577192E-05
200620  3.844872E-06  4.647523E-05
200621 -6.839401E-06  6.371115E-05
200622 -1.517838E-05  5.946869E-05
200623 -1.991816E-05  3.832737E-05
200624 -2.175125E-05  1.509367E-05
200625 -2.180943E-05  5.760048E-06
200626 -2.026314E-05  1.707401E-05
200627 -1.625447E-05  4.165229E-05
200628 -9.098013E-06  6.254054E-05
200629  3.627208E-07  6.447663E-05
200630  9.324258E-06  4.389074E-05
200631  1.406536E-05  1.065183E-05
200632  1.225678E-05 -1.894191E-05
200633  5.079467E-06 -3.219745E-05
200634 -3.000451E-06 -2.634538E-05
200635 -7.291502E-06 -8.270407E-06
200636 -6.243569E-06  1.066362E-05
200637 -1.986536E-06  2.095969E-05
200638  2.074880E-06  1.919386E-05
200639  3.848166E-06  8.414497E-06
200640  3.229100E-06 -4.760624E-06
200641  1.272324E-06 -1.409383E-05
200642 -7.992631E-07 -1.643450E-05
200643 -2.103189E-06 -1.233379E-05
200644 -2.114177E-06 -4.937900E-06
200645 -4.967528E-07  2.073768E-06
200646  2.725636E-06  6.428219E-06
200647  6.629224E-06  7.893956E-06
200648  9.312564E-06  7.380808E-06
200649  1.028953E-05 -9.159372E-06
200650  6.944464E-06 -9.800203E-06
200651  5.775312E-07 -9.014875E-06
200652 -5.548459E-06 -7.879881E-06
200653 -7.722038E-06 -6.785814E-06
200654 -4.879669E-06 -5.358464E-06
200655 -2.748715E-07 -3.032212E-06
200656  1.391920E-06  2.147965E-07
200657 -8.664719E-07  3.586303E-06
200658 -3.416968E-06  5.782769E-06
200659 -2.833295E-06  5.887586E-06
200660  2.853324E-08  4.408138E-06
200661  1.773032E-06  3.138807E-06
200662  8.077948E-07  3.342943E-06
200663 -1.467103E-06  4.252660E-06
200664 -3.002299E-06  3.946362E-06
200665 -3.206502E-06  1.513721E-06
200666 -2.777916E-06 -2.168191E-06
200667 -2.485232E-06 -5.561619E-06
200668 -2.581216E-06 -7.806216E-06
200669 -2.961876E-06 -9.083100E-06
200670 -3.293848E-06 -1.013114E-05
200671 -2.974586E-06 -1.129232E-05
200672 -1.553331E-06 -1.164518E-05
200673  4.461828E-07 -9.293670E-06
200674  1.607713E-06 -3.116784E-06
200675  1.132792E-06  5.567206E-06
200676 -9.735861E-08  1.323342E-05
200677 -6.852059E-07  1.617319E-05
200678 -5.047848E-07  1.266318E-05
200679 -2.939585E-07  3.932624E-06
200680  1.586160E-07 -6.357792E-06
200681  1.827420E-06 -1.362069E-05
200682  4.073686E-06 -1.409362E-05
200683  4.006629E-06 -6.486328E-06
200684 -3.789095E-07  6.631794E-06
200685 -6.843126E-06  1.867392E-05
200686 -1.003200E-05  2.166396E-05
200687 -6.473919E-06  1.145251E-05
200688  2.057047E-06 -8.003575E-06
200689  1.032175E-05 -2.567368E-05
200690  1.405234E-05 -3.017619E-05
200691  1.240510E-05 -1.721207E-05
200692  7.247332E-06  8.082397E-06
200693  1.383810E-06  3.509127E-05
200694 -2.778676E-06  5.440140E-05
200695 -4.204094E-06  6.272122E-05
200696 -3.562548E-06  6.350885E-05
200697 -2.293690E-06  6.311489E-05
200698 -1.139596E-06  6.474376E-05
200699  2.828366E-07  6.488056E-05
200700  2.654662E-06  5.602609E-05
200701  5.943911E-06  3.419190E-05
200702  8.907622E-06  4.386099E-06
200703  9.406163E-06 -2.141334E-05
200704  5.960528E-06 -3.227426E-05
200705 -2.159022E-07 -2.545506E-05
200706 -5.256531E-06 -7.377651E-06
200707 -5.845439E-06  1.106139E-05
200708 -2.429443E-06  2.064418E-05
200709  1.494510E-06  1.797790E-05
200710  3.068282E-06  6.285963E-06
200711  2.201222E-06 -7.195011E-06
200712  4.671443E-07 -1.568287E-05
200713 -7.710625E-07 -1.619010E-05
200714 -1.055178E-06 -9.920233E-06
200715 -6.906902E-07 -7.289107E-07
200716 -1.686284E-07  6.748718E-06
200717  6.931495E-07  9.091831E-06
200718  2.770694E-06  5.870000E-06
200719  6.263734E-06 -3.195202E-07
200720  9.599205E-06 -6.000767E-06
200721  6.392571E-06 -1.551956E-05
200722  6.341768E-06 -1.222063E-05
200723  2.369692E-06 -6.740052E-06
200724 -3.682705E-06 -1.394295E-06
200725 -7.391140E-06  2.420385E-06
200726 -5.264688E-06  4.913855E-06
200727  6.159184E-07  7.075569E-06
200728  4.104314E-06  9.404581E-06
200729  2.498237E-06  1.171024E-05
200730 -3.372443E-07  1.332491E-05
200731  9.524046E-08  1.334365E-05
200732  3.009752E-06  1.174417E-05
200733  4.554233E-06  1.015088E-05
200734  3.410124E-06  1.020036E-05
200735  1.609678E-06  1.139383E-05
200736  1.053963E-06  1.179984E-05
200737  1.422849E-06  1.051380E-05
200738  1.357989E-06  8.264303E-06
200739  3.040153E-07  5.965790E-06
200740 -1.228340E-06  3.750424E-06
200741 -2.557100E-06  1.180034E-06
200742 -3.323777E-06 -2.398911E-06
200743 -3.186201E-06 -7.299971E-06
200744 -1.852938E-06 -1.240316E-05
200745  5.413580E-08 -1.497248E-05
200746  9.974698E-07 -1.256565E-05
200747  4.234758E-07 -5.279538E-06
200748 -1.154865E-07  4.071280E-06
200749  7.542584E-07  1.162351E-05
200750  1.606135E-06  1.434239E-05
200751  7.934896E-08  1.128297E-05
200752 -2.914849E-06  3.902903E-06
200753 -3.462132E-06 -4.630612E-06
200754  1.080347E-07 -1.047240E-05
200755  4.318360E-06 -1.017894E-05
200756  4.437421E-06 -2.520336E-06
200757  2.832839E-07  9.362363E-06
200758 -3.552577E-06  1.808730E-05
200759 -3.138078E-06  1.637753E-05
200760  8.181241E-07  3.046015E-06
200761  4.915281E-06 -1.510595E-05
200762  7.203836E-06 -2.792190E-05
200763  7.919698E-06 -2.878009E-05
200764  7.389943E-06 -1.764254E-05
200765  5.411792E-06  8.464113E-07
200766  2.566525E-06  2.072616E-05
200767  3.451472E-07  3.698745E-05
200768 -3.994215E-07  4.688390E-05
200769 -3.450687E-08  5.020278E-05
200770  8.725385E-07  4.757839E-05
200771  2.159199E-06  3.828368E-05
200772  3.652880E-06  2.107516E-05
200773  4.942839E-06 -1.757755E-06
200774  5.448355E-06 -2.234357E-05
200775  4.276608E-06 -3.128162E-05
200776  8.132355E-07 -2.476214E-05
200777 -3.613422E-06 -7.733942E-06
200778 -5.655692E-06  9.754459E-06
200779 -3.257521E-06  1.907229E-05
200780  1.393446E-06  1.704094E-05
200781  3.999823E-06  6.297811E-06
200782  2.944490E-06 -6.575767E-06
200783  2.565234E-07 -1.462959E-05
200784 -1.569448E-06 -1.459268E-05
200785 -1.713050E-06 -8.084670E-06
200786 -6.236795E-07  8.896593E-07
200787  4.839074E-07  8.561088E-06
200788  1.910869E-07  1.186680E-05
200789 -1.447767E-06  8.936747E-06
200790 -2.306266E-06  7.939244E-07
200791 -4.883205E-07 -8.477914E-06
200792  3.302555E-06 -1.453163E-05
200793  6.037971E-07 -1.288723E-05
200794  4.444694E-06 -7.062163E-06
200795  4.433231E-06  4.187202E-07
200796 -1.002013E-07  6.492959E-06
200797 -5.110615E-06  9.140118E-06
200798 -4.581671E-06  9.257638E-06
200799  1.483410E-06  8.985280E-06
200800  6.039452E-06  9.086041E-06
200801  4.605319E-06  9.438599E-06
200802  1.104143E-06  1.002648E-05
200803  1.041850E-06  1.012080E-05
200804  3.710690E-06  8.868124E-06
200805  4.901523E-06  7.304810E-06
200806  3.645086E-06  7.369164E-06
200807  2.488810E-06  8.978335E-06
200808  3.037075E-06  1.035155E-05
200809  4.152441E-06  1.074930E-05
200810  4.054255E-06  1.083465E-05
200811  2.455617E-06  1.088656E-05
200812  4.169872E-07  1.042381E-05
200813 -1.101028E-06  9.083213E-06
200814 -1.926565E-06  6.466253E-06
200815 -2.024842E-06  1.841416E-06
200816 -1.119351E-06 -4.514371E-06
200817  3.061502E-07 -1.026538E-05
200818  7.228679E-07 -1.262134E-05
200819 -1.753715E-07 -1.060047E-05
200820 -1.170751E-07 -5.227143E-06
200821  2.345282E-06  1.389568E-06
200822  4.192992E-06  6.736151E-06
200823  1.246567E-06  8.912736E-06
200824 -5.104038E-06  7.527792E-06
200825 -8.192535E-06  3.351952E-06
200826 -4.059733E-06 -2.145747E-06
200827  3.577849E-06 -6.356923E-06
200828  7.812718E-06 -6.022836E-06
200829  6.293124E-06 -5.944148E-08
200830  2.560146E-06  7.907386E-06
200831  4.113647E-07  1.132305E-05
200832 -2.641515E-07  6.326227E-06
200833 -9.819232E-07 -4.654295E-06
200834 -7.674544E-07 -1.549840E-05
200835  2.322999E-06 -2.173349E-05
200836  7.058157E-06 -2.235781E-05
200837  9.593984E-06 -1.783959E-05
200838  8.144519E-06 -9.002817E-06
200839  4.660847E-06  1.741893E-06
200840  1.848182E-06  1.030460E-05
200841  7.336969E-07  1.344579E-05
200842  1.210599E-06  1.047844E-05
200843  2.786144E-06  2.136283E-06
200844  4.366448E-06 -1.015531E-05
200845  4.762243E-06 -2.254616E-05
200846  3.608174E-06 -2.842179E-05
200847  1.061734E-06 -2.280208E-05
200848 -2.577554E-06 -7.632662E-06
200849 -5.763836E-06  8.606741E-06
200850 -5.580873E-06  1.730724E-05
200851 -1.066394E-06  1.551032E-05
200852  4.169619E-06  6.093474E-06
200853  5.431412E-06 -5.290770E-06
200854  2.490608E-06 -1.268096E-05
200855 -1.028480E-06 -1.237384E-05
200856 -2.630725E-06 -5.654516E-06
200857 -2.340575E-06  2.391398E-06
200858 -8.439801E-07  7.890167E-06
200859  4.777893E-07  1.026475E-05
200860 -6.585688E-07  9.441635E-06
200861 -4.634404E-06  4.481411E-06
200862 -8.312636E-06 -3.754168E-06
200863 -8.317601E-06 -1.141182E-05
200864 -4.553257E-06 -1.475618E-05
200865 -3.988110E-06 -6.718002E-06
200866  2.428682E-06 -8.623801E-07
200867  5.918948E-06  6.246279E-06
200868  3.222471E-06  1.094217E-05
200869 -2.721449E-06  1.039382E-05
200870 -3.917683E-06  6.722035E-06
200871  1.796521E-06  3.836172E-06
200872  6.916886E-06  2.279993E-06
200873  5.444237E-06  1.105014E-06
200874  1.239049E-06  8.857138E-07
200875  5.741434E-07  1.441661E-06
200876  2.816971E-06  1.007614E-06
200877  3.580724E-06 -2.847820E-07
200878  2.228598E-06 -2.686473E-07
200879  1.572815E-06  1.452203E-06
200880  2.854051E-06  3.280033E-06
200881  4.429915E-06  4.722847E-06
200882  4.447735E-06  6.534067E-06
200883  2.897297E-06  8.535070E-06
200884  1.091385E-06  9.874761E-06
200885 -3.485239E-08  1.058271E-05
200886 -6.166566E-07  1.073098E-05
200887 -8.810086E-07  9.099449E-06
200888 -4.296246E-07  4.745893E-06
200889  5.525479E-07 -1.079722E-06
200890  5.991333E-07 -6.201331E-06
200891 -4.941126E-07 -9.355180E-06
200892  8.694187E-08 -9.818452E-06
200893  3.964575E-06 -7.311552E-06
200894  6.942706E-06 -2.981180E-06
200895  3.339480E-06  1.384806E-06
200896 -5.300368E-06  4.857412E-06
200897 -1.052169E-05  6.617301E-06
200898 -6.818623E-06  5.203399E-06
200899  2.210423E-06  5.140812E-07
200900  8.684434E-06 -4.385261E-06
200901  9.060645E-06 -5.418178E-06
200902  6.005772E-06 -1.879638E-06
200903  2.749490E-06  2.420746E-06
200904 -9.713001E-07  3.296750E-06
200905 -5.602583E-06  4.927210E-07
200906 -7.657088E-06 -3.543153E-06
200907 -3.132629E-06 -7.876854E-06
200908  6.014409E-06 -1.339308E-05
200909  1.294781E-05 -1.924833E-05
200910  1.361056E-05 -2.218798E-05
200911  1.005352E-05 -2.063242E-05
200912  6.277618E-06 -1.725283E-05
200913  4.231172E-06 -1.590083E-05
200914  4.150856E-06 -1.766468E-05
200915  5.517833E-06 -2.126605E-05
200916  6.768259E-06 -2.496837E-05
200917  6.151117E-06 -2.602430E-05
200918  3.388001E-06 -2.061248E-05
200919 -5.520396E-07 -7.615950E-06
200920 -4.582166E-06  7.860157E-06
200921 -6.998739E-06  1.724077E-05
200922 -5.349636E-06  1.580242E-05
200923  4.151341E-07  6.306159E-06
200924  5.731094E-06 -4.691303E-06
200925  5.908076E-06 -1.179857E-05
200926  1.951733E-06 -1.190368E-05
200927 -1.671662E-06 -4.940544E-06
200928 -3.122981E-06  4.303594E-06
200929 -3.088041E-06  9.288070E-06
200930 -1.712016E-06  8.555769E-06
200931 -6.175761E-08  5.930984E-06
200932 -1.335254E-06  3.685782E-06
200933 -6.539235E-06  2.055914E-07
200934 -1.184898E-05 -5.079212E-06
200935 -1.306130E-05 -9.285721E-06
200936 -9.827753E-06 -9.815417E-06
200937 -6.132221E-06 -1.567577E-06
200938  1.119148E-06  2.564135E-06
200939  6.612689E-06  8.462530E-06
200940  5.250443E-06  1.166511E-05
200941 -1.127379E-06  7.987193E-06
200942 -3.438236E-06  9.597561E-07
200943  1.912290E-06 -3.331505E-06
200944  7.265053E-06 -5.078890E-06
200945  5.750249E-06 -6.915174E-06
200946  1.111511E-06 -7.680459E-06
200947 -5.873798E-08 -6.506428E-06
200948  1.677200E-06 -5.947159E-06
200949  2.035279E-06 -6.936353E-06
200950  6.457104E-07 -7.122374E-06
200951  2.785786E-07 -5.625067E-06
200952  1.810009E-06 -3.935242E-06
200953  3.440794E-06 -2.341912E-06
200954  3.518943E-06  1.026237E-07
200955  2.263372E-06  2.975540E-06
200956  9.976393E-07  5.250207E-06
200957  4.432505E-07  7.443622E-06
200958  1.505652E-07  1.016000E-05
200959 -2.746228E-07  1.186461E-05
200960 -2.501706E-07  1.067503E-05
200961  3.868510E-07  6.827312E-06
200962  2.886588E-07  1.432384E-06
200963 -7.684292E-07 -4.725759E-06
200964  2.608592E-07 -9.750260E-06
200965  5.161419E-06 -1.132498E-05
200966  9.172590E-06 -9.489342E-06
200967  5.745923E-06 -5.653772E-06
200968 -3.713659E-06 -1.648459E-07
200969 -1.018821E-05  5.968371E-06
200970 -7.610545E-06  9.172045E-06
200971  8.266009E-07  6.407861E-06
200972  7.498239E-06 -7.226488E-07
200973  8.704768E-06 -6.835084E-06
200974  6.578287E-06 -7.973955E-06
200975  3.681058E-06 -5.154704E-06
200976 -9.055505E-07 -1.882303E-06
200977 -7.658155E-06  5.531532E-07
200978 -1.177679E-05  2.773299E-06
200979 -7.415268E-06  3.235502E-06
200980  3.867714E-06 -1.536797E-06
200981  1.374312E-05 -1.163016E-05
200982  1.654619E-05 -2.189009E-05
200983  1.400735E-05 -2.741071E-05
200984  1.055247E-05 -2.867178E-05
200985  8.370311E-06 -2.907489E-05
200986  7.796760E-06 -2.966828E-05
200987  8.505295E-06 -2.903078E-05
200988  8.993676E-06 -2.604556E-05
200989  7.378026E-06 -1.979332E-05
200990  3.437894E-06 -8.974307E-06
200991 -1.392561E-06  5.201198E-06
200992 -5.530760E-06  1.669523E-05
200993 -7.283964E-06  1.852827E-05
200994 -4.758289E-06  9.881821E-06
200995  1.394223E-06 -2.595339E-06
200996  6.254583E-06 -1.132487E-05
200997  5.571974E-06 -1.305237E-05
200998  1.280546E-06 -7.631503E-06
200999 -2.014706E-06  2.615025E-06
201000 -3.360506E-06  1.104621E-05
201001 -3.726389E-06  1.120510E-05
201002 -2.427327E-06  4.928770E-06
201003 -2.822847E-07 -1.386026E-07
201004 -1.324743E-06 -1.090849E-06
201005 -6.872864E-06 -1.507007E-06
201006 -1.253975E-05 -3.496445E-06
201007 -1.405201E-05 -4.821214E-06
201008 -1.147275E-05 -3.926080E-06
201009 -6.098160E-06  1.152506E-06
201010  8.838523E-07  3.064584E-06
201011  6.821737E-06  8.018496E-06
201012  5.905116E-06  1.052286E-05
201013 -4.166955E-07  4.678957E-06
201014 -2.886347E-06 -4.560962E-06
201015  2.260888E-06 -8.851660E-06
201016  7.448336E-06 -9.525702E-06
201017  5.908327E-06 -1.140705E-05
201018  1.252451E-06 -1.268778E-05
201019 -2.289940E-07 -1.103780E-05
201020  9.656332E-07 -9.595990E-06
201021  1.002080E-06 -1.038610E-05
201022 -3.095511E-07 -1.089489E-05
201023 -5.313095E-07 -9.773377E-06
201024  9.065377E-07 -8.507493E-06
201025  2.330515E-06 -7.314716E-06
201026  2.407260E-06 -5.038469E-06
201027  1.490847E-06 -2.159434E-06
201028  7.756492E-07  2.409481E-07
201029  7.114272E-07  3.046402E-06
201030  6.071691E-07  7.246206E-06
201031 -3.980446E-10  1.118566E-05
201032 -3.844729E-07  1.259145E-05
201033 -1.034816E-07  1.116913E-05
201034 -2.948439E-07  6.988502E-06
201035 -1.195850E-06 -3.010728E-08
201036  1.412608E-07 -7.345736E-06
201037  5.533193E-06 -1.126941E-05
201038  1.026548E-05 -1.148285E-05
201039  7.635346E-06 -9.357773E-06
201040 -1.319095E-06 -4.198526E-06
201041 -8.078616E-06  3.826577E-06
201042 -6.816984E-06  1.018359E-05
201043 -1.438330E-07  9.691805E-06
201044  5.381627E-06  2.349967E-06
201045  6.551915E-06 -6.301612E-06
201046  5.239749E-06 -1.048796E-05
201047  3.554979E-06 -9.362530E-06
201048 -6.919990E-08 -5.913186E-06
201049 -6.962341E-06 -1.729365E-06
201050 -1.247561E-05  3.666703E-06
201051 -9.677473E-06  8.196064E-06
201052  1.138076E-06  6.620717E-06
201053  1.183579E-05 -3.073402E-06
201054  1.607443E-05 -1.579823E-05
201055  1.494280E-05 -2.475188E-05
201056  1.251088E-05 -2.857078E-05
201057  1.071963E-05 -3.003295E-05
201058  9.846376E-06 -3.005086E-05
201059  9.827889E-06 -2.713123E-05
201060  9.559430E-06 -2.079594E-05
201061  7.377535E-06 -1.160839E-05
201062  3.077580E-06  1.513352E-07
201063 -1.826320E-06  1.235878E-05
201064 -5.578379E-06  1.929969E-05
201065 -6.640298E-06  1.582831E-05
201066 -3.730660E-06  3.827001E-06
201067  2.024564E-06 -8.267777E-06
201068  5.956296E-06 -1.358143E-05
201069  4.618789E-06 -1.130224E-05
201070  4.709415E-07 -3.168898E-06
201071 -2.277731E-06  7.635284E-06
201072 -3.401163E-06  1.383300E-05
201073 -3.821329E-06  9.734485E-06
201074 -2.358109E-06  2.103928E-07
201075 -6.206272E-09 -4.736129E-06
201076 -1.190695E-06 -3.166898E-06
201077 -6.768303E-06 -9.250520E-07
201078 -1.184861E-05 -8.176249E-07
201079 -1.281921E-05 -5.402555E-07
201080 -1.059869E-05  5.654435E-07
201081 -4.746121E-06  2.024722E-06
201082  1.685209E-06  2.188314E-06
201083  6.924324E-06  6.775529E-06
201084  5.553045E-06  9.202517E-06
201085 -3.061246E-07  2.059588E-06
201086 -1.997290E-06 -8.301374E-06
201087  3.019132E-06 -1.162819E-05
201088  7.495322E-06 -1.065417E-05
201089  5.880509E-06 -1.239692E-05
201090  1.636727E-06 -1.431039E-05
201091  5.199231E-08 -1.245791E-05
201092  6.851295E-07 -1.037832E-05
201093  5.066423E-07 -1.110476E-05
201094 -5.865776E-07 -1.198828E-05
201095 -7.268703E-07 -1.122705E-05
201096  4.459379E-07 -1.036008E-05
201097  1.587304E-06 -9.688349E-06
201098  1.679248E-06 -7.906622E-06
201099  1.089536E-06 -5.402606E-06
201100  8.165151E-07 -3.222110E-06
201101  1.071096E-06 -3.364512E-07
201102  1.043500E-06  4.349072E-06
201103  2.846232E-07  9.166742E-06
201104 -4.583830E-07  1.194982E-05
201105 -6.242991E-07  1.237655E-05
201106 -1.024403E-06  9.727274E-06
201107 -1.786108E-06  3.044065E-06
201108 -3.406951E-07 -4.769785E-06
201109  4.965346E-06 -9.198219E-06
201110  9.983263E-06 -1.022162E-05
201111  8.482572E-06 -9.672245E-06
201112  9.496406E-07 -5.930748E-06
201113 -5.324147E-06  2.058708E-06
201114 -5.189231E-06  9.676264E-06
201115 -5.820333E-07  1.062309E-05
201116  3.303448E-06  3.789381E-06
201117  3.946815E-06 -5.577957E-06
201118  3.094465E-06 -1.092403E-05
201119  2.769403E-06 -1.052373E-05
201120  1.183761E-06 -7.482499E-06
201121 -4.160147E-06 -3.794445E-06
201122 -1.004050E-05  1.674268E-06
201123 -9.509546E-06  7.942013E-06
201124 -1.224224E-06  9.432195E-06
201125  8.289746E-06  2.285557E-06
201126  1.295815E-05 -9.670189E-06
201127  1.305185E-05 -1.910841E-05
201128  1.173590E-05 -2.355773E-05
201129  1.049791E-05 -2.537150E-05
201130  9.545433E-06 -2.537713E-05
201131  9.036474E-06 -2.195249E-05
201132  8.353934E-06 -1.492055E-05
201133  6.234617E-06 -5.659022E-06
201134  2.417481E-06  4.866627E-06
201135 -1.837136E-06  1.449305E-05
201136 -4.851145E-06  1.823973E-05
201137 -5.288798E-06  1.228778E-05
201138 -2.445342E-06 -1.805910E-07
201139  2.304327E-06 -1.047543E-05
201140  5.029345E-06 -1.304424E-05
201141  3.296422E-06 -8.850678E-06
201142 -3.708216E-07 -2.425608E-07
201143 -2.499462E-06  9.769148E-06
201144 -3.189184E-06  1.384875E-05
201145 -3.136336E-06  7.118528E-06
201146 -1.407826E-06 -3.398327E-06
201147  3.873074E-07 -6.871867E-06
201148 -1.761077E-06 -3.144304E-06
201149 -7.360572E-06  3.317885E-07
201150 -1.124243E-05  1.172877E-06
201151 -1.109970E-05  2.195919E-06
201152 -8.775785E-06  3.123102E-06
201153 -2.848183E-06  2.048133E-06
201154  3.221079E-06  1.462502E-06
201155  7.082453E-06  6.120841E-06
201156  4.614637E-06  8.503945E-06
201157 -4.202672E-07  5.271888E-07
201158 -6.213543E-07 -1.008721E-05
201159  4.158093E-06 -1.200778E-05
201160  7.311958E-06 -9.497708E-06
201161  5.528742E-06 -1.125055E-05
201162  2.069690E-06 -1.389918E-05
201163  5.692136E-07 -1.208985E-05
201164  6.329856E-07 -9.634425E-06
201165  3.432492E-07 -1.040479E-05
201166 -3.971787E-07 -1.165974E-05
201167 -4.748930E-07 -1.116685E-05
201168  3.604536E-07 -1.050875E-05
201169  1.246297E-06 -1.020340E-05
201170  1.434071E-06 -8.902421E-06
201171  1.169717E-06 -6.782060E-06
201172  1.204494E-06 -4.762275E-06
201173  1.590549E-06 -1.896322E-06
201174  1.561006E-06  2.705647E-06
201175  7.492561E-07  7.388000E-06
201176 -2.523114E-07  1.041504E-05
201177 -9.595857E-07  1.177010E-05
201178 -1.740441E-06  1.023797E-05
201179 -2.441977E-06  4.193935E-06
201180 -1.096091E-06 -3.191979E-06
201181  3.587609E-06 -6.906772E-06
201182  8.435885E-06 -7.536451E-06
201183  8.182001E-06 -7.751815E-06
201184  2.596973E-06 -5.480710E-06
201185 -2.705056E-06  1.443824E-06
201186 -3.374575E-06  8.834764E-06
201187 -6.097076E-07  1.011586E-05
201188  1.719704E-06  3.683110E-06
201189  1.676803E-06 -5.507216E-06
201190  8.906492E-07 -1.064572E-05
201191  1.633578E-06 -9.764505E-06
201192  2.485058E-06 -6.656079E-06
201193 -9.799576E-08 -4.225494E-06
201194 -5.192188E-06 -7.259742E-07
201195 -6.949913E-06  4.835792E-06
201196 -2.476464E-06  7.915701E-06
201197  4.297431E-06  3.562683E-06
201198  8.398720E-06 -6.076849E-06
201199  9.249759E-06 -1.419652E-05
201200  8.780820E-06 -1.799885E-05
201201  8.010507E-06 -1.968036E-05
201202  7.165682E-06 -2.003565E-05
201203  6.539995E-06 -1.724439E-05
201204  5.927711E-06 -1.106654E-05
201205  4.490991E-06 -3.074584E-06
201206  1.824264E-06  5.700866E-06
201207 -1.309306E-06  1.344640E-05
201208 -3.473596E-06  1.583930E-05
201209 -3.506619E-06  9.680328E-06
201210 -1.156938E-06 -1.682048E-06
201211  2.176876E-06 -1.016114E-05
201212  3.633850E-06 -1.138177E-05
201213  1.824348E-06 -7.070018E-06
201214 -1.116921E-06  7.649638E-07
201215 -2.628663E-06  9.717713E-06
201216 -2.676270E-06  1.257747E-05
201217 -1.706092E-06  4.992977E-06
201218  1.613819E-07 -5.033794E-06
201219  4.788644E-07 -7.057823E-06
201220 -3.411045E-06 -2.574344E-06
201221 -9.018771E-06  6.004993E-07
201222 -1.134736E-05  1.351631E-06
201223 -9.854924E-06  2.932835E-06
201224 -7.043961E-06  3.980420E-06
