Mesh2HRTF 0.1.2
    1
    1  1225
200000 -1.202126E-05 -6.883257E-06
200001 -4.321525E-06 -1.444492E-06
200002 -3.873023E-06 -2.534797E-06
200003 -3.026858E-06 -3.500736E-06
200004 -1.842902E-06 -4.263625E-06
200005 -3.967433E-07 -4.765155E-06
200006  1.233712E-06 -4.970603E-06
200007  2.977291E-06 -4.869044E-06
200008  4.773366E-06 -4.471526E-06
200009  6.571333E-06 -3.808073E-06
200010  8.327811E-06 -2.924134E-06
200011  1.000372E-05 -1.876743E-06
200012  1.156275E-05 -7.304495E-07
200013  1.297150E-05  4.469027E-07
200014  1.420092E-05  1.588368E-06
200015  1.522778E-05  2.631739E-06
200016  1.603533E-05  3.522694E-06
200017  1.661271E-05  4.217037E-06
200018  1.695323E-05  4.682014E-06
200019  1.705232E-05  4.896909E-06
200020  1.690617E-05  4.853260E-06
200021  1.651155E-05  4.554940E-06
200022  1.586720E-05  4.018232E-06
200023  1.497635E-05  3.271755E-06
200024  1.384937E-05  2.355991E-06
200025  1.250574E-05  1.322067E-06
200026  1.097434E-05  2.296148E-07
200027  9.292110E-06 -8.562767E-07
200028  7.501493E-06 -1.868785E-06
200029  5.647892E-06 -2.743415E-06
200030  3.778328E-06 -3.422090E-06
200031  1.942063E-06 -3.857124E-06
200032  1.928969E-07 -4.015038E-06
200033 -1.408246E-06 -3.880196E-06
200034 -2.792626E-06 -3.458029E-06
200035 -3.886989E-06 -2.777257E-06
200036 -4.621891E-06 -1.890176E-06
200037 -4.944266E-06 -8.700495E-07
200038 -4.831477E-06  1.950604E-07
200039 -4.302808E-06  1.211853E-06
200040 -3.424256E-06  2.093576E-06
200041 -2.303999E-06  2.771970E-06
200042 -1.078349E-06  3.206868E-06
200043  1.091090E-07  3.391243E-06
200044  1.130445E-06  3.350444E-06
200045  1.892916E-06  3.135709E-06
200046  2.350633E-06  2.813413E-06
200047  2.506193E-06  2.452429E-06
200048  2.402864E-06  2.112305E-06
200049  2.110353E-06  1.834548E-06
200050  1.708417E-06  1.638474E-06
200051  1.272529E-06  1.521957E-06
200052  8.644573E-07  1.466399E-06
200053  5.287029E-07  1.444461E-06
200054  2.937578E-07  1.428756E-06
200055  1.758483E-07  1.399636E-06
200056  1.824417E-07  1.350568E-06
200057  3.134221E-07  1.290081E-06
200058  5.591931E-07  1.239896E-06
200059  8.965640E-07  1.229578E-06
200060  1.284611E-06  1.288652E-06
200061  1.663288E-06  1.437719E-06
200062  1.957137E-06  1.680420E-06
200063  2.085077E-06  1.998113E-06
200064  1.975250E-06  2.348814E-06
200065  1.581922E-06  2.671149E-06
200066  9.001458E-07  2.893063E-06
200067 -2.622006E-08  2.943873E-06
200068 -1.106146E-06  2.767359E-06
200069 -2.213334E-06  2.333134E-06
200070 -3.206132E-06  1.643814E-06
200071 -3.950863E-06  7.364354E-07
200072 -4.343036E-06 -3.221225E-07
200073 -4.840955E-06 -7.258167E-07
200074 -1.023138E-06 -1.965325E-06
200075  2.650222E-06 -2.413408E-06
200076  4.910876E-06 -2.198202E-06
200077  5.118481E-06 -1.643625E-06
200078  3.406525E-06 -1.079570E-06
200079  5.140414E-07 -6.900411E-07
200080 -2.588660E-06 -4.645541E-07
200081 -5.100643E-06 -2.574342E-07
200082 -6.651946E-06  9.431948E-08
200083 -7.344406E-06  6.646418E-07
200084 -7.596800E-06  1.395810E-06
200085 -7.896692E-06  2.131445E-06
200086 -8.578617E-06  2.697966E-06
200087 -9.709679E-06  2.988510E-06
200088 -1.110059E-05  3.009222E-06
200089 -1.240777E-05  2.870486E-06
200090 -1.327033E-05  2.731901E-06
200091 -1.343225E-05  2.728315E-06
200092 -1.282048E-05  2.909439E-06
200093 -1.156776E-05  3.217935E-06
200094 -9.979157E-06  3.514526E-06
200095 -8.446206E-06  3.639749E-06
200096 -7.321414E-06  3.486642E-06
200097 -6.782294E-06  3.052436E-06
200098 -6.732999E-06  2.443646E-06
200099 -6.798243E-06  1.827575E-06
200100 -6.443142E-06  1.348685E-06
200101 -5.201008E-06  1.049507E-06
200102 -2.928358E-06  8.412741E-07
200103  3.335471E-08  5.499157E-07
200104  2.893455E-06  2.524259E-08
200105  4.672308E-06 -7.391046E-07
200106  4.605280E-06 -1.545046E-06
200107  2.523818E-06 -2.038661E-06
200108 -9.683904E-07 -1.864277E-06
200109 -4.634868E-06 -8.592495E-07
200110 -7.038432E-06  8.092553E-07
200111 -7.104658E-06  2.647199E-06
200112 -4.579194E-06  3.993611E-06
200113 -1.718443E-07  4.274538E-06
200114  4.687490E-06  3.236607E-06
200115  8.382010E-06  1.053903E-06
200116  9.703227E-06 -1.734254E-06
200117  8.263510E-06 -4.415346E-06
200118  4.577408E-06 -6.333583E-06
200119 -1.852879E-07 -7.066544E-06
200120 -4.643657E-06 -6.500119E-06
200121 -7.663639E-06 -4.804589E-06
200122 -8.675081E-06 -2.346783E-06
200123 -7.770586E-06  4.199491E-07
200124 -5.594144E-06  3.054701E-06
200125 -3.088697E-06  5.196492E-06
200126 -1.195533E-06  6.593424E-06
200127 -5.884113E-07  7.100963E-06
200128 -1.497529E-06  6.667808E-06
200129 -3.650412E-06  5.329103E-06
200130 -6.337260E-06  3.215640E-06
200131 -8.593175E-06  5.707071E-07
200132 -9.469344E-06 -2.245416E-06
200133 -8.336303E-06 -4.782864E-06
200134 -5.134540E-06 -6.570120E-06
200135 -4.788186E-07 -7.216345E-06
200136  4.451624E-06 -6.527169E-06
200137  8.241775E-06 -4.599234E-06
200138  9.707314E-06 -1.849764E-06
200139  8.341143E-06  1.055494E-06
200140  4.556213E-06  3.379808E-06
200141 -4.044212E-07  4.550068E-06
200142 -4.889839E-06  4.356374E-06
200143 -7.444051E-06  3.022803E-06
200144 -7.343266E-06  1.107765E-06
200145 -2.520375E-06 -5.569482E-06
200146  6.744841E-06 -5.048609E-06
200147  1.261396E-05 -1.922613E-06
200148  1.281433E-05  2.040299E-06
200149  7.761009E-06  4.731440E-06
200150  1.177244E-07  4.873066E-06
200151 -6.505425E-06  2.638681E-06
200152 -9.203013E-06 -5.887744E-07
200153 -7.070194E-06 -3.112099E-06
200154 -1.469792E-06 -3.874665E-06
200155  4.887688E-06 -2.910282E-06
200156  9.462734E-06 -1.125419E-06
200157  1.105825E-05  3.174525E-07
200158  1.003740E-05  5.943902E-07
200159  7.688658E-06 -4.850203E-07
200160  5.326184E-06 -2.518661E-06
200161  3.697978E-06 -4.766137E-06
200162  2.919529E-06 -6.459171E-06
200163  2.787836E-06 -7.054529E-06
200164  3.162953E-06 -6.378908E-06
200165  4.142061E-06 -4.660920E-06
200166  5.913072E-06 -2.461858E-06
200167  8.379690E-06 -5.153447E-07
200168  1.082663E-05  5.095551E-07
200169  1.195183E-05  2.789224E-07
200170  1.043700E-05 -9.934548E-07
200171  5.858803E-06 -2.523582E-06
200172 -6.347632E-07 -3.234571E-06
200173 -6.498732E-06 -2.307553E-06
200174 -8.951576E-06  2.419368E-07
200175 -6.528837E-06  3.356789E-06
200176 -6.181771E-08  5.367986E-06
200177  7.550288E-06  4.922650E-06
200178  1.264553E-05  1.871305E-06
200179  1.249778E-05 -2.476638E-06
200180  6.664627E-06 -5.958060E-06
200181 -2.565006E-06 -6.732300E-06
200182 -1.096177E-05 -4.379905E-06
200183 -1.432669E-05 -2.492807E-07
200184 -1.083328E-05  3.268781E-06
200185 -2.301569E-06  4.205299E-06
200186  6.688289E-06  2.282662E-06
200187  1.147804E-05 -9.493282E-07
200188  1.001214E-05 -3.254547E-06
200189  3.703838E-06 -3.245311E-06
200190 -3.850428E-06 -1.125987E-06
200191 -9.081852E-06  1.782686E-06
200192 -1.006223E-05  4.102744E-06
200193 -6.882502E-06  5.085155E-06
200194 -1.099390E-06  4.583131E-06
200195  5.189503E-06  2.730126E-06
200196  1.025361E-05 -1.573361E-07
200197  1.333090E-05 -3.426109E-06
200198  1.465664E-05 -6.065769E-06
200199  1.489671E-05 -7.075818E-06
200200  1.439352E-05 -6.016845E-06
200201  1.282673E-05 -3.285992E-06
200202  9.569870E-06  1.252965E-07
200203  4.441733E-06  3.171943E-06
200204 -1.752677E-06  5.141321E-06
200205 -7.283591E-06  5.667255E-06
200206 -1.011418E-05  4.603944E-06
200207 -8.794086E-06  2.127925E-06
200208 -3.342863E-06 -9.557488E-07
200209  4.245555E-06 -3.208616E-06
200210  1.041216E-05 -3.260095E-06
200211  1.164059E-05 -8.747968E-07
200212  6.627346E-06  2.563485E-06
200213 -2.487167E-06  4.785620E-06
200214 -1.102260E-05  4.170367E-06
200215 -1.443881E-05  9.026383E-07
200216 -1.098116E-05 -3.129056E-06
200217  6.033121E-06 -1.562631E-06
200218  2.951265E-06 -1.300392E-06
200219 -2.693638E-06  4.379903E-07
200220 -6.126016E-06  2.360913E-06
200221 -5.937043E-06  2.973219E-06
200222 -4.092266E-06  1.346417E-06
200223 -2.224661E-06 -1.736988E-06
200224  4.693380E-08 -3.946247E-06
200225  3.052321E-06 -3.411043E-06
200226  5.092350E-06 -5.090586E-07
200227  3.750597E-06  2.602589E-06
200228 -1.244352E-06  4.014082E-06
200229 -7.286378E-06  3.395134E-06
200230 -1.099438E-05  1.685200E-06
200231 -1.068742E-05  3.476224E-08
200232 -7.067016E-06 -9.027050E-07
200233 -2.228742E-06 -1.088233E-06
200234  1.652180E-06 -8.910699E-07
200235  3.097673E-06 -7.677980E-07
200236  1.578616E-06 -9.475436E-07
200237 -2.428071E-06 -1.277081E-06
200238 -7.434041E-06 -1.323589E-06
200239 -1.117465E-05 -6.650573E-07
200240 -1.143649E-05  7.800722E-07
200241 -7.463090E-06  2.502640E-06
200242 -1.009357E-06  3.433867E-06
200243  4.356480E-06  2.560065E-06
200244  5.831241E-06 -2.137700E-08
200245  3.615454E-06 -2.648708E-06
200246  2.504157E-07 -3.242305E-06
200247 -2.321862E-06 -1.291936E-06
200248 -4.258259E-06  1.520701E-06
200249 -5.972086E-06  2.932621E-06
200250 -6.019480E-06  2.094468E-06
200251 -2.603180E-06 -1.341076E-07
200252  2.855724E-06 -2.219747E-06
200253  5.717810E-06 -2.742913E-06
200254  3.227012E-06 -8.648000E-07
200255 -1.349353E-06  2.707664E-06
200256 -1.833884E-06  5.173396E-06
200257  3.184260E-06  3.514995E-06
200258  7.753325E-06 -1.949482E-06
200259  5.296021E-06 -6.605795E-06
200260 -3.142842E-06 -5.695655E-06
200261 -9.607884E-06  3.120355E-07
200262 -8.080683E-06  5.705627E-06
200263 -4.155873E-07  5.514432E-06
200264  7.002510E-06  6.342906E-07
200265  1.006500E-05 -3.739023E-06
200266  8.767696E-06 -3.991792E-06
200267  4.138756E-06 -1.342002E-06
200268 -3.676190E-06  4.185121E-07
200269 -1.378949E-05 -7.854049E-07
200270 -2.285742E-05 -3.611307E-06
200271 -2.652223E-05 -5.143399E-06
200272 -2.279888E-05 -3.887869E-06
200273 -1.376828E-05 -1.175005E-06
200274 -3.784589E-06  1.344073E-07
200275  3.908676E-06 -1.387079E-06
200276  8.529068E-06 -3.824809E-06
200277  9.956273E-06 -3.509329E-06
200278  7.092366E-06  7.751127E-07
200279 -1.789110E-07  5.517443E-06
200280 -7.853361E-06  5.625706E-06
200281 -9.574338E-06  2.188701E-07
200282 -3.411999E-06 -5.782562E-06
200283  4.766852E-06 -6.676939E-06
200284  7.155072E-06 -1.921467E-06
200285  2.762335E-06  3.800151E-06
200286 -1.915814E-06  5.841662E-06
200287 -1.103870E-06  3.743423E-06
200288  3.622408E-06  3.669031E-07
200289  8.909466E-06  2.298453E-06
200290 -3.158462E-06  3.505094E-06
200291 -1.127293E-05  4.629803E-07
200292 -5.421098E-06 -1.806884E-06
200293  7.208428E-06 -6.622804E-07
200294  1.244939E-05  6.257342E-07
200295  6.735595E-06 -4.664846E-07
200296 -1.125647E-06 -1.162650E-06
200297 -3.644707E-06  1.207380E-06
200298 -2.629117E-06  4.009154E-06
200299 -2.547558E-06  3.262632E-06
200300 -2.802444E-06 -4.746345E-07
200301 -1.445125E-07 -3.354694E-06
200302  5.189108E-06 -3.240343E-06
200303  9.464676E-06 -1.024429E-06
200304  1.010792E-05  1.671128E-06
200305  7.948007E-06  4.020218E-06
200306  5.452928E-06  5.608249E-06
200307  4.462569E-06  5.991194E-06
200308  5.540666E-06  5.017258E-06
200309  8.062526E-06  3.079598E-06
200310  1.016390E-05  7.145060E-07
200311  9.438434E-06 -1.793336E-06
200312  5.156726E-06 -3.878621E-06
200313 -1.051922E-07 -4.057775E-06
200314 -2.723949E-06 -1.277548E-06
200315 -2.534867E-06  2.600410E-06
200316 -2.746805E-06  3.731576E-06
200317 -3.890818E-06  1.235325E-06
200318 -1.450831E-06 -1.145920E-06
200319  6.445747E-06 -6.235751E-07
200320  1.232673E-05  4.324715E-07
200321  7.267439E-06 -7.205543E-07
200322 -5.292254E-06 -1.762780E-06
200323 -1.116074E-05  4.862733E-07
200324 -3.073632E-06  3.489232E-06
200325  8.927558E-06  2.279224E-06
200326  9.270254E-06 -2.300126E-06
200327 -3.122632E-06 -4.126787E-06
200328 -1.246467E-05 -8.901936E-07
200329 -6.824498E-06  2.039493E-06
200330  4.632114E-06 -3.846547E-07
200331  4.466350E-06 -4.298535E-06
200332 -6.269652E-06 -1.968291E-06
200333 -9.022770E-06  5.323413E-06
200334  2.727305E-06  7.102123E-06
200335  1.223129E-05 -1.070259E-06
200336  5.001697E-06 -9.939541E-06
200337 -9.986970E-06 -8.953954E-06
200338 -1.467933E-05  5.228971E-08
200339 -5.596706E-06  7.071520E-06
200340  6.984447E-06  7.161892E-06
200341  1.501144E-05  3.838182E-06
200342  1.836838E-05  1.676004E-06
200343  1.929545E-05  1.208241E-06
200344  1.850023E-05  1.665492E-06
200345  1.506591E-05  3.878589E-06
200346  6.818969E-06  7.317034E-06
200347 -5.897477E-06  7.364247E-06
200348 -1.493192E-05  4.362745E-07
200349 -1.009038E-05 -8.626702E-06
200350  5.038526E-06 -9.850695E-06
200351  1.234255E-05 -1.232723E-06
200352  2.815814E-06  6.913689E-06
200353 -9.049795E-06  5.306570E-06
200354 -6.425904E-06 -1.911295E-06
200355  4.277288E-06 -4.392574E-06
200356  4.552175E-06 -6.149193E-07
200357 -6.710977E-06  1.907885E-06
200358 -1.219941E-05 -8.218459E-07
200359 -2.856531E-06 -3.997391E-06
200360  9.398498E-06 -2.238488E-06
200361 -3.976543E-07  3.300497E-06
200362 -3.416743E-06  4.679135E-06
200363 -9.532176E-07 -1.790073E-06
200364  4.484426E-06 -5.595619E-06
200365  6.132983E-06 -1.178028E-07
200366 -1.215266E-06  4.588948E-06
200367 -1.067389E-05  5.768536E-07
200368 -9.556915E-06 -3.774850E-06
200369  8.498928E-07 -1.411320E-06
200370  6.964580E-06  1.038611E-06
200371  4.183749E-06 -1.798696E-06
200372  8.151782E-07 -4.290149E-06
200373  1.661013E-06 -1.390461E-06
200374  1.678044E-06  3.100342E-06
200375 -3.217769E-06  4.056376E-06
200376 -9.448942E-06  2.111344E-06
200377 -1.203533E-05  4.219379E-07
200378 -1.111203E-05 -1.220985E-07
200379 -1.013239E-05 -3.769231E-07
200380 -1.093412E-05 -6.597801E-07
200381 -1.175839E-05 -1.942069E-07
200382 -9.310144E-06  1.898512E-06
200383 -3.391422E-06  4.476602E-06
200384  1.405970E-06  4.060977E-06
200385  1.673908E-06 -3.748180E-07
200386  1.071996E-06 -3.818099E-06
200387  4.220425E-06 -1.924267E-06
200388  6.568124E-06  9.389157E-07
200389  3.064859E-07 -9.464751E-07
200390 -9.941126E-06 -2.907058E-06
200391 -1.085378E-05  1.346126E-06
200392 -1.272015E-06  5.033211E-06
200393  6.031591E-06 -5.776270E-10
200394  4.231728E-06 -5.856921E-06
200395 -1.133411E-06 -2.320962E-06
200396 -3.257905E-06  4.328840E-06
200397 -5.649661E-08  3.433566E-06
200398  4.333159E-06 -2.533055E-06
200399  1.462841E-06 -4.231787E-06
200400 -6.389522E-06  8.192550E-07
200401 -3.183165E-06  6.264896E-06
200402  1.139238E-05  5.061915E-06
200403  1.290753E-05 -7.427362E-07
200404 -3.979028E-06 -1.887641E-06
200405 -9.315245E-06  2.637424E-06
200406  7.105067E-06  2.730108E-06
200407  1.346950E-05 -2.783582E-06
200408 -3.375449E-06 -1.302582E-06
200409 -1.247213E-05  8.830382E-06
200410  2.053228E-06  1.157709E-05
200411  1.414958E-05 -3.542892E-07
200412  5.603801E-06 -1.321375E-05
200413 -6.714139E-06 -1.164052E-05
200414 -6.334891E-06  1.672750E-06
200415 -2.537178E-06  9.529463E-06
200416 -6.016148E-06  1.853900E-06
200417 -6.449195E-06 -1.131496E-05
200418  5.660344E-06 -1.294598E-05
200419  1.420122E-05 -3.226072E-07
200420  2.212703E-06  1.153046E-05
200421 -1.234895E-05  8.979298E-06
200422 -3.370426E-06 -1.035058E-06
200423  1.346488E-05 -2.639633E-06
200424  7.118838E-06  2.859163E-06
200425 -9.434038E-06  2.956757E-06
200426 -4.280785E-06 -1.675777E-06
200427  1.258400E-05 -1.032716E-06
200428  1.117085E-05  4.609720E-06
200429 -3.319545E-06  6.299240E-06
200430 -6.459211E-06  1.232605E-06
200431  1.404876E-06 -4.099492E-06
200432  4.127404E-06 -2.806875E-06
200433 -9.415032E-06 -2.075867E-06
200434  3.892321E-06  2.948495E-06
200435  6.597661E-06  4.909434E-07
200436 -2.916808E-06 -4.764622E-06
200437 -5.969786E-06  9.223835E-07
200438 -2.092549E-06  5.762049E-06
200439  1.922061E-06 -1.397411E-06
200440  7.009970E-06 -5.181011E-06
200441  8.256661E-06  1.025560E-06
200442  1.008693E-07  3.434167E-06
200443 -8.459727E-06 -3.297599E-07
200444 -7.748079E-06  3.169087E-08
200445 -3.129658E-06  4.090579E-06
200446 -2.892179E-06  3.286545E-06
200447 -4.178435E-06 -2.233443E-06
200448 -6.430826E-07 -5.377357E-06
200449  6.048287E-06 -4.373152E-06
200450  1.043406E-05 -3.049104E-06
200451  1.165058E-05 -3.058925E-06
200452  1.087231E-05 -3.522552E-06
200453  6.841084E-06 -4.628074E-06
200454  2.139765E-07 -5.300343E-06
200455 -3.773706E-06 -2.146495E-06
200456 -3.116857E-06  3.664226E-06
200457 -3.357169E-06  5.119253E-06
200458 -7.416606E-06  1.056429E-06
200459 -8.077612E-06 -2.061397E-07
200460 -1.483661E-07  2.984777E-06
200461  7.720067E-06  1.048243E-06
200462  6.728355E-06 -4.551687E-06
200463  1.781987E-06 -8.902012E-07
200464 -2.227142E-06  5.918863E-06
200465 -6.112440E-06  1.069210E-06
200466 -3.119557E-06 -4.633849E-06
200467  6.565742E-06  4.145899E-07
200468  3.994881E-06  2.867387E-06
200469 -9.705563E-06 -1.837053E-06
200470 -6.417676E-06 -1.456948E-06
200471  1.064289E-05  2.752556E-06
200472  7.834457E-06  1.483276E-06
200473 -9.134952E-06 -2.754843E-06
200474 -6.393778E-06 -4.008718E-06
200475  3.950404E-06 -3.766433E-06
200476 -6.694097E-06 -3.280794E-06
200477 -1.317460E-05 -6.190837E-07
200478  3.599871E-06 -3.524214E-07
200479  4.650725E-06 -4.509869E-06
200480 -1.405685E-05 -3.132362E-06
200481 -5.372933E-06  1.983463E-06
200482  1.812598E-05 -7.237758E-07
200483  6.055002E-06 -3.420569E-06
200484 -2.686706E-05  1.993842E-06
200485 -3.373875E-05  6.920101E-06
200486 -1.302357E-05  8.860233E-06
200487  5.857102E-07  9.917590E-06
200488 -1.285131E-05  8.920586E-06
200489 -3.378235E-05  7.301794E-06
200490 -2.709198E-05  2.552958E-06
200491  6.062686E-06 -3.209275E-06
200492  1.838736E-05 -9.146069E-07
200493 -5.247466E-06  1.861107E-06
200494 -1.415746E-05 -3.084828E-06
200495  4.712988E-06 -4.593702E-06
200496  4.007507E-06 -4.257639E-07
200497 -1.279817E-05 -2.992296E-07
200498 -6.567903E-06 -2.922529E-06
200499  4.156205E-06 -3.907055E-06
200500 -6.012460E-06 -4.124243E-06
200501 -8.997927E-06 -2.161269E-06
200502  7.701172E-06  2.215591E-06
200503  1.082282E-05  2.794551E-06
200504 -5.850150E-06 -1.879616E-06
200505  8.905510E-07 -6.018491E-06
200506  9.881975E-06  2.548369E-07
200507 -1.387055E-06  5.029135E-06
200508 -9.735948E-06 -2.122683E-06
200509  1.470309E-06 -5.192656E-07
200510  9.220086E-06  2.586327E-06
200511  2.453736E-06 -3.242774E-06
200512 -4.227048E-06 -1.220554E-06
200513 -6.669163E-06  4.937090E-06
200514 -6.205299E-06  1.517000E-06
200515  9.812430E-07 -2.515883E-06
200516  8.668517E-06 -6.695128E-07
200517  7.696756E-06 -8.315072E-07
200518  2.702006E-06 -4.898108E-06
200519  2.449118E-06 -5.981560E-06
200520  4.786857E-06 -1.701552E-06
200521  2.173103E-06  2.930596E-06
200522 -4.905929E-06  3.802050E-06
200523 -8.517723E-06  2.848681E-06
200524 -4.512438E-06  3.020653E-06
200525  2.460010E-06  2.359166E-06
200526  5.262580E-06 -1.771386E-06
200527  3.358997E-06 -5.969557E-06
200528  3.277710E-06 -4.689344E-06
200529  7.713962E-06  5.640410E-09
200530  9.036457E-06  2.984295E-07
200531  1.672807E-06 -2.383652E-06
200532 -6.251816E-06  9.707706E-07
200533 -7.081249E-06  4.616570E-06
200534 -3.943532E-06 -1.383102E-06
200535  3.133736E-06 -4.022735E-06
200536  9.928402E-06  1.524583E-06
200537  2.061522E-06 -9.855021E-07
200538 -9.638019E-06 -2.163045E-06
200539 -1.382571E-06  5.176198E-06
200540  9.727357E-06  7.189769E-07
200541 -4.886463E-08 -5.482667E-06
200542 -9.091171E-06  1.428752E-06
200543  1.762094E-06  3.452048E-06
200544  7.339127E-06 -2.169607E-06
200545 -7.336125E-06 -3.264803E-06
200546 -8.522558E-06  1.158778E-06
200547  1.122639E-05  6.562558E-06
200548  8.744270E-06  5.249681E-06
200549 -3.726092E-06  2.079956E-06
200550  1.011041E-05  5.322311E-06
200551  9.362602E-06  4.197798E-06
200552 -9.700202E-06  1.205324E-06
200553  2.792690E-06  8.990340E-07
200554  6.361178E-06 -7.649502E-06
200555 -1.629155E-05 -7.705568E-06
200556  4.008471E-07  1.791731E-07
200557  3.609039E-05 -1.288733E-05
200558  3.834910E-05 -2.873007E-05
200559  3.057095E-05 -3.085911E-05
200560  3.832255E-05 -2.893761E-05
200561  3.579090E-05 -1.300002E-05
200562 -5.819446E-08  2.978483E-07
200563 -1.652813E-05 -7.630898E-06
200564  6.437894E-06 -7.701821E-06
200565  2.911451E-06  9.480884E-07
200566 -9.763799E-06  1.278579E-06
200567  9.377267E-06  4.037950E-06
200568  1.054926E-05  5.094294E-06
200569 -3.289550E-06  2.183645E-06
200570  8.685094E-06  5.497558E-06
200571  1.113435E-05  6.557225E-06
200572 -8.216496E-06  1.363299E-06
200573 -7.178081E-06 -2.613536E-06
200574  6.817071E-06 -1.999492E-06
200575  1.376703E-06  2.876922E-06
200576 -8.353180E-06  8.196659E-07
200577  7.098368E-06 -3.818962E-06
200578 -1.556612E-06 -4.315538E-06
200579 -7.157306E-06  5.561951E-06
200580  8.832242E-07 -2.069437E-06
200581  6.876897E-06 -1.965964E-06
200582 -2.466573E-06  1.218133E-06
200583 -1.039722E-05 -8.785746E-07
200584 -3.648581E-06  4.131179E-06
200585  4.337252E-06  2.300799E-06
200586  5.683831E-06 -4.744448E-06
200587  4.482124E-06 -2.357329E-06
200588 -1.587032E-06  4.787138E-07
200589 -8.831882E-06 -1.849899E-06
200590 -8.488640E-06 -1.286633E-06
200591 -3.325322E-06  2.488135E-06
200592 -2.354153E-06  3.237116E-06
200593 -5.562840E-06  1.213701E-06
200594 -6.426933E-06  5.419975E-07
200595 -5.335889E-06  8.672156E-07
200596 -6.097866E-06  3.150675E-07
200597 -5.980715E-06  5.754991E-07
200598 -2.955003E-06  2.777828E-06
200599 -3.144410E-06  3.037400E-06
200600 -8.198568E-06 -2.707642E-07
200601 -9.175762E-06 -1.265011E-06
200602 -1.957242E-06  5.152719E-07
200603  4.652546E-06 -2.538546E-06
200604  5.469510E-06 -4.604334E-06
200605  3.730370E-06  2.862914E-06
200606 -3.400587E-06  4.568864E-06
200607 -9.742137E-06 -1.141089E-06
200608 -1.646152E-06  7.273095E-07
200609  7.797233E-06 -2.272443E-06
200610  1.000721E-06 -2.878816E-06
200611 -7.051260E-06  5.135874E-06
200612 -1.426304E-06 -3.272977E-06
200613  6.317493E-06 -2.780945E-06
200614  1.407975E-06  8.423194E-06
200615 -7.667715E-06 -2.755502E-06
200616  9.808404E-07 -5.547208E-06
200617  7.472383E-06  6.727605E-06
200618 -2.801788E-06  2.878734E-06
200619  2.024704E-06 -1.838530E-06
200620  3.144117E-06 -1.914715E-06
200621 -1.289906E-05 -8.735443E-06
200622 -1.230238E-06 -2.668325E-06
200623  3.102574E-06  1.208371E-07
200624 -1.065341E-05 -3.472021E-06
200625  9.977018E-06  1.088558E-05
200626 -2.126275E-06  1.395921E-06
200627 -1.855357E-05 -1.752067E-05
200628  3.625549E-05 -5.387590E-06
200629  2.883763E-05  5.177093E-06
200630 -4.398641E-05  2.956999E-05
200631 -7.088234E-05  5.422131E-05
200632 -4.398701E-05  2.966975E-05
200633  2.891819E-05  5.008342E-06
200634  3.642635E-05 -5.864962E-06
200635 -1.832685E-05 -1.804724E-05
200636 -1.794161E-06  1.254262E-06
200637  1.045468E-05  1.118195E-05
200638 -1.028344E-05 -3.223459E-06
200639  3.221954E-06  1.614663E-07
200640 -9.708548E-07 -2.652990E-06
200641 -1.256976E-05 -8.621317E-06
200642  3.086971E-06 -1.836177E-06
200643  1.791065E-06 -2.027457E-06
200644 -2.830358E-06  2.836424E-06
200645  7.731467E-06  7.112184E-06
200646  8.154143E-07 -5.388998E-06
200647 -8.419682E-06 -2.863594E-06
200648  1.622069E-06  8.204182E-06
200649 -3.217727E-06 -2.913371E-06
200650 -7.839750E-06 -4.556270E-06
200651  3.101873E-06  5.467177E-06
200652  7.337729E-06 -4.125929E-06
200653 -3.907844E-06  9.406469E-08
200654 -7.950630E-06  2.812085E-06
200655  1.988839E-06  2.835353E-07
200656  9.622282E-06  2.829032E-06
200657  5.978115E-06 -3.796037E-06
200658 -3.138307E-06 -2.968632E-06
200659 -7.328473E-06  4.830627E-06
200660 -6.549606E-06  2.908640E-06
200661 -1.500769E-07  6.762322E-07
200662  7.888009E-06  3.963329E-06
200663  1.109042E-05  4.659850E-06
200664  9.194388E-06 -3.426303E-07
200665  7.693603E-06 -5.122126E-06
200666  1.127089E-05 -3.898624E-06
200667  1.440418E-05 -1.216993E-06
200668  1.142423E-05 -3.150627E-06
200669  7.716118E-06 -5.441299E-06
200670  9.387308E-06 -1.263348E-06
200671  1.135205E-05  5.079671E-06
200672  8.040729E-06  4.604722E-06
200673  1.240383E-07  3.646750E-07
200674 -6.682285E-06  2.246497E-06
200675 -7.353995E-06  4.368199E-06
200676 -2.887651E-06 -2.859964E-06
200677  5.880229E-06 -3.673149E-06
200678  1.003871E-05  2.817339E-06
200679  2.204604E-06  4.231713E-07
200680 -7.901636E-06  3.193112E-06
200681 -3.420305E-06  3.600114E-07
200682  7.223873E-06 -4.950024E-06
200683  3.350309E-06  5.148919E-06
200684 -7.368022E-06 -3.214160E-06
200685 -3.787793E-06 -2.148348E-06
200686  9.411945E-06  7.988920E-06
200687 -1.410527E-06 -6.136896E-06
200688 -6.193611E-06 -3.645937E-06
200689  9.615801E-06  8.231974E-06
200690 -2.730057E-06 -4.940483E-06
200691 -9.783158E-06 -1.116764E-05
200692  4.817982E-06  3.701587E-06
200693 -5.333800E-06 -1.631087E-06
200694 -3.898562E-07 -9.745670E-09
200695  5.511461E-06  2.637717E-06
200696 -1.254200E-05 -1.481820E-05
200697  1.126501E-05  6.459899E-06
200698 -1.824986E-06  3.180441E-06
200699 -3.801908E-06 -1.814646E-05
200700  4.071926E-05  1.930023E-05
200701 -5.099301E-05  1.826317E-05
200702 -6.572680E-05 -4.736662E-06
200703  1.594973E-05  1.937411E-06
200704 -6.594388E-05 -4.381320E-06
200705 -5.099303E-05  1.844225E-05
200706  4.099676E-05  1.897584E-05
200707 -3.489090E-06 -1.876141E-05
200708 -1.688147E-06  2.923840E-06
200709  1.133375E-05  6.633106E-06
200710 -1.238019E-05 -1.480154E-05
200711  5.517228E-06  2.497453E-06
200712 -4.727707E-07  3.714862E-08
200713 -5.361781E-06 -1.390637E-06
200714  4.848852E-06  3.879781E-06
200715 -9.563810E-06 -1.124291E-05
200716 -2.716401E-06 -5.056386E-06
200717  9.845591E-06  8.400900E-06
200718 -5.895458E-06 -3.258884E-06
200719 -2.098766E-06 -5.416491E-06
200720  9.289996E-06  8.625966E-06
200721 -9.853763E-06 -1.440189E-06
200722  2.690890E-06  6.430334E-07
200723  6.012824E-06  3.011503E-06
200724 -1.566430E-06 -5.919038E-06
200725 -8.171951E-06  4.774995E-06
200726  4.491631E-06  1.001355E-06
200727  9.542517E-06 -3.057798E-06
200728 -2.428715E-06 -5.423030E-07
200729 -8.111948E-06 -3.722616E-06
200730 -6.254299E-06  4.086765E-06
200731  1.848654E-06  4.637630E-06
200732  8.167726E-06 -2.865619E-06
200733  1.013592E-05 -1.515945E-06
200734  5.109029E-06 -2.567986E-07
200735 -1.290841E-06 -1.574898E-06
200736 -3.397810E-06 -7.280700E-07
200737 -4.574792E-06 -4.164204E-07
200738 -5.604645E-06  3.507115E-07
200739 -6.343945E-06  1.565500E-06
200740 -5.814827E-06  1.248532E-06
200741 -4.232209E-06 -2.228354E-07
200742 -2.712661E-06 -9.316378E-07
200743 -1.391887E-06 -6.824260E-07
200744  4.737445E-06 -2.604913E-07
200745  1.100661E-05 -2.193933E-06
200746  8.410131E-06 -2.933707E-06
200747  1.409589E-06  4.329972E-06
200748 -5.840191E-06  3.819048E-06
200749 -7.928930E-06 -4.517905E-06
200750 -1.742454E-06 -1.437640E-06
200751  9.873170E-06 -3.078755E-06
200752  4.252773E-06  1.422339E-06
200753 -7.898411E-06  5.223789E-06
200754 -1.654210E-06 -6.241430E-06
200755  6.255115E-06  3.078477E-06
200756  3.208177E-06  1.330793E-06
200757 -1.014953E-05 -1.694431E-06
200758  4.683497E-06 -8.220150E-07
200759  7.602928E-06 -2.540205E-06
200760 -1.017713E-05  3.419837E-06
200761  1.914353E-06 -1.817391E-06
200762  2.113573E-06 -2.033780E-06
200763 -7.703580E-06 -7.358547E-07
200764  9.653029E-06  1.322633E-05
200765  3.751808E-06  7.293075E-06
200766 -4.352186E-07  1.557842E-06
200767  1.028517E-05  1.475109E-05
200768 -1.067625E-05 -9.755452E-06
200769  8.301091E-06 -4.813403E-07
200770 -4.020657E-06 -3.883257E-06
200771  4.253603E-06 -1.643166E-05
200772  3.080656E-05  4.380255E-05
200773 -1.029043E-04 -2.449502E-05
200774  5.353237E-05 -1.558001E-04
200775  3.145470E-04 -1.822537E-04
200776  5.321318E-05 -1.558579E-04
200777 -1.031779E-04 -2.441896E-05
200778  3.074770E-05  4.368397E-05
200779  4.387485E-06 -1.684880E-05
200780 -4.099069E-06 -4.220902E-06
200781  7.949919E-06 -6.254496E-07
200782 -1.078755E-05 -9.927051E-06
200783  1.029156E-05  1.451324E-05
200784 -4.957249E-07  1.506507E-06
200785  3.622811E-06  7.499869E-06
200786  9.482743E-06  1.327455E-05
200787 -7.574005E-06 -7.120792E-07
200788  1.997079E-06 -1.881500E-06
200789  1.959853E-06 -1.849462E-06
200790 -9.773285E-06  3.240025E-06
200791  7.061559E-06 -2.139726E-06
200792  4.408912E-06  1.083808E-07
200793 -3.953116E-06  3.195594E-06
200794  1.133256E-05  2.229297E-06
200795 -5.415974E-06 -2.072520E-06
200796 -4.394803E-06 -3.509620E-06
200797  6.397554E-07  7.574735E-06
200798  9.029129E-06 -4.693833E-06
200799 -2.390674E-06 -3.515576E-06
200800 -1.301560E-05  1.604390E-06
200801 -2.545053E-06  1.091723E-06
200802  5.197934E-06  5.303138E-06
200803  9.650475E-06 -3.471809E-06
200804  4.084059E-06 -6.513609E-06
200805 -4.456573E-06 -2.014567E-07
200806 -1.245822E-05 -2.476043E-06
200807 -1.410499E-05 -3.095686E-06
200808 -9.214358E-06  3.078097E-06
200809 -6.975837E-06  4.855377E-06
200810 -8.360435E-06  2.890199E-06
200811 -1.019952E-05  1.535967E-06
200812 -8.541152E-06  3.192977E-06
200813 -6.763815E-06  5.172363E-06
200814 -9.394513E-06  3.558046E-06
200815 -1.514965E-05 -1.577949E-06
200816 -1.355741E-05 -2.764968E-06
200817 -4.155382E-06 -8.805753E-07
200818  3.717097E-06 -5.995128E-06
200819  8.375930E-06 -3.766798E-06
200820  5.053964E-06  5.006469E-06
200821 -2.786292E-06  2.721561E-07
200822 -1.240265E-05  6.497116E-07
200823 -1.840784E-06 -3.630123E-06
200824  8.938591E-06 -4.731495E-06
200825  1.025683E-06  7.769162E-06
200826 -4.210370E-06 -3.642144E-06
200827 -5.340882E-06 -2.078918E-06
200828  1.176502E-05  2.300804E-06
200829 -3.840969E-06  2.945478E-06
200830 -4.377383E-06 -6.873766E-06
200831  6.672681E-06 -4.421263E-08
200832 -6.033363E-06  9.480673E-06
200833 -1.625556E-06 -1.183051E-05
200834  5.398246E-06  7.205051E-06
200835 -4.109597E-06  6.879183E-06
200836  3.458269E-06 -6.647999E-07
200837  1.887978E-06 -1.051863E-06
200838 -7.264446E-06 -1.223395E-05
200839  7.866936E-06  1.127028E-05
200840 -9.882571E-06  6.383551E-07
200841  3.638705E-06  5.152790E-07
200842 -5.442554E-06 -4.767636E-06
200843  1.498734E-06 -2.043092E-05
200844  2.411484E-05  4.926266E-05
200845 -1.052271E-04 -5.202370E-05
200846  1.288369E-04 -1.917320E-04
200847  4.595182E-04 -1.830624E-04
200848  1.287444E-04 -1.921055E-04
200849 -1.054458E-04 -5.208215E-05
200850  2.393800E-05  4.922298E-05
200851  1.570931E-06 -2.054569E-05
200852 -5.479275E-06 -4.974531E-06
200853  3.437026E-06  2.589605E-07
200854 -9.912500E-06  6.108429E-07
200855  7.884735E-06  1.124860E-05
200856 -7.155367E-06 -1.228838E-05
200857  2.049587E-06 -8.904330E-07
200858  3.368562E-06 -8.569441E-07
200859 -4.195883E-06  6.774249E-06
200860  5.172953E-06  7.513138E-06
200861 -1.430049E-06 -1.188754E-05
200862 -5.317160E-06  8.786965E-06
200863  6.676908E-06 -2.579360E-07
200864 -4.471277E-06 -6.529506E-06
200865  4.053751E-06  5.859353E-06
200866  8.675962E-06 -1.862844E-06
200867 -1.410337E-05 -3.482850E-06
200868  4.388973E-06  1.644345E-06
200869  5.233662E-06  4.904142E-06
200870  6.380991E-07 -8.363273E-06
200871 -1.079639E-05  1.584214E-06
200872 -3.469605E-06  4.976926E-06
200873  1.006114E-05  2.473802E-06
200874  5.630485E-06  3.988075E-07
200875  1.079754E-06 -7.459164E-06
200876 -9.192473E-06 -1.441961E-06
200877 -1.129523E-05  4.636986E-06
200878 -7.275274E-06  4.462489E-07
200879 -8.370295E-07  4.662025E-07
200880  5.696539E-06  3.726225E-06
200881  7.726214E-06  2.290777E-06
200882  7.602342E-06  3.686240E-07
200883  6.865343E-06 -9.873135E-07
200884  7.706101E-06  1.753369E-07
200885  7.889105E-06  2.358358E-06
200886  4.968301E-06  3.789958E-06
200887 -1.693868E-06  1.924666E-06
200888 -7.993126E-06  2.122666E-07
200889 -1.158660E-05  3.961029E-06
200890 -1.005818E-05 -8.963041E-07
200891 -3.743070E-07 -7.779173E-06
200892  5.126502E-06  3.181557E-07
200893  9.690122E-06  1.975866E-06
200894 -2.778837E-06  4.329565E-06
200895 -1.021031E-05  1.402404E-06
200896  6.211508E-07 -8.943328E-06
200897  5.622695E-06  4.727737E-06
200898  4.771446E-06  1.447053E-06
200899 -1.422947E-05 -3.786509E-06
200900  8.883832E-06 -1.814002E-06
200901  4.192281E-06  6.504976E-06
200902 -7.116306E-06 -4.704098E-06
200903 -4.921549E-07 -2.944969E-06
200904  2.384842E-06  1.106524E-05
200905 -1.029879E-06 -1.227431E-05
200906  1.628048E-06  8.802080E-06
200907  3.898141E-07  3.473305E-06
200908 -8.372955E-07 -1.701982E-05
200909  1.975132E-06 -3.026339E-06
200910 -6.945176E-06 -1.628361E-05
200911  7.686560E-06 -1.259641E-06
200912 -6.340281E-06  3.770114E-06
200913 -1.247154E-06  1.368679E-06
200914 -3.364001E-06  3.621201E-06
200915 -2.503443E-06 -2.532581E-05
200916  2.099441E-05  4.190890E-05
200917 -7.646219E-05 -4.019504E-05
200918  8.965034E-05 -1.151569E-04
200919  3.368805E-04 -4.073793E-05
200920  8.974954E-05 -1.153200E-04
200921 -7.652546E-05 -4.012054E-05
200922  2.088028E-05  4.193480E-05
200923 -2.507516E-06 -2.511411E-05
200924 -3.443351E-06  3.684923E-06
200925 -1.212463E-06  1.225741E-06
200926 -6.285374E-06  3.921524E-06
200927  7.535337E-06 -1.174392E-06
200928 -6.912869E-06 -1.643280E-05
200929  2.179820E-06 -2.901517E-06
200930 -7.132008E-07 -1.717086E-05
200931  4.704591E-07  3.387845E-06
200932  1.517164E-06  9.016440E-06
200933 -7.056469E-07 -1.220459E-05
200934  3.258798E-06  1.055583E-05
200935  2.874716E-08 -3.044511E-06
200936 -6.756030E-06 -4.850653E-06
200937  6.399208E-06  3.082319E-06
200938  1.937820E-06 -5.561054E-06
200939 -1.283440E-05  2.841649E-07
200940  1.188354E-05  4.220491E-06
200941  5.885028E-07 -1.254897E-06
200942 -6.103155E-06 -6.557115E-06
200943 -6.992719E-06  7.124011E-06
200944  9.022944E-06  4.176763E-06
200945  9.548661E-06 -9.035101E-07
200946 -3.722076E-06 -3.860288E-06
200947 -6.453939E-06 -3.946517E-06
200948 -1.009486E-05  5.503776E-06
200949 -1.460793E-06  6.361266E-06
200950  7.588336E-06  2.689914E-06
200951  1.179950E-05  2.845830E-06
200952  1.307348E-05  7.898715E-07
200953  1.165062E-05 -2.881698E-06
200954  1.079970E-05 -2.302632E-06
200955  1.057718E-05 -2.157134E-06
200956  1.102797E-05 -2.606158E-06
200957  1.184697E-05 -2.953636E-06
200958  1.267979E-05  1.915881E-07
200959  1.194652E-05  4.107433E-06
200960  7.759058E-06  2.902226E-06
200961 -1.905680E-06  5.803363E-06
200962 -1.089374E-05  5.975221E-06
200963 -7.437765E-06 -4.061953E-06
200964 -4.200981E-06 -3.799514E-06
200965  9.546577E-06 -1.218178E-06
200966  9.951699E-06  3.853136E-06
200967 -6.508811E-06  6.991541E-06
200968 -6.158007E-06 -7.346098E-06
200969  8.017267E-07 -1.601274E-06
200970  1.232361E-05  4.053350E-06
200971 -1.297922E-05 -1.675644E-07
200972  1.903201E-06 -5.421445E-06
200973  6.175070E-06  4.182236E-06
200974 -3.615599E-06  2.179433E-06
200975 -6.178176E-06 -6.982614E-06
200976  8.312649E-06  8.722891E-06
200977 -1.449267E-06 -5.704919E-06
200978 -3.166747E-06  2.515066E-06
200979  6.491221E-06 -1.785984E-07
200980 -2.297763E-06 -1.652891E-05
200981  9.964904E-07  6.432532E-06
200982 -5.117562E-06 -4.033132E-06
200983  8.298498E-06 -7.332105E-06
200984  7.083697E-07  4.387704E-06
200985 -4.129699E-06 -2.618113E-06
200986 -1.704340E-06  1.305159E-05
200987 -2.880432E-06 -2.578735E-05
200988  1.559310E-05  3.066878E-05
200989 -3.989512E-05 -1.692778E-05
200990  1.696834E-05 -5.192108E-05
200991  1.260589E-04  4.831684E-05
200992  1.704078E-05 -5.173283E-05
200993 -3.989464E-05 -1.674047E-05
200994  1.556005E-05  3.068513E-05
200995 -2.994012E-06 -2.541856E-05
200996 -1.908163E-06  1.326630E-05
200997 -4.040833E-06 -2.608895E-06
200998  7.369471E-07  4.579364E-06
200999  8.036249E-06 -7.343525E-06
201000 -5.167239E-06 -4.358277E-06
201001  9.772060E-07  6.433545E-06
201002 -2.198520E-06 -1.652437E-05
201003  6.786660E-06 -2.657244E-08
201004 -3.108455E-06  2.569161E-06
201005 -1.271635E-06 -5.572628E-06
201006  8.925481E-06  8.621880E-06
201007 -5.642406E-06 -6.620086E-06
201008 -3.010995E-06  2.153368E-06
201009  4.765084E-06 -2.759768E-06
201010 -2.408405E-06 -5.328374E-06
201011 -7.270420E-06  4.952839E-06
201012  1.241468E-05  2.729426E-06
201013 -5.356203E-06 -6.342497E-06
201014 -5.871746E-06 -1.129219E-06
201015  2.177729E-07  9.143452E-06
201016  1.254635E-05  2.066613E-07
201017  8.659330E-07 -5.403372E-06
201018 -9.204104E-06 -4.086336E-06
201019 -5.366190E-06  2.258293E-06
201020 -2.462630E-06  8.848782E-06
201021  9.057916E-06  4.407331E-06
201022  1.241133E-05  1.744878E-06
201023  9.710344E-06  1.640941E-06
201024  6.546487E-06 -3.079992E-06
201025  3.252647E-06 -6.396042E-06
201026  1.462237E-06 -3.684572E-06
201027  1.294680E-06 -2.384740E-06
201028  1.676530E-06 -3.912537E-06
201029  3.395138E-06 -6.408035E-06
201030  6.709130E-06 -3.847788E-06
201031  1.041624E-05  2.937991E-06
201032  1.288128E-05  2.419345E-06
201033  8.527671E-06  3.943104E-06
201034 -3.118452E-06  9.254694E-06
201035 -5.870159E-06  2.340711E-06
201036 -9.555408E-06 -4.073140E-06
201037  1.267967E-06 -5.577087E-06
201038  1.349161E-05  1.594427E-07
201039  4.973139E-07  9.204893E-06
201040 -5.978625E-06 -1.701415E-06
201041 -5.360151E-06 -6.629855E-06
201042  1.284163E-05  2.716726E-06
201043 -7.229775E-06  4.590656E-06
201044 -2.532101E-06 -5.238462E-06
201045  4.221397E-06 -1.933568E-06
201046  6.889468E-07  8.456162E-06
201047 -8.199460E-06 -8.441582E-06
201048  1.018872E-05  4.870701E-06
201049 -3.576658E-06  4.530419E-07
201050 -4.046677E-06 -3.977572E-06
201051  9.820226E-06  1.733887E-07
201052 -6.433911E-06 -7.726857E-06
201053 -3.518495E-06  1.222994E-05
201054 -7.407647E-06  8.062209E-06
201055  4.967354E-06 -8.094437E-06
201056  6.228990E-06  7.132233E-06
201057 -3.886860E-06 -7.759885E-06
201058 -2.523099E-06  1.725179E-05
201059 -6.473537E-07 -2.196559E-05
201060  7.850754E-06  1.988208E-05
201061 -1.262256E-05  4.735319E-07
201062 -2.335398E-05 -3.435404E-05
201063 -1.626896E-05  4.725776E-05
201064 -2.339695E-05 -3.401645E-05
201065 -1.259442E-05  6.154568E-07
201066  7.886668E-06  1.983870E-05
201067 -8.229262E-07 -2.163217E-05
201068 -2.772856E-06  1.744226E-05
201069 -3.851409E-06 -7.671947E-06
201070  6.209666E-06  7.281339E-06
201071  4.758022E-06 -8.195198E-06
201072 -7.372390E-06  7.692662E-06
201073 -3.664143E-06  1.211679E-05
201074 -6.491663E-06 -7.697738E-06
201075  1.008722E-05  5.208613E-07
201076 -3.908856E-06 -4.012833E-06
201077 -3.601395E-06  5.370967E-07
201078  1.043782E-05  4.979686E-06
201079 -7.984943E-06 -7.873810E-06
201080  1.110918E-06  8.735090E-06
201081  3.201889E-06 -7.923489E-06
201082 -4.206057E-06 -2.671251E-06
201083 -2.760720E-06  7.460608E-06
201084  9.552452E-06 -3.618544E-07
201085 -7.822403E-06 -8.432418E-06
201086 -3.187686E-06  4.352869E-06
201087  4.644400E-06  8.142627E-06
201088  1.020155E-05 -3.687620E-06
201089 -5.873280E-06 -8.644085E-06
201090 -8.759030E-06 -1.431306E-06
201091 -1.473581E-06  6.949029E-06
201092  4.062558E-06  9.134079E-06
201093  1.290448E-05  1.838192E-06
201094  8.774984E-06 -1.193683E-06
201095  1.846974E-06 -1.740884E-06
201096 -2.288552E-06 -6.482738E-06
201097 -5.223498E-06 -8.367794E-06
201098 -7.107841E-06 -4.740143E-06
201099 -7.182579E-06 -2.865848E-06
201100 -6.899797E-06 -4.848574E-06
201101 -5.216422E-06 -8.309071E-06
201102 -1.797030E-06 -7.039643E-06
201103  2.354536E-06 -4.132390E-07
201104  8.954165E-06 -4.448956E-07
201105  1.229021E-05  1.258680E-06
201106  3.401428E-06  9.335020E-06
201107 -1.682931E-06  7.005344E-06
201108 -8.989287E-06 -1.533242E-06
201109 -5.286031E-06 -8.593415E-06
201110  1.090882E-05 -3.621821E-06
201111  4.683153E-06  8.377187E-06
201112 -3.360871E-06  4.187413E-06
201113 -8.011329E-06 -8.596162E-06
201114  9.922768E-06 -2.185460E-07
201115 -2.514134E-06  7.360825E-06
201116 -4.293031E-06 -2.652882E-06
201117  2.576191E-06 -7.612443E-06
201118  2.728979E-06  1.195566E-05
201119 -8.060079E-06 -7.852751E-06
201120  9.902630E-06  1.986082E-06
201121 -5.391123E-06  2.710018E-06
201122 -2.249893E-06 -6.258511E-06
201123  9.353616E-06  1.486257E-06
201124 -1.174926E-05 -2.379674E-06
201125 -6.592248E-06  1.020498E-05
201126 -1.020629E-05  1.182319E-05
201127  2.148953E-07 -9.257729E-06
201128  7.618271E-06  1.056708E-05
201129 -1.912796E-06 -1.018875E-05
201130 -4.306499E-06  1.606612E-05
201131  1.784814E-06 -1.647669E-05
201132  1.379967E-06  1.142571E-05
201133  6.089971E-07  9.294879E-06
201134 -2.925545E-05 -3.462864E-05
201135 -6.716969E-05  1.601277E-05
201136 -2.936661E-05 -3.434089E-05
201137  6.808025E-07  9.338755E-06
201138  1.464461E-06  1.135926E-05
201139  1.605113E-06 -1.625919E-05
201140 -4.505703E-06  1.616003E-05
201141 -1.942191E-06 -1.010494E-05
201142  7.573228E-06  1.065847E-05
201143  1.037481E-07 -9.354245E-06
201144 -1.005467E-05  1.158219E-05
201145 -6.697945E-06  1.011021E-05
201146 -1.188492E-05 -2.429361E-06
201147  9.433804E-06  1.839176E-06
201148 -2.123559E-06 -6.318790E-06
201149 -5.496482E-06  2.722911E-06
201150  9.935436E-06  2.119338E-06
201151 -8.163269E-06 -7.420518E-06
201152  2.784085E-06  1.227809E-05
201153  3.475203E-06 -1.064942E-05
201154 -5.297479E-06 -4.504209E-07
201155 -4.434766E-07  8.013267E-06
201156  7.251269E-06 -2.518688E-06
201157 -7.620335E-06 -8.665520E-06
201158 -2.117353E-06  7.836847E-06
201159  6.370403E-06  6.599115E-06
201160  7.545393E-06 -5.759187E-06
201161 -8.002715E-06 -1.068212E-05
201162 -7.054087E-06  1.612405E-06
201163  4.586792E-07  9.228448E-06
201164  6.917140E-06  8.925200E-06
201165  1.267628E-05  7.994772E-07
201166  4.625108E-06 -4.355027E-06
201167 -3.228613E-06 -5.360255E-06
201168 -6.735321E-06 -9.282587E-06
201169 -8.786132E-06 -1.007986E-05
201170 -1.052099E-05 -6.142142E-06
201171 -1.060081E-05 -3.818995E-06
201172 -1.030901E-05 -6.113563E-06
201173 -8.918002E-06 -1.005867E-05
201174 -6.148563E-06 -9.547303E-06
201175 -3.294695E-06 -4.233942E-06
201176  4.446034E-06 -3.911992E-06
201177  1.216153E-05 -2.638361E-08
201178  6.258644E-06  8.772775E-06
201179  4.904718E-07  9.102728E-06
201180 -7.200082E-06  1.465170E-06
201181 -7.461044E-06 -1.034320E-05
201182  7.987001E-06 -5.776850E-06
201183  6.213977E-06  6.885726E-06
201184 -2.395240E-06  8.025357E-06
201185 -7.940326E-06 -8.783606E-06
201186  7.519100E-06 -2.296895E-06
201187 -1.484690E-07  8.237939E-06
201188 -5.341212E-06 -4.357547E-07
201189  2.931284E-06 -1.075098E-05
201190  2.429486E-06  1.334397E-05
201191 -7.204237E-06 -7.271643E-06
201192  8.942262E-06  1.230436E-06
201193 -5.562001E-06  1.910102E-06
201194 -8.956756E-07 -5.148367E-06
201195  7.882758E-06  1.809765E-06
201196 -1.495718E-05 -3.092318E-06
201197 -6.532492E-06  6.170698E-06
201198 -1.099724E-05  1.014317E-05
201199 -2.011147E-06 -1.166048E-05
201200  6.272987E-06  1.260139E-05
201201 -5.134725E-07 -9.628833E-06
201202 -5.045226E-06  1.219630E-05
201203  2.913358E-06 -1.150864E-05
201204 -2.026912E-06  6.212494E-06
201205  4.175431E-06  1.055077E-05
201206 -2.141194E-05 -3.264390E-05
201207 -6.600902E-05 -2.349234E-06
201208 -2.151834E-05 -3.247835E-05
201209  4.291141E-06  1.053998E-05
201210 -1.932691E-06  6.183726E-06
201211  2.757710E-06 -1.140307E-05
201212 -5.153943E-06  1.220460E-05
201213 -5.807565E-07 -9.596485E-06
201214  6.221547E-06  1.264225E-05
201215 -2.070999E-06 -1.171867E-05
201216 -1.082945E-05  1.008245E-05
201217 -6.579436E-06  6.210863E-06
201218 -1.506280E-05 -3.203526E-06
201219  7.794495E-06  2.023110E-06
201220 -8.130119E-07 -5.226744E-06
201221 -5.640627E-06  1.893062E-06
201222  8.906447E-06  1.330951E-06
201223 -7.458947E-06 -7.135602E-06
201224  2.257828E-06  1.343141E-05
