Mesh2HRTF 0.1.2
    1
    1  1225
200000  2.916431E-06  3.787907E-05
200001  7.682738E-06  3.967422E-05
200002  7.720121E-06  3.934530E-05
200003  7.739729E-06  3.905283E-05
200004  7.744895E-06  3.880880E-05
200005  7.738241E-06  3.862256E-05
200006  7.721681E-06  3.850086E-05
200007  7.696432E-06  3.844784E-05
200008  7.663026E-06  3.846511E-05
200009  7.621320E-06  3.855172E-05
200010  7.570506E-06  3.870413E-05
200011  7.509112E-06  3.891621E-05
200012  7.435011E-06  3.917916E-05
200013  7.345419E-06  3.948148E-05
200014  7.236911E-06  3.980894E-05
200015  7.105441E-06  4.014461E-05
200016  6.946382E-06  4.046898E-05
200017  6.754587E-06  4.076012E-05
200018  6.524522E-06  4.099406E-05
200019  6.250343E-06  4.114521E-05
200020  5.926141E-06  4.118701E-05
200021  5.546147E-06  4.109274E-05
200022  5.105003E-06  4.083641E-05
200023  4.598085E-06  4.039388E-05
200024  4.021837E-06  3.974400E-05
200025  3.374126E-06  3.886990E-05
200026  2.654592E-06  3.776020E-05
200027  1.864965E-06  3.641019E-05
200028  1.009335E-06  3.482287E-05
200029  9.435461E-08  3.300974E-05
200030 -8.706659E-07  3.099136E-05
200031 -1.873764E-06  2.879749E-05
200032 -2.900459E-06  2.646680E-05
200033 -3.934012E-06  2.404621E-05
200034 -4.955822E-06  2.158968E-05
200035 -5.945926E-06  1.915660E-05
200036 -6.883613E-06  1.680980E-05
200037 -7.748103E-06  1.461321E-05
200038 -8.519280E-06  1.262938E-05
200039 -9.178428E-06  1.091682E-05
200040 -9.708952E-06  9.527517E-06
200041 -1.009703E-05  8.504615E-06
200042 -1.033217E-05  7.880411E-06
200043 -1.040766E-05  7.674882E-06
200044 -1.032083E-05  7.894739E-06
200045 -1.007321E-05  8.533116E-06
200046 -9.670454E-06  9.569907E-06
200047 -9.122131E-06  1.097271E-05
200048 -8.441363E-06  1.269835E-05
200049 -7.644298E-06  1.469483E-05
200050 -6.749493E-06  1.690370E-05
200051 -5.777202E-06  1.926254E-05
200052 -4.748637E-06  2.170755E-05
200053 -3.685210E-06  2.417606E-05
200054 -2.607808E-06  2.660883E-05
200055 -1.536142E-06  2.895202E-05
200056 -4.881748E-07  3.115879E-05
200057  5.203293E-07  3.319044E-05
200058  1.476127E-06  3.501714E-05
200059  2.368692E-06  3.661813E-05
200060  3.190271E-06  3.798162E-05
200061  3.935830E-06  3.910426E-05
200062  4.602886E-06  3.999032E-05
200063  5.191259E-06  4.065071E-05
200064  5.702759E-06  4.110180E-05
200065  6.140839E-06  4.136422E-05
200066  6.510223E-06  4.146166E-05
200067  6.816553E-06  4.141969E-05
200068  7.066034E-06  4.126473E-05
200069  7.265138E-06  4.102310E-05
200070  7.420331E-06  4.072026E-05
200071  7.537854E-06  4.038020E-05
200072  7.623550E-06  4.002493E-05
200073  6.759973E-06  2.468445E-05
200074  6.567320E-06  2.339631E-05
200075  6.398824E-06  2.232357E-05
200076  6.257490E-06  2.147472E-05
200077  6.144886E-06  2.085431E-05
200078  6.061566E-06  2.046452E-05
200079  6.007407E-06  2.030642E-05
200080  5.981849E-06  2.038078E-05
200081  5.984042E-06  2.068832E-05
200082  6.012889E-06  2.122948E-05
200083  6.066986E-06  2.200367E-05
200084  6.144441E-06  2.300801E-05
200085  6.242572E-06  2.423572E-05
200086  6.357484E-06  2.567412E-05
200087  6.483535E-06  2.730256E-05
200088  6.612731E-06  2.909028E-05
200089  6.734097E-06  3.099448E-05
200090  6.833107E-06  3.295883E-05
200091  6.891260E-06  3.491256E-05
200092  6.885913E-06  3.677033E-05
200093  6.790455E-06  3.843318E-05
200094  6.574914E-06  3.979059E-05
200095  6.207030E-06  4.072373E-05
200096  5.653802E-06  4.111010E-05
200097  4.883453E-06  4.082920E-05
200098  3.867716E-06  3.976935E-05
200099  2.584288E-06  3.783521E-05
200100  1.019262E-06  3.495568E-05
200101 -8.306490E-07  3.109166E-05
200102 -2.956306E-06  2.624310E-05
200103 -5.334941E-06  2.045467E-05
200104 -7.929684E-06  1.381950E-05
200105 -1.068992E-05  6.480301E-06
200106 -1.355252E-05 -1.372572E-06
200107 -1.644388E-05 -9.506323E-06
200108 -1.928271E-05 -1.765431E-05
200109 -2.198342E-05 -2.552770E-05
200110 -2.445992E-05 -3.282962E-05
200111 -2.662960E-05 -3.927101E-05
200112 -2.841734E-05 -4.458693E-05
200113 -2.975916E-05 -4.855235E-05
200114 -3.060551E-05 -5.099592E-05
200115 -3.092380E-05 -5.181077E-05
200116 -3.070016E-05 -5.096126E-05
200117 -2.994024E-05 -4.848529E-05
200118 -2.866904E-05 -4.449174E-05
200119 -2.692968E-05 -3.915346E-05
200120 -2.478128E-05 -3.269635E-05
200121 -2.229606E-05 -2.538538E-05
200122 -1.955572E-05 -1.750893E-05
200123 -1.664744E-05 -9.362412E-06
200124 -1.365972E-05 -1.232642E-06
200125 -1.067827E-05  6.616128E-06
200126 -7.782250E-06  1.395361E-05
200127 -5.041084E-06  2.059179E-05
200128 -2.511984E-06  2.638993E-05
200129 -2.383459E-07  3.125626E-05
200130  1.750954E-06  3.514668E-05
200131  3.441367E-06  3.806103E-05
200132  4.831689E-06  4.003735E-05
200133  5.932401E-06  4.114495E-05
200134  6.763544E-06  4.147676E-05
200135  7.352306E-06  4.114167E-05
200136  7.730543E-06  4.025718E-05
200137  7.932406E-06  3.894290E-05
200138  7.992245E-06  3.731495E-05
200139  7.942873E-06  3.548165E-05
200140  7.814271E-06  3.354029E-05
200141  7.632744E-06  3.157521E-05
200142  7.420484E-06  2.965684E-05
200143  7.195504E-06  2.784179E-05
200144  6.971842E-06  2.617366E-05
200145  2.546498E-06  3.426095E-06
200146  2.278442E-06  1.883669E-06
200147  2.075531E-06  6.841481E-07
200148  1.928570E-06 -2.099982E-07
200149  1.828908E-06 -8.339145E-07
200150  1.769097E-06 -1.216096E-06
200151  1.743275E-06 -1.375163E-06
200152  1.747413E-06 -1.317759E-06
200153  1.779511E-06 -1.037667E-06
200154  1.839800E-06 -5.161828E-07
200155  1.930917E-06  2.762075E-07
200156  2.057960E-06  1.376836E-06
200157  2.228268E-06  2.826605E-06
200158  2.450756E-06  4.664598E-06
200159  2.734644E-06  6.921761E-06
200160  3.087510E-06  9.613958E-06
200161  3.512710E-06  1.273481E-05
200162  4.006341E-06  1.624882E-05
200163  4.554111E-06  2.008524E-05
200164  5.128526E-06  2.413341E-05
200165  5.686928E-06  2.824000E-05
200166  6.170849E-06  3.220872E-05
200167  6.507048E-06  3.580317E-05
200168  6.610431E-06  3.875294E-05
200169  6.388823E-06  4.076363E-05
200170  5.749321E-06  4.153050E-05
200171  4.605750E-06  4.075589E-05
200172  2.886567E-06  3.816982E-05
200173  5.424949E-07  3.355279E-05
200174 -2.446859E-06  2.675945E-05
200175 -6.068040E-06  1.774143E-05
200176 -1.027095E-05  6.566839E-06
200177 -1.496850E-05 -6.565666E-06
200178 -2.003884E-05 -2.132085E-05
200179 -2.532994E-05 -3.723081E-05
200180 -3.066640E-05 -5.371011E-05
200181 -3.585781E-05 -7.008243E-05
200182 -4.070835E-05 -8.561769E-05
200183 -4.502689E-05 -9.957736E-05
200184 -4.863710E-05 -1.112644E-04
200185 -5.138696E-05 -1.200734E-04
200186 -5.315715E-05 -1.255361E-04
200187 -5.386784E-05 -1.273580E-04
200188 -5.348347E-05 -1.254412E-04
200189 -5.201512E-05 -1.198925E-04
200190 -4.952043E-05 -1.110146E-04
200191 -4.610074E-05 -9.928181E-05
200192 -4.189573E-05 -8.530316E-05
200193 -3.707581E-05 -6.977643E-05
200194 -3.183258E-05 -5.343785E-05
200195 -2.636810E-05 -3.701239E-05
200196 -2.088372E-05 -2.116909E-05
200197 -1.556910E-05 -6.484609E-06
200198 -1.059233E-05  6.582367E-06
200199 -6.091903E-06  1.770534E-05
200200 -2.170926E-06  2.669299E-05
200201  1.105925E-06  3.348235E-05
200202  3.712626E-06  3.812436E-05
200203  5.659328E-06  4.076406E-05
200204  6.987547E-06  4.161794E-05
200205  7.763576E-06  4.095067E-05
200206  8.070845E-06  3.905274E-05
200207  8.001971E-06  3.622069E-05
200208  7.651238E-06  3.274045E-05
200209  7.108134E-06  2.887433E-05
200210  6.452353E-06  2.485180E-05
200211  5.750521E-06  2.086387E-05
200212  5.054630E-06  1.706061E-05
200213  4.402023E-06  1.355162E-05
200214  3.816596E-06  1.040865E-05
200215  3.310855E-06  7.670010E-06
200216  2.888400E-06  5.346179E-06
200217 -1.786436E-06 -1.361059E-05
200218 -1.818795E-06 -1.431611E-05
200219 -1.797321E-06 -1.471088E-05
200220 -1.746034E-06 -1.489818E-05
200221 -1.683088E-06 -1.496715E-05
200222 -1.621502E-06 -1.498715E-05
200223 -1.570296E-06 -1.500351E-05
200224 -1.535511E-06 -1.503461E-05
200225 -1.520675E-06 -1.507028E-05
200226 -1.526460E-06 -1.507166E-05
200227 -1.549443E-06 -1.497259E-05
200228 -1.580306E-06 -1.468300E-05
200229 -1.601940E-06 -1.409433E-05
200230 -1.588235E-06 -1.308728E-05
200231 -1.504365E-06 -1.154168E-05
200232 -1.309199E-06 -9.348251E-06
200233 -9.601825E-07 -6.421619E-06
200234 -4.205046E-07 -2.713869E-06
200235  3.321832E-07  1.772259E-06
200236  1.296682E-06  6.971426E-06
200237  2.440289E-06  1.274591E-05
200238  3.693490E-06  1.887884E-05
200239  4.948565E-06  2.507135E-05
200240  6.062873E-06  3.094463E-05
200241  6.866960E-06  3.604775E-05
200242  7.176916E-06  3.987251E-05
200243  6.809844E-06  4.187604E-05
200244  5.600823E-06  4.151187E-05
200245  3.419592E-06  3.826909E-05
200246  1.851648E-07  3.171853E-05
200247 -4.123095E-06  2.156305E-05
200248 -9.459012E-06  7.687808E-06
200249 -1.570827E-05 -9.795174E-06
200250 -2.269223E-05 -3.051458E-05
200251 -3.017629E-05 -5.382610E-05
200252 -3.788218E-05 -7.882293E-05
200253 -4.550279E-05 -1.043737E-04
200254 -5.271883E-05 -1.291877E-04
200255 -5.921604E-05 -1.519047E-04
200256 -6.470218E-05 -1.711999E-04
200257 -6.892295E-05 -1.858956E-04
200258 -7.167636E-05 -1.950659E-04
200259 -7.282454E-05 -1.981221E-04
200260 -7.230273E-05 -1.948683E-04
200261 -7.012437E-05 -1.855201E-04
200262 -6.638201E-05 -1.706842E-04
200263 -6.124338E-05 -1.513001E-04
200264 -5.494272E-05 -1.285541E-04
200265 -4.776741E-05 -1.037729E-04
200266 -4.004090E-05 -7.831235E-05
200267 -3.210288E-05 -5.345233E-05
200268 -2.428829E-05 -3.030845E-05
200269 -1.690677E-05 -9.768492E-06
200270 -1.022418E-05  7.543360E-06
200271 -4.447744E-06  2.127470E-05
200272  2.840763E-07  3.132908E-05
200273  3.906024E-06  3.783204E-05
200274  6.424639E-06  4.108552E-05
200275  7.911168E-06  4.151749E-05
200276  8.489641E-06  3.963208E-05
200277  8.321474E-06  3.596451E-05
200278  7.588308E-06  3.104322E-05
200279  6.474972E-06  2.536033E-05
200280  5.154347E-06  1.935055E-05
200281  3.775532E-06  1.337775E-05
200282  2.456176E-06  7.728453E-06
200283  1.279213E-06  2.610828E-06
200284  2.936179E-07 -1.841643E-06
200285 -4.816093E-07 -5.563083E-06
200286 -1.051319E-06 -8.545557E-06
200287 -1.437162E-06 -1.082797E-05
200288 -1.670529E-06 -1.248406E-05
200289 -3.916590E-06 -2.060804E-05
200290 -3.527695E-06 -1.987093E-05
200291 -3.161438E-06 -1.900066E-05
200292 -2.844500E-06 -1.814361E-05
200293 -2.590563E-06 -1.742161E-05
200294 -2.404517E-06 -1.692806E-05
200295 -2.287190E-06 -1.672527E-05
200296 -2.239533E-06 -1.684222E-05
200297 -2.265254E-06 -1.727246E-05
200298 -2.371025E-06 -1.797230E-05
200299 -2.563834E-06 -1.885979E-05
200300 -2.845688E-06 -1.981537E-05
200301 -3.206654E-06 -2.068514E-05
200302 -3.617985E-06 -2.128767E-05
200303 -4.027521E-06 -2.142450E-05
200304 -4.359480E-06 -2.089427E-05
200305 -4.520085E-06 -1.950956E-05
200306 -4.409282E-06 -1.711528E-05
200307 -3.937409E-06 -1.360728E-05
200308 -3.044348E-06 -8.950069E-06
200309 -1.717879E-06 -3.192846E-06
200310 -7.779547E-09  3.516798E-06
200311  1.967247E-06  1.092190E-05
200312  4.021624E-06  1.864869E-05
200313  5.914301E-06  2.620396E-05
200314  7.368410E-06  3.297963E-05
200315  8.096854E-06  3.826732E-05
200316  7.830713E-06  4.128635E-05
200317  6.347032E-06  4.122803E-05
200318  3.492808E-06  3.731764E-05
200319 -7.974253E-07  2.889253E-05
200320 -6.492025E-06  1.549148E-05
200321 -1.346124E-05 -3.053917E-06
200322 -2.148423E-05 -2.653803E-05
200323 -3.026279E-05 -5.432481E-05
200324 -3.943978E-05 -8.533004E-05
200325 -4.862029E-05 -1.180532E-04
200326 -5.739378E-05 -1.506636E-04
200327 -6.535585E-05 -1.811375E-04
200328 -7.212894E-05 -2.074351E-04
200329 -7.738166E-05 -2.276965E-04
200330 -8.084651E-05 -2.404324E-04
200331 -8.233560E-05 -2.446846E-04
200332 -8.175378E-05 -2.401317E-04
200333 -7.910778E-05 -2.271246E-04
200334 -7.451015E-05 -2.066487E-04
200335 -6.817658E-05 -1.802143E-04
200336 -6.041571E-05 -1.496954E-04
200337 -5.161157E-05 -1.171362E-04
200338 -4.219945E-05 -8.455483E-05
200339 -3.263710E-05 -5.376623E-05
200340 -2.337379E-05 -2.624691E-05
200341 -1.481981E-05 -3.051263E-06
200342 -7.319107E-06  1.521656E-05
200343 -1.127400E-06  2.838086E-05
200344  3.602492E-06  3.663418E-05
200345  6.826627E-06  4.045340E-05
200346  8.606570E-06  4.050696E-05
200347  9.096766E-06  3.756579E-05
200348  8.523794E-06  3.242661E-05
200349  7.159743E-06  2.585223E-05
200350  5.292903E-06  1.852953E-05
200351  3.199419E-06  1.104357E-05
200352  1.119375E-06  3.864809E-06
200353 -7.600384E-07 -2.653792E-06
200354 -2.312955E-06 -8.272569E-06
200355 -3.474955E-06 -1.285601E-05
200356 -4.236211E-06 -1.636017E-05
200357 -4.629820E-06 -1.881783E-05
200358 -4.717755E-06 -2.032222E-05
200359 -4.576723E-06 -2.101034E-05
200360 -4.285741E-06 -2.104664E-05
200361 -3.271107E-06 -1.764009E-05
200362 -2.529428E-06 -1.566955E-05
200363 -1.921804E-06 -1.379470E-05
200364 -1.459327E-06 -1.215340E-05
200365 -1.133803E-06 -1.085519E-05
200366 -9.259483E-07 -9.982823E-06
200367 -8.144796E-07 -9.594116E-06
200368 -7.848016E-07 -9.722377E-06
200369 -8.356544E-07 -1.037446E-05
200370 -9.818782E-07 -1.152638E-05
200371 -1.251703E-06 -1.311736E-05
200372 -1.677906E-06 -1.504445E-05
200373 -2.283787E-06 -1.715975E-05
200374 -3.066809E-06 -1.927246E-05
200375 -3.984228E-06 -2.115689E-05
200376 -4.945515E-06 -2.256620E-05
200377 -5.815323E-06 -2.325034E-05
200378 -6.428464E-06 -2.297630E-05
200379 -6.615401E-06 -2.154814E-05
200380 -6.233995E-06 -1.882552E-05
200381 -5.201483E-06 -1.474019E-05
200382 -3.520342E-06 -9.311363E-06
200383 -1.292810E-06 -2.661123E-06
200384  1.279011E-06  4.968956E-06
200385  3.907863E-06  1.320027E-05
200386  6.248740E-06  2.150121E-05
200387  7.934941E-06  2.917782E-05
200388  8.617700E-06  3.537866E-05
200389  8.004112E-06  3.912228E-05
200390  5.888694E-06  3.935494E-05
200391  2.175048E-06  3.504207E-05
200392 -3.114306E-06  2.529119E-05
200393 -9.840146E-06  9.495684E-06
200394 -1.775930E-05 -1.251903E-05
200395 -2.654505E-05 -4.037151E-05
200396 -3.581174E-05 -7.304939E-05
200397 -4.514000E-05 -1.089073E-04
200398 -5.410020E-05 -1.457523E-04
200399 -6.227283E-05 -1.810186E-04
200400 -6.926618E-05 -2.120154E-04
200401 -7.473228E-05 -2.362201E-04
200402 -7.838275E-05 -2.515727E-04
200403 -8.000506E-05 -2.567293E-04
200404 -7.947899E-05 -2.512327E-04
200405 -7.679111E-05 -2.355710E-04
200406 -7.204476E-05 -2.111169E-04
200407 -6.546204E-05 -1.799547E-04
200408 -5.737583E-05 -1.446251E-04
200409 -4.821086E-05 -1.078273E-04
200410 -3.845514E-05 -7.212454E-05
200411 -2.862467E-05 -3.969489E-05
200412 -1.922525E-05 -1.215697E-05
200413 -1.071531E-05  9.512730E-06
200414 -3.472897E-06  2.497294E-05
200415  2.230683E-06  3.443652E-05
200416  6.248907E-06  3.854051E-05
200417  8.568023E-06  3.819554E-05
200418  9.303549E-06  3.444050E-05
200419  8.684335E-06  2.832107E-05
200420  7.024712E-06  2.080156E-05
200421  4.687373E-06  1.271124E-05
200422  2.041833E-06  4.720016E-06
200423 -5.753510E-07 -2.664639E-06
200424 -2.892581E-06 -9.087791E-06
200425 -4.723079E-06 -1.433067E-05
200426 -5.970928E-06 -1.829199E-05
200427 -6.624386E-06 -2.096896E-05
200428 -6.739656E-06 -2.243852E-05
200429 -6.419367E-06 -2.283880E-05
200430 -5.789928E-06 -2.235065E-05
200431 -4.981138E-06 -2.117985E-05
200432 -4.110198E-06 -1.954038E-05
200433 -8.363998E-07 -8.760086E-06
200434 -4.209165E-09 -6.349729E-06
200435  5.996685E-07 -4.214139E-06
200436  9.902566E-07 -2.431184E-06
200437  1.204905E-06 -1.054089E-06
200438  1.293452E-06 -1.206448E-07
200439  1.306671E-06  3.382428E-07
200440  1.283609E-06  2.936010E-07
200441  1.239541E-06 -2.808115E-07
200442  1.157586E-06 -1.401326E-06
200443  9.877213E-07 -3.062158E-06
200444  6.562221E-07 -5.221376E-06
200445  8.599308E-08 -7.789242E-06
200446 -7.755993E-07 -1.062292E-05
200447 -1.928433E-06 -1.352991E-05
200448 -3.299702E-06 -1.628012E-05
200449 -4.739974E-06 -1.862392E-05
200450 -6.038896E-06 -2.031226E-05
200451 -6.958794E-06 -2.111473E-05
200452 -7.279469E-06 -2.083315E-05
200453 -6.844541E-06 -1.931099E-05
200454 -5.599360E-06 -1.644121E-05
200455 -3.612662E-06 -1.217702E-05
200456 -1.077950E-06 -6.550466E-06
200457  1.705181E-06  2.983518E-07
200458  4.365870E-06  8.082004E-06
200459  6.506713E-06  1.632241E-05
200460  7.751304E-06  2.431500E-05
200461  7.787918E-06  3.111594E-05
200462  6.403841E-06  3.556909E-05
200463  3.506497E-06  3.638558E-05
200464 -8.705207E-07  3.228053E-05
200465 -6.576167E-06  2.215893E-05
200466 -1.336267E-05  5.328523E-06
200467 -2.091360E-05 -1.829513E-05
200468 -2.887363E-05 -4.803332E-05
200469 -3.687470E-05 -8.237964E-05
200470 -4.455538E-05 -1.190564E-04
200471 -5.157254E-05 -1.552027E-04
200472 -5.760764E-05 -1.876787E-04
200473 -6.237140E-05 -2.134483E-04
200474 -6.561109E-05 -2.299791E-04
200475 -6.712325E-05 -2.355938E-04
200476 -6.677206E-05 -2.297108E-04
200477 -6.451049E-05 -2.129295E-04
200478 -6.039918E-05 -1.869456E-04
200479 -5.461713E-05 -1.543110E-04
200480 -4.745944E-05 -1.180806E-04
200481 -3.932032E-05 -8.140974E-05
200482 -3.066297E-05 -4.716745E-05
200483 -2.198121E-05 -1.762739E-05
200484 -1.375886E-05  5.722838E-06
200485 -6.432022E-06  2.223745E-05
200486 -3.573215E-07  3.204287E-05
200487  4.213191E-06  3.587396E-05
200488  7.150630E-06  3.485951E-05
200489  8.460349E-06  3.030254E-05
200490  8.282721E-06  2.349256E-05
200491  6.879936E-06  1.557226E-05
200492  4.606652E-06  7.464758E-06
200493  1.866272E-06 -1.467545E-07
200494 -9.406099E-07 -6.802621E-06
200495 -3.465870E-06 -1.223126E-05
200496 -5.451864E-06 -1.630890E-05
200497 -6.751262E-06 -1.902330E-05
200498 -7.327179E-06 -2.044478E-05
200499 -7.236775E-06 -2.070415E-05
200500 -6.604450E-06 -1.997533E-05
200501 -5.591451E-06 -1.846023E-05
200502 -4.367577E-06 -1.637431E-05
200503 -3.088698E-06 -1.393246E-05
200504 -1.881653E-06 -1.133567E-05
200505  1.771684E-06  1.082630E-06
200506  2.399716E-06  3.039244E-06
200507  2.765562E-06  4.647339E-06
200508  2.905571E-06  5.916629E-06
200509  2.876942E-06  6.873327E-06
200510  2.750871E-06  7.543429E-06
200511  2.602931E-06  7.936887E-06
200512  2.499298E-06  8.037044E-06
200513  2.479443E-06  7.799044E-06
200514  2.539065E-06  7.158817E-06
200515  2.620015E-06  6.051334E-06
200516  2.614499E-06  4.433792E-06
200517  2.387690E-06  2.307291E-06
200518  1.816181E-06 -2.694580E-07
200519  8.323931E-07 -3.178623E-06
200520 -5.393737E-07 -6.254083E-06
200521 -2.168415E-06 -9.300459E-06
200522 -3.831428E-06 -1.211350E-05
200523 -5.252560E-06 -1.449506E-05
200524 -6.159822E-06 -1.625864E-05
200525 -6.343815E-06 -1.722582E-05
200526 -5.704925E-06 -1.721838E-05
200527 -4.278919E-06 -1.605433E-05
200528 -2.236772E-06 -1.355733E-05
200529  1.393612E-07 -9.587746E-06
200530  2.497436E-06 -4.098743E-06
200531  4.465285E-06  2.787110E-06
200532  5.700298E-06  1.069443E-05
200533  5.932163E-06  1.892713E-05
200534  4.993731E-06  2.644270E-05
200535  2.836717E-06  3.189351E-05
200536 -4.693616E-07  3.375030E-05
200537 -4.754361E-06  3.050689E-05
200538 -9.777197E-06  2.094449E-05
200539 -1.526156E-05  4.413776E-06
200540 -2.092967E-05 -1.892175E-05
200541 -2.652657E-05 -4.794050E-05
200542 -3.183090E-05 -8.056460E-05
200543 -3.665187E-05 -1.139326E-04
200544 -4.081748E-05 -1.447332E-04
200545 -4.416122E-05 -1.696532E-04
200546 -4.651533E-05 -1.858654E-04
200547 -4.771626E-05 -1.914668E-04
200548 -4.762345E-05 -1.857824E-04
200549 -4.614766E-05 -1.694767E-04
200550 -4.328101E-05 -1.444481E-04
200551 -3.911907E-05 -1.135290E-04
200552 -3.386722E-05 -8.004954E-05
200553 -2.782772E-05 -4.734691E-05
200554 -2.136998E-05 -1.831000E-05
200555 -1.489181E-05  4.964102E-06
200556 -8.781029E-06  2.135204E-05
200557 -3.384516E-06  3.071019E-05
200558  1.013494E-06  3.372560E-05
200559  4.207348E-06  3.166134E-05
200560  6.084994E-06  2.605997E-05
200561  6.643554E-06  1.846817E-05
200562  6.000802E-06  1.022936E-05
200563  4.393474E-06  2.366949E-06
200564  2.154419E-06 -4.444970E-06
200565 -3.323748E-07 -9.845509E-06
200566 -2.690475E-06 -1.371577E-05
200567 -4.608487E-06 -1.610039E-05
200568 -5.881369E-06 -1.714052E-05
200569 -6.426684E-06 -1.702611E-05
200570 -6.275606E-06 -1.596690E-05
200571 -5.545584E-06 -1.417702E-05
200572 -4.404693E-06 -1.186713E-05
200573 -3.036820E-06 -9.239104E-06
200574 -1.613777E-06 -6.480231E-06
200575 -2.769287E-07 -3.755986E-06
200576  8.718319E-07 -1.202040E-06
200577  3.278029E-06  8.370983E-06
200578  3.516503E-06  9.278484E-06
200579  3.533172E-06  9.868616E-06
200580  3.368605E-06  1.023510E-05
200581  3.078340E-06  1.047972E-05
200582  2.733702E-06  1.069042E-05
200583  2.419385E-06  1.091951E-05
200584  2.223192E-06  1.116763E-05
200585  2.215717E-06  1.137863E-05
200586  2.423110E-06  1.144843E-05
200587  2.802663E-06  1.124724E-05
200588  3.234600E-06  1.065012E-05
200589  3.540620E-06  9.567872E-06
200590  3.529619E-06  7.968753E-06
200591  3.058112E-06  5.884555E-06
200592  2.084211E-06  3.399913E-06
200593  6.947596E-07  6.305734E-07
200594 -9.049936E-07 -2.299250E-06
200595 -2.436244E-06 -5.270198E-06
200596 -3.612038E-06 -8.165506E-06
200597 -4.204446E-06 -1.085319E-05
200598 -4.096187E-06 -1.315892E-05
200599 -3.305307E-06 -1.484069E-05
200600 -1.979659E-06 -1.557962E-05
200601 -3.659135E-07 -1.500073E-05
200602  1.236777E-06 -1.273325E-05
200603  2.526968E-06 -8.509887E-06
200604  3.245973E-06 -2.291801E-06
200605  3.212563E-06  5.607698E-06
200606  2.344855E-06  1.443588E-05
200607  6.676071E-07  2.298616E-05
200608 -1.696655E-06  2.968394E-05
200609 -4.552726E-06  3.278209E-05
200610 -7.670471E-06  3.064952E-05
200611 -1.082736E-05  2.210898E-05
200612 -1.384525E-05  6.757522E-06
200613 -1.661168E-05 -1.480633E-05
200614 -1.907992E-05 -4.091580E-05
200615 -2.124900E-05 -6.896903E-05
200616 -2.313072E-05 -9.575987E-05
200617 -2.471549E-05 -1.179582E-04
200618 -2.594879E-05 -1.326529E-04
200619 -2.672693E-05 -1.378506E-04
200620 -2.691479E-05 -1.328270E-04
200621 -2.638060E-05 -1.182575E-04
200622 -2.503741E-05 -9.609838E-05
200623 -2.287781E-05 -6.924592E-05
200624 -1.999022E-05 -4.104290E-05
200625 -1.655102E-05 -1.473415E-05
200626 -1.279583E-05  7.023977E-06
200627 -8.981168E-06  2.251173E-05
200628 -5.350970E-06  3.109776E-05
200629 -2.118065E-06  3.318435E-05
200630  5.393974E-07  2.997922E-05
200631  2.476609E-06  2.316028E-05
200632  3.588979E-06  1.451605E-05
200633  3.833492E-06  5.639353E-06
200634  3.257586E-06 -2.272241E-06
200635  2.018037E-06 -8.490939E-06
200636  3.722704E-07 -1.272482E-05
200637 -1.363580E-06 -1.501525E-05
200638 -2.878763E-06 -1.561115E-05
200639 -3.931706E-06 -1.485641E-05
200640 -4.391698E-06 -1.310941E-05
200641 -4.247736E-06 -1.069734E-05
200642 -3.587860E-06 -7.898099E-06
200643 -2.561677E-06 -4.939086E-06
200644 -1.340390E-06 -2.003397E-06
200645 -8.451079E-08  7.630235E-07
200646  1.076427E-06  3.246942E-06
200647  2.052391E-06  5.367316E-06
200648  2.792306E-06  7.077933E-06
200649  3.237723E-06  1.179548E-05
200650  3.061892E-06  1.150103E-05
200651  2.762391E-06  1.098900E-05
200652  2.364343E-06  1.041029E-05
200653  1.898704E-06  9.917941E-06
200654  1.413225E-06  9.643576E-06
200655  9.812328E-07  9.672439E-06
200656  6.999095E-07  1.002328E-05
200657  6.712066E-07  1.063940E-05
200658  9.656161E-07  1.139513E-05
200659  1.580241E-06  1.211845E-05
200660  2.411734E-06  1.262526E-05
200661  3.263878E-06  1.275669E-05
200662  3.895871E-06  1.240757E-05
200663  4.096963E-06  1.153676E-05
200664  3.758186E-06  1.015628E-05
200665  2.912090E-06  8.305747E-06
200666  1.725881E-06  6.025557E-06
200667  4.528168E-07  3.342546E-06
200668 -6.391717E-07  2.769895E-07
200669 -1.338330E-06 -3.128487E-06
200670 -1.539768E-06 -6.764690E-06
200671 -1.264469E-06 -1.040886E-05
200672 -6.451630E-07 -1.369213E-05
200673  1.127324E-07 -1.610080E-05
200674  7.807139E-07 -1.702763E-05
200675  1.153184E-06 -1.587862E-05
200676  1.081537E-06 -1.222415E-05
200677  4.951038E-07 -5.966148E-06
200678 -5.890485E-07  2.519296E-06
200679 -2.067023E-06  1.230877E-05
200680 -3.762222E-06  2.196584E-05
200681 -5.455109E-06  2.970327E-05
200682 -6.926397E-06  3.366559E-05
200683 -8.004950E-06  3.229147E-05
200684 -8.607309E-06  2.468519E-05
200685 -8.756311E-06  1.091046E-05
200686 -8.571852E-06 -7.875560E-06
200687 -8.235260E-06 -2.950183E-05
200688 -7.937061E-06 -5.108418E-05
200689 -7.823141E-06 -6.950154E-05
200690 -7.954941E-06 -8.195552E-05
200691 -8.295106E-06 -8.649570E-05
200692 -8.722362E-06 -8.239488E-05
200693 -9.070683E-06 -7.029064E-05
200694 -9.180353E-06 -5.206199E-05
200695 -8.944423E-06 -3.047008E-05
200696 -8.335061E-06 -8.643586E-06
200697 -7.401156E-06  1.048045E-05
200698 -6.240201E-06  2.464577E-05
200699 -4.959434E-06  3.260310E-05
200700 -3.646898E-06  3.421978E-05
200701 -2.367265E-06  3.036786E-05
200702 -1.181285E-06  2.263317E-05
200703 -1.705327E-07  1.292475E-05
200704  5.571783E-07  3.080933E-06
200705  8.953371E-07 -5.440048E-06
200706  7.899833E-07 -1.172842E-05
200707  2.857676E-07 -1.543965E-05
200708 -4.638240E-07 -1.669200E-05
200709 -1.233935E-06 -1.590264E-05
200710 -1.798122E-06 -1.362152E-05
200711 -1.997617E-06 -1.040265E-05
200712 -1.780156E-06 -6.727257E-06
200713 -1.197371E-06 -2.972526E-06
200714 -3.707612E-07  5.892106E-07
200715  5.532753E-07  3.775699E-06
200716  1.441309E-06  6.475052E-06
200717  2.195061E-06  8.627394E-06
200718  2.758089E-06  1.021128E-05
200719  3.111482E-06  1.123627E-05
200720  3.263558E-06  1.174115E-05
200721  1.962975E-06  1.179350E-05
200722  1.473381E-06  1.050534E-05
200723  9.828838E-07  9.123621E-06
200724  4.882321E-07  7.820912E-06
200725 -1.868371E-08  6.769098E-06
200726 -5.305521E-07  6.117680E-06
200727 -1.003399E-06  5.969007E-06
200728 -1.345852E-06  6.356656E-06
200729 -1.431712E-06  7.233449E-06
200730 -1.141322E-06  8.474027E-06
200731 -4.210107E-07  9.893834E-06
200732  6.669592E-07  1.128207E-05
200733  1.935293E-06  1.244101E-05
200734  3.117847E-06  1.321944E-05
200735  3.955799E-06  1.352752E-05
200736  4.285467E-06  1.332693E-05
200737  4.088891E-06  1.260218E-05
200738  3.488991E-06  1.132869E-05
200739  2.697612E-06  9.455096E-06
200740  1.941137E-06  6.910818E-06
200741  1.390583E-06  3.640292E-06
200742  1.116327E-06 -3.421003E-07
200743  1.077914E-06 -4.888185E-06
200744  1.148421E-06 -9.661271E-06
200745  1.161619E-06 -1.411406E-05
200746  9.629335E-07 -1.752193E-05
200747  4.472570E-07 -1.908325E-05
200748 -4.228372E-07 -1.807892E-05
200749 -1.613447E-06 -1.406339E-05
200750 -3.021838E-06 -7.044789E-06
200751 -4.482272E-06  2.393769E-06
200752 -5.780157E-06  1.307620E-05
200753 -6.681328E-06  2.334858E-05
200754 -6.976972E-06  3.133049E-05
200755 -6.535012E-06  3.526978E-05
200756 -5.342299E-06  3.393249E-05
200757 -3.522359E-06  2.693674E-05
200758 -1.320289E-06  1.493983E-05
200759  9.434980E-07 -3.861431E-07
200760  2.939335E-06 -1.660704E-05
200761  4.396703E-06 -3.096805E-05
200762  5.156866E-06 -4.093330E-05
200763  5.196364E-06 -4.470292E-05
200764  4.616398E-06 -4.158760E-05
200765  3.602657E-06 -3.215209E-05
200766  2.368367E-06 -1.809487E-05
200767  1.098660E-06 -1.895083E-06
200768 -8.507272E-08  1.368929E-05
200769 -1.128461E-06  2.615766E-05
200770 -2.016247E-06  3.372312E-05
200771 -2.730804E-06  3.559826E-05
200772 -3.224572E-06  3.206152E-05
200773 -3.428036E-06  2.430323E-05
200774 -3.292610E-06  1.409890E-05
200775 -2.841664E-06  3.395160E-06
200776 -2.191381E-06 -6.088437E-06
200777 -1.518064E-06 -1.314823E-05
200778 -9.829433E-07 -1.722006E-05
200779 -6.565896E-07 -1.833578E-05
200780 -4.891350E-07 -1.696067E-05
200781 -3.448679E-07 -1.378572E-05
200782 -7.945851E-08 -9.542716E-06
200783  3.860934E-07 -4.879991E-06
200784  1.033238E-06 -3.035821E-07
200785  1.763887E-06  3.833373E-06
200786  2.448478E-06  7.314450E-06
200787  2.974382E-06  1.003300E-05
200788  3.274734E-06  1.196330E-05
200789  3.334180E-06  1.313444E-05
200790  3.178898E-06  1.360981E-05
200791  2.860121E-06  1.347433E-05
200792  2.437189E-06  1.282936E-05
200793  1.375554E-07  9.621852E-06
200794 -5.146472E-07  7.726912E-06
200795 -1.053096E-06  5.852953E-06
200796 -1.511569E-06  4.162766E-06
200797 -1.939208E-06  2.817764E-06
200798 -2.374510E-06  1.960560E-06
200799 -2.813323E-06  1.693413E-06
200800 -3.183885E-06  2.058194E-06
200801 -3.347966E-06  3.023572E-06
200802 -3.141865E-06  4.483500E-06
200803 -2.450358E-06  6.269258E-06
200804 -1.280341E-06  8.175391E-06
200805  2.100282E-07  9.995807E-06
200806  1.751759E-06  1.155961E-05
200807  3.059884E-06  1.275147E-05
200808  3.934729E-06  1.350565E-05
200809  4.320446E-06  1.377650E-05
200810  4.300021E-06  1.350219E-05
200811  4.040068E-06  1.258225E-05
200812  3.716229E-06  1.088188E-05
200813  3.448077E-06  8.265388E-06
200814  3.262088E-06  4.654094E-06
200815  3.091235E-06  9.957872E-08
200816  2.809240E-06 -5.144519E-06
200817  2.284822E-06 -1.057848E-05
200818  1.432162E-06 -1.546885E-05
200819  2.375126E-07 -1.893402E-05
200820 -1.241679E-06 -2.009775E-05
200821 -2.891879E-06 -1.828369E-05
200822 -4.556315E-06 -1.321043E-05
200823 -6.040611E-06 -5.141584E-06
200824 -7.120511E-06  5.054179E-06
200825 -7.564883E-06  1.596878E-05
200826 -7.178251E-06  2.585939E-05
200827 -5.853373E-06  3.296994E-05
200828 -3.615789E-06  3.590837E-05
200829 -6.427018E-07  3.399082E-05
200830  2.753441E-06  2.745988E-05
200831  6.175173E-06  1.750702E-05
200832  9.212181E-06  6.075084E-06
200833  1.151707E-05 -4.527495E-06
200834  1.286558E-05 -1.211714E-05
200835  1.318697E-05 -1.511521E-05
200836  1.255870E-05 -1.290027E-05
200837  1.116900E-05 -5.945212E-06
200838  9.258651E-06  4.293238E-06
200839  7.059926E-06  1.570175E-05
200840  4.753062E-06  2.597116E-05
200841  2.457143E-06  3.308101E-05
200842  2.579260E-07  3.570074E-05
200843 -1.745721E-06  3.342666E-05
200844 -3.410946E-06  2.681211E-05
200845 -4.565690E-06  1.719280E-05
200846 -5.071481E-06  6.353715E-06
200847 -4.900222E-06 -3.878166E-06
200848 -4.172448E-06 -1.201148E-05
200849 -3.122186E-06 -1.714399E-05
200850 -2.000174E-06 -1.903842E-05
200851 -9.710176E-07 -1.802719E-05
200852 -6.685460E-08 -1.480754E-05
200853  7.775956E-07 -1.021292E-05
200854  1.638633E-06 -5.031919E-06
200855  2.526501E-06  9.481115E-08
200856  3.363800E-06  4.708076E-06
200857  4.022167E-06  8.521204E-06
200858  4.383744E-06  1.139296E-05
200859  4.388301E-06  1.329529E-05
200860  4.047056E-06  1.428067E-05
200861  3.428281E-06  1.445158E-05
200862  2.630970E-06  1.393528E-05
200863  1.759825E-06  1.286713E-05
200864  9.066266E-07  1.138336E-05
200865 -1.571356E-06  6.574923E-06
200866 -2.250628E-06  4.470604E-06
200867 -2.730886E-06  2.475183E-06
200868 -3.069350E-06  7.210768E-07
200869 -3.347548E-06 -6.607209E-07
200870 -3.644372E-06 -1.552854E-06
200871 -3.997061E-06 -1.867998E-06
200872 -4.362622E-06 -1.564303E-06
200873 -4.604307E-06 -6.558766E-07
200874 -4.526722E-06  7.830965E-07
200875 -3.959316E-06  2.621519E-06
200876 -2.851448E-06  4.685081E-06
200877 -1.322071E-06  6.783377E-06
200878  3.728800E-07  8.745145E-06
200879  1.941240E-06  1.044534E-05
200880  3.166059E-06  1.180676E-05
200881  3.968704E-06  1.277342E-05
200882  4.401559E-06  1.327183E-05
200883  4.589935E-06  1.318325E-05
200884  4.659838E-06  1.234215E-05
200885  4.680523E-06  1.056380E-05
200886  4.636849E-06  7.698543E-06
200887  4.437739E-06  3.707319E-06
200888  3.958466E-06 -1.255941E-06
200889  3.100244E-06 -6.783263E-06
200890  1.838564E-06 -1.220662E-05
200891  2.366622E-07 -1.666729E-05
200892 -1.576193E-06 -1.925520E-05
200893 -3.438621E-06 -1.919100E-05
200894 -5.177539E-06 -1.601457E-05
200895 -6.608380E-06 -9.741829E-06
200896 -7.530373E-06 -9.503058E-07
200897 -7.737957E-06  9.243683E-06
200898 -7.056812E-06  1.933816E-05
200899 -5.394904E-06  2.771785E-05
200900 -2.788323E-06  3.299489E-05
200901  5.772944E-07  3.433652E-05
200902  4.380197E-06  3.169098E-05
200903  8.209880E-06  2.584241E-05
200904  1.163727E-05  1.826658E-05
200905  1.429009E-05  1.081132E-05
200906  1.591483E-05  5.273660E-06
200907  1.641096E-05  2.977175E-06
200908  1.583138E-05  4.457703E-06
200909  1.435077E-05  9.338842E-06
200910  1.221088E-05  1.642813E-05
200911  9.657917E-06  2.400460E-05
200912  6.893317E-06  3.021985E-05
200913  4.058937E-06  3.351259E-05
200914  1.264858E-06  3.294345E-05
200915 -1.357244E-06  2.838271E-05
200916 -3.615138E-06  2.051646E-05
200917 -5.271118E-06  1.067280E-05
200918 -6.118812E-06  5.080651E-07
200919 -6.082749E-06 -8.370290E-06
200920 -5.274879E-06 -1.474468E-05
200921 -3.961073E-06 -1.800000E-05
200922 -2.448536E-06 -1.815720E-05
200923 -9.616714E-07 -1.574131E-05
200924  4.157685E-07 -1.155555E-05
200925  1.702077E-06 -6.454466E-06
200926  2.921846E-06 -1.184829E-06
200927  4.028450E-06  3.686934E-06
200928  4.896721E-06  7.783327E-06
200929  5.379959E-06  1.089443E-05
200930  5.382828E-06  1.294869E-05
200931  4.902755E-06  1.398210E-05
200932  4.024909E-06  1.410560E-05
200933  2.887066E-06  1.347215E-05
200934  1.639877E-06  1.224832E-05
200935  4.182868E-07  1.059499E-05
200936 -6.739118E-07  8.659113E-06
200937 -2.727927E-06  3.582866E-06
200938 -3.348800E-06  1.578522E-06
200939 -3.722041E-06 -2.591176E-07
200940 -3.916516E-06 -1.836925E-06
200941 -4.031989E-06 -3.063754E-06
200942 -4.175622E-06 -3.857887E-06
200943 -4.420278E-06 -4.157541E-06
200944 -4.754822E-06 -3.929379E-06
200945 -5.055157E-06 -3.173155E-06
200946 -5.109482E-06 -1.925707E-06
200947 -4.705900E-06 -2.670209E-07
200948 -3.744217E-06  1.677192E-06
200949 -2.303814E-06  3.748168E-06
200950 -6.192481E-07  5.785483E-06
200951  1.023699E-06  7.661678E-06
200952  2.405772E-06  9.295367E-06
200953  3.438479E-06  1.063167E-05
200954  4.152995E-06  1.160336E-05
200955  4.640152E-06  1.209816E-05
200956  4.982942E-06  1.194957E-05
200957  5.208526E-06  1.095565E-05
200958  5.269814E-06  8.925285E-06
200959  5.060782E-06  5.750896E-06
200960  4.464211E-06  1.495800E-06
200961  3.414595E-06 -3.533924E-06
200962  1.943025E-06 -8.771218E-06
200963  1.765885E-07 -1.344503E-05
200964 -1.704724E-06 -1.670371E-05
200965 -3.520124E-06 -1.777507E-05
200966 -5.113650E-06 -1.613162E-05
200967 -6.345154E-06 -1.163425E-05
200968 -7.068765E-06 -4.625346E-06
200969 -7.128469E-06  4.063339E-06
200970 -6.383801E-06  1.321565E-05
200971 -4.756060E-06  2.144806E-05
200972 -2.273494E-06  2.749895E-05
200973  9.043967E-07  3.051956E-05
200974  4.494056E-06  3.028660E-05
200975  8.126556E-06  2.727343E-05
200976  1.140859E-05  2.255146E-05
200977  1.399041E-05  1.753824E-05
200978  1.562380E-05  1.365110E-05
200979  1.619700E-05  1.195366E-05
200980  1.574029E-05  1.288893E-05
200981  1.440235E-05  1.617159E-05
200982  1.240249E-05  2.086740E-05
200983  9.970448E-06  2.563340E-05
200984  7.293918E-06  2.904939E-05
200985  4.499171E-06  2.995443E-05
200986  1.679356E-06  2.771266E-05
200987 -1.043675E-06  2.235728E-05
200988 -3.468608E-06  1.458605E-05
200989 -5.324300E-06  5.606726E-06
200990 -6.354374E-06 -3.138675E-06
200991 -6.435377E-06 -1.030615E-05
200992 -5.651610E-06 -1.494688E-05
200993 -4.268141E-06 -1.668060E-05
200994 -2.610394E-06 -1.569728E-05
200995 -9.267957E-07 -1.260562E-05
200996  6.752801E-07 -8.206368E-06
200997  2.186123E-06 -3.285301E-06
200998  3.590827E-06  1.512543E-06
200999  4.794893E-06  5.723277E-06
201000  5.633472E-06  9.054254E-06
201001  5.948105E-06  1.136027E-05
201002  5.668006E-06  1.262067E-05
201003  4.842528E-06  1.291449E-05
201004  3.616317E-06  1.238931E-05
201005  2.175541E-06  1.122650E-05
201006  6.989926E-07  9.610410E-06
201007 -6.696051E-07  7.707828E-06
201008 -1.830495E-06  5.659655E-06
201009 -3.156519E-06  1.138748E-06
201010 -3.687335E-06 -5.722686E-07
201011 -3.955217E-06 -2.084593E-06
201012 -4.028682E-06 -3.344448E-06
201013 -4.011254E-06 -4.301716E-06
201014 -4.024198E-06 -4.913869E-06
201015 -4.165825E-06 -5.150811E-06
201016 -4.454175E-06 -4.994945E-06
201017 -4.784359E-06 -4.436911E-06
201018 -4.942571E-06 -3.476304E-06
201019 -4.693153E-06 -2.136077E-06
201020 -3.900949E-06 -4.838489E-07
201021 -2.612516E-06  1.361983E-06
201022 -1.038835E-06  3.256646E-06
201023  5.491211E-07  5.071387E-06
201024  1.939977E-06  6.721197E-06
201025  3.044062E-06  8.156126E-06
201026  3.877985E-06  9.324853E-06
201027  4.504388E-06  1.013747E-05
201028  4.971279E-06  1.044794E-05
201029  5.274385E-06  1.006256E-05
201030  5.347079E-06  8.776447E-06
201031  5.080319E-06  6.440840E-06
201032  4.373238E-06  3.051505E-06
201033  3.197288E-06 -1.174592E-06
201034  1.636658E-06 -5.776282E-06
201035 -1.264807E-07 -1.009958E-05
201036 -1.875915E-06 -1.340794E-05
201037 -3.430908E-06 -1.501659E-05
201038 -4.675970E-06 -1.442385E-05
201039 -5.541088E-06 -1.142645E-05
201040 -5.961165E-06 -6.203770E-06
201041 -5.852744E-06  6.575894E-07
201042 -5.125663E-06  8.228916E-06
201043 -3.720677E-06  1.540203E-05
201044 -1.651197E-06  2.112028E-05
201045  9.702529E-07  2.461929E-05
201046  3.931115E-06  2.561028E-05
201047  6.944595E-06  2.435239E-05
201048  9.695834E-06  2.158936E-05
201049  1.189650E-05  1.836131E-05
201050  1.333384E-05  1.573640E-05
201051  1.390294E-05  1.453115E-05
201052  1.361613E-05  1.509571E-05
201053  1.258796E-05  1.722518E-05
201054  1.099678E-05  2.022140E-05
201055  9.029855E-06  2.308275E-05
201056  6.830805E-06  2.476290E-05
201057  4.478025E-06  2.442825E-05
201058  2.015040E-06  2.165824E-05
201059 -4.778896E-07  1.655376E-05
201060 -2.819125E-06  9.734528E-06
201061 -4.726127E-06  2.217286E-06
201062 -5.902854E-06 -4.810347E-06
201063 -6.172366E-06 -1.027036E-05
201064 -5.569551E-06 -1.344704E-05
201065 -4.325581E-06 -1.412723E-05
201066 -2.748505E-06 -1.258215E-05
201067 -1.081270E-06 -9.412626E-06
201068  5.643076E-07 -5.337996E-06
201069  2.160737E-06 -1.021306E-06
201070  3.659507E-06  3.018714E-06
201071  4.923627E-06  6.419980E-06
201072  5.753692E-06  8.958207E-06
201073  5.981371E-06  1.053051E-05
201074  5.555576E-06  1.114494E-05
201075  4.564694E-06  1.090347E-05
201076  3.193806E-06  9.971770E-06
201077  1.656220E-06  8.542183E-06
201078  1.394439E-07  6.801105E-06
201079 -1.218832E-06  4.908320E-06
201080 -2.331868E-06  2.989459E-06
201081 -2.861839E-06 -5.997448E-07
201082 -3.310732E-06 -1.923073E-06
201083 -3.506319E-06 -3.034588E-06
201084 -3.507413E-06 -3.915052E-06
201085 -3.409783E-06 -4.551850E-06
201086 -3.336014E-06 -4.940807E-06
201087 -3.398070E-06 -5.085962E-06
201088 -3.636097E-06 -4.990455E-06
201089 -3.965873E-06 -4.641208E-06
201090 -4.182878E-06 -4.003875E-06
201091 -4.045615E-06 -3.044178E-06
201092 -3.401646E-06 -1.768701E-06
201093 -2.275517E-06 -2.522792E-07
201094 -8.562672E-07  1.376941E-06
201095  6.046113E-07  2.987054E-06
201096  1.909700E-06  4.486498E-06
201097  2.972596E-06  5.829173E-06
201098  3.798549E-06  6.982742E-06
201099  4.426209E-06  7.887729E-06
201100  4.875558E-06  8.431379E-06
201101  5.120845E-06  8.445452E-06
201102  5.087789E-06  7.733022E-06
201103  4.676323E-06  6.129864E-06
201104  3.811761E-06  3.591380E-06
201105  2.508132E-06  2.690641E-07
201106  9.032175E-07 -3.468809E-06
201107 -7.696865E-07 -7.090185E-06
201108 -2.265157E-06 -1.000129E-05
201109 -3.411782E-06 -1.165563E-05
201110 -4.146579E-06 -1.164633E-05
201111 -4.485433E-06 -9.782790E-06
201112 -4.463470E-06 -6.152510E-06
201113 -4.090927E-06 -1.149146E-06
201114 -3.347053E-06  4.563294E-06
201115 -2.204912E-06  1.016348E-05
201116 -6.662577E-07  1.484367E-05
201117  1.211504E-06  1.799272E-05
201118  3.305769E-06  1.933849E-05
201119  5.439085E-06  1.900901E-05
201120  7.406453E-06  1.749391E-05
201121  9.011904E-06  1.551324E-05
201122  1.010419E-05  1.382450E-05
201123  1.060286E-05  1.301728E-05
201124  1.050944E-05  1.335235E-05
201125  9.900295E-06  1.469335E-05
201126  8.898361E-06  1.655107E-05
201127  7.626026E-06  1.822247E-05
201128  6.156064E-06  1.897705E-05
201129  4.491791E-06  1.823829E-05
201130  2.602538E-06  1.572444E-05
201131  5.064539E-07  1.153077E-05
201132 -1.650526E-06  6.138682E-06
201133 -3.584839E-06  3.360487E-07
201134 -4.962702E-06 -4.953371E-06
201135 -5.543942E-06 -8.896886E-06
201136 -5.292095E-06 -1.096418E-05
201137 -4.374804E-06 -1.104217E-05
201138 -3.053885E-06 -9.408883E-06
201139 -1.546635E-06 -6.588995E-06
201140  3.958191E-08 -3.170554E-06
201141  1.660916E-06  3.308549E-07
201142  3.235514E-06  3.523219E-06
201143  4.586429E-06  6.129631E-06
201144  5.482602E-06  7.970173E-06
201145  5.744237E-06  8.960539E-06
201146  5.330478E-06  9.117451E-06
201147  4.352261E-06  8.549368E-06
201148  3.015802E-06  7.426056E-06
201149  1.544171E-06  5.938631E-06
201150  1.210908E-07  4.265580E-06
201151 -1.128739E-06  2.552764E-06
201152 -2.133749E-06  9.071488E-07
201153 -1.925503E-06 -1.666138E-06
201154 -2.321576E-06 -2.572248E-06
201155 -2.490133E-06 -3.265827E-06
201156 -2.474458E-06 -3.755944E-06
201157 -2.355078E-06 -4.062488E-06
201158 -2.245980E-06 -4.216865E-06
201159 -2.261261E-06 -4.257119E-06
201160 -2.453511E-06 -4.209321E-06
201161 -2.756526E-06 -4.060443E-06
201162 -2.982814E-06 -3.746454E-06
201163 -2.901398E-06 -3.179449E-06
201164 -2.360632E-06 -2.307080E-06
201165 -1.375306E-06 -1.161394E-06
201166 -1.159889E-07  1.453565E-07
201167  1.187737E-06  1.476054E-06
201168  2.355650E-06  2.729150E-06
201169  3.305979E-06  3.859202E-06
201170  4.033060E-06  4.851927E-06
201171  4.553557E-06  5.680771E-06
201172  4.864392E-06  6.272447E-06
201173  4.926151E-06  6.494602E-06
201174  4.666741E-06  6.173899E-06
201175  4.005794E-06  5.151937E-06
201176  2.904593E-06  3.369067E-06
201177  1.426500E-06  9.364147E-07
201178 -2.343736E-07 -1.851501E-06
201179 -1.793756E-06 -4.577249E-06
201180 -2.977864E-06 -6.799169E-06
201181 -3.625351E-06 -8.137687E-06
201182 -3.728202E-06 -8.327461E-06
201183 -3.395576E-06 -7.249331E-06
201184 -2.776931E-06 -4.959674E-06
201185 -1.995829E-06 -1.709875E-06
201186 -1.122259E-06  2.070193E-06
201187 -1.799030E-07  5.841481E-06
201188  8.298637E-07  9.067234E-06
201189  1.902989E-06  1.133393E-05
201190  3.015279E-06  1.244506E-05
201191  4.116192E-06  1.246168E-05
201192  5.134492E-06  1.167970E-05
201193  5.992854E-06  1.054876E-05
201194  6.625880E-06  9.550833E-06
201195  6.996082E-06  9.067866E-06
201196  7.103722E-06  9.275405E-06
201197  6.985727E-06  1.009548E-05
201198  6.697229E-06  1.122388E-05
201199  6.274271E-06  1.221865E-05
201200  5.692691E-06  1.261548E-05
201201  4.855789E-06  1.203696E-05
201202  3.639569E-06  1.028076E-05
201203  1.988471E-06  7.383752E-06
201204  7.768423E-09  3.651000E-06
201205 -2.017621E-06 -3.762650E-07
201206 -3.710184E-06 -4.032729E-06
201207 -4.753149E-06 -6.703096E-06
201208 -5.017667E-06 -7.996120E-06
201209 -4.582949E-06 -7.841697E-06
201210 -3.643140E-06 -6.467138E-06
201211 -2.378452E-06 -4.274057E-06
201212 -8.912897E-07 -1.691333E-06
201213  7.530688E-07  9.192475E-07
201214  2.435830E-06  3.281189E-06
201215  3.940649E-06  5.181968E-06
201216  5.006042E-06  6.463315E-06
201217  5.436716E-06  7.039363E-06
201218  5.189993E-06  6.919123E-06
201219  4.381861E-06  6.204414E-06
201220  3.222381E-06  5.058537E-06
201221  1.932040E-06  3.663274E-06
201222  6.849624E-07  2.183751E-06
201223 -4.075319E-07  7.493639E-07
201224 -1.286163E-06 -5.512052E-07
