Mesh2HRTF 0.1.2
    1
    1  1225
200000 -1.803932E-06 -1.987115E-05
200001  2.563020E-07 -1.987602E-05
200002  4.710544E-07 -1.964612E-05
200003  6.672882E-07 -1.938394E-05
200004  8.438190E-07 -1.910305E-05
200005  9.997453E-07 -1.881641E-05
200006  1.134435E-06 -1.853604E-05
200007  1.247479E-06 -1.827280E-05
200008  1.338671E-06 -1.803618E-05
200009  1.407970E-06 -1.783420E-05
200010  1.455454E-06 -1.767339E-05
200011  1.481295E-06 -1.755873E-05
200012  1.485717E-06 -1.749368E-05
200013  1.468977E-06 -1.748017E-05
200014  1.431338E-06 -1.751868E-05
200015  1.373062E-06 -1.760818E-05
200016  1.294404E-06 -1.774616E-05
200017  1.195611E-06 -1.792866E-05
200018  1.076977E-06 -1.815019E-05
200019  9.387835E-07 -1.840385E-05
200020  7.814093E-07 -1.868122E-05
200021  6.053266E-07 -1.897255E-05
200022  4.111446E-07 -1.926679E-05
200023  1.996483E-07 -1.955180E-05
200024 -2.816334E-08 -1.981458E-05
200025 -2.710455E-07 -2.004163E-05
200026 -5.274781E-07 -2.021932E-05
200027 -7.956498E-07 -2.033439E-05
200028 -1.073449E-06 -2.037449E-05
200029 -1.358472E-06 -2.032873E-05
200030 -1.648045E-06 -2.018828E-05
200031 -1.939263E-06 -1.994689E-05
200032 -2.229046E-06 -1.960141E-05
200033 -2.514212E-06 -1.915212E-05
200034 -2.791563E-06 -1.860301E-05
200035 -3.057982E-06 -1.796181E-05
200036 -3.310531E-06 -1.723994E-05
200037 -3.546549E-06 -1.645217E-05
200038 -3.763737E-06 -1.561622E-05
200039 -3.960233E-06 -1.475209E-05
200040 -4.134649E-06 -1.388140E-05
200041 -4.286094E-06 -1.302659E-05
200042 -4.414154E-06 -1.221009E-05
200043 -4.518847E-06 -1.145358E-05
200044 -4.600550E-06 -1.077723E-05
200045 -4.659904E-06 -1.019908E-05
200046 -4.697706E-06 -9.734491E-06
200047 -4.714806E-06 -9.395748E-06
200048 -4.711997E-06 -9.191723E-06
200049 -4.689945E-06 -9.127683E-06
200050 -4.649129E-06 -9.205170E-06
200051 -4.589813E-06 -9.421978E-06
200052 -4.512059E-06 -9.772206E-06
200053 -4.415767E-06 -1.024640E-05
200054 -4.300735E-06 -1.083180E-05
200055 -4.166750E-06 -1.151263E-05
200056 -4.013675E-06 -1.227058E-05
200057 -3.841553E-06 -1.308532E-05
200058 -3.650685E-06 -1.393516E-05
200059 -3.441704E-06 -1.479775E-05
200060 -3.215622E-06 -1.565086E-05
200061 -2.973852E-06 -1.647320E-05
200062 -2.718205E-06 -1.724515E-05
200063 -2.450857E-06 -1.794947E-05
200064 -2.174302E-06 -1.857191E-05
200065 -1.891285E-06 -1.910160E-05
200066 -1.604721E-06 -1.953137E-05
200067 -1.317615E-06 -1.985780E-05
200068 -1.032978E-06 -2.008115E-05
200069 -7.537505E-07 -2.020510E-05
200070 -4.827320E-07 -2.023637E-05
200071 -2.225249E-07 -2.018421E-05
200072  2.451363E-08 -2.005988E-05
200073  2.111691E-06 -1.549469E-05
200074  2.451503E-06 -1.424846E-05
200075  2.748086E-06 -1.299713E-05
200076  3.001452E-06 -1.178433E-05
200077  3.212578E-06 -1.064571E-05
200078  3.383263E-06 -9.608950E-06
200079  3.515960E-06 -8.694273E-06
200080  3.613581E-06 -7.915392E-06
200081  3.679277E-06 -7.280674E-06
200082  3.716212E-06 -6.794438E-06
200083  3.727335E-06 -6.458231E-06
200084  3.715174E-06 -6.271959E-06
200085  3.681659E-06 -6.234798E-06
200086  3.627999E-06 -6.345779E-06
200087  3.554605E-06 -6.604014E-06
200088  3.461081E-06 -7.008542E-06
200089  3.346266E-06 -7.557807E-06
200090  3.208345E-06 -8.248806E-06
200091  3.044992E-06 -9.075997E-06
200092  2.853560E-06 -1.003005E-05
200093  2.631286E-06 -1.109654E-05
200094  2.375508E-06 -1.225482E-05
200095  2.083882E-06 -1.347704E-05
200096  1.754596E-06 -1.472757E-05
200097  1.386572E-06 -1.596305E-05
200098  9.796798E-07 -1.713298E-05
200099  5.349381E-07 -1.818110E-05
200100  5.471965E-08 -1.904762E-05
200101 -4.570561E-07 -1.967220E-05
200102 -9.947671E-07 -1.999753E-05
200103 -1.551003E-06 -1.997349E-05
200104 -2.116593E-06 -1.956134E-05
200105 -2.680786E-06 -1.873761E-05
200106 -3.231625E-06 -1.749736E-05
200107 -3.756513E-06 -1.585614E-05
200108 -4.242963E-06 -1.385055E-05
200109 -4.679477E-06 -1.153698E-05
200110 -5.056459E-06 -8.988653E-06
200111 -5.367074E-06 -6.291242E-06
200112 -5.607914E-06 -3.537368E-06
200113 -5.779377E-06 -8.207697E-07
200114 -5.885687E-06  1.769274E-06
200115 -5.934513E-06  4.152582E-06
200116 -5.936215E-06  6.261290E-06
200117 -5.902783E-06  8.041423E-06
200118 -5.846598E-06  9.452868E-06
200119 -5.779146E-06  1.046809E-05
200120 -5.709835E-06  1.107011E-05
200121 -5.645071E-06  1.125047E-05
200122 -5.587665E-06  1.100762E-05
200123 -5.536656E-06  1.034629E-05
200124 -5.487559E-06  9.277944E-06
200125 -5.432965E-06  7.822185E-06
200126 -5.363456E-06  6.008660E-06
200127 -5.268683E-06  3.878979E-06
200128 -5.138507E-06  1.487934E-06
200129 -4.964062E-06 -1.096473E-06
200130 -4.738639E-06 -3.794556E-06
200131 -4.458314E-06 -6.518082E-06
200132 -4.122265E-06 -9.174793E-06
200133 -3.732780E-06 -1.167385E-05
200134 -3.294989E-06 -1.393154E-05
200135 -2.816376E-06 -1.587666E-05
200136 -2.306144E-06 -1.745479E-05
200137 -1.774532E-06 -1.863123E-05
200138 -1.232147E-06 -1.939213E-05
200139 -6.893761E-07 -1.974402E-05
200140 -1.559257E-07 -1.971177E-05
200141  3.595157E-07 -1.933538E-05
200142  8.494767E-07 -1.866609E-05
200143  1.307812E-06 -1.776218E-05
200144  1.729714E-06 -1.668488E-05
200145  3.257533E-06 -7.449719E-06
200146  3.578033E-06 -5.088513E-06
200147  3.829981E-06 -2.902894E-06
200148  4.016623E-06 -9.487785E-07
200149  4.143052E-06  7.415480E-07
200150  4.216165E-06  2.156278E-06
200151  4.244424E-06  3.300185E-06
200152  4.237411E-06  4.190321E-06
200153  4.205219E-06  4.851549E-06
200154  4.157736E-06  5.312125E-06
200155  4.103932E-06  5.599560E-06
200156  4.051197E-06  5.736984E-06
200157  4.004807E-06  5.740275E-06
200158  3.967552E-06  5.616171E-06
200159  3.939542E-06  5.361539E-06
200160  3.918219E-06  4.963872E-06
200161  3.898560E-06  4.402971E-06
200162  3.873484E-06  3.653679E-06
200163  3.834398E-06  2.689446E-06
200164  3.771849E-06  1.486479E-06
200165  3.676177E-06  2.821294E-08
200166  3.538092E-06 -1.690129E-06
200167  3.349097E-06 -3.657125E-06
200168  3.101728E-06 -5.841147E-06
200169  2.789646E-06 -8.187114E-06
200170  2.407672E-06 -1.061443E-05
200171  1.951911E-06 -1.301673E-05
200172  1.420107E-06 -1.526402E-05
200173  8.123363E-07 -1.720788E-05
200174  1.320409E-07 -1.869006E-05
200175 -6.127244E-07 -1.955441E-05
200176 -1.408079E-06 -1.966156E-05
200177 -2.233491E-06 -1.890490E-05
200178 -3.061710E-06 -1.722586E-05
200179 -3.859758E-06 -1.462621E-05
200180 -4.591116E-06 -1.117474E-05
200181 -5.219003E-06 -7.006537E-06
200182 -5.710419E-06 -2.313861E-06
200183 -6.040363E-06  2.671017E-06
200184 -6.195581E-06  7.698930E-06
200185 -6.177148E-06  1.252963E-05
200186 -6.001369E-06  1.695616E-05
200187 -5.698735E-06  2.082363E-05
200188 -5.310972E-06  2.403904E-05
200189 -4.886542E-06  2.657044E-05
200190 -4.475226E-06  2.843600E-05
200191 -4.122504E-06  2.968519E-05
200192 -3.864526E-06  3.037655E-05
200193 -3.724278E-06  3.055683E-05
200194 -3.709414E-06  3.024609E-05
200195 -3.811930E-06  2.943219E-05
200196 -4.009617E-06  2.807573E-05
200197 -4.269042E-06  2.612439E-05
200198 -4.549589E-06  2.353332E-05
200199 -4.808069E-06  2.028712E-05
200200 -5.003363E-06  1.641844E-05
200201 -5.100512E-06  1.201900E-05
200202 -5.073915E-06  7.240717E-06
200203 -4.909264E-06  2.286265E-06
200204 -4.604106E-06 -2.609135E-06
200205 -4.167059E-06 -7.201540E-06
200206 -3.615897E-06 -1.126362E-05
200207 -2.974851E-06 -1.460742E-05
200208 -2.271588E-06 -1.710129E-05
200209 -1.534299E-06 -1.867902E-05
200210 -7.892857E-07 -1.934065E-05
200211 -5.930677E-08 -1.914593E-05
200212  6.372582E-07 -1.820230E-05
200213  1.286491E-06 -1.664976E-05
200214  1.878493E-06 -1.464504E-05
200215  2.406668E-06 -1.234706E-05
200216  2.867005E-06 -9.905000E-06
200217  3.450078E-06  1.910243E-06
200218  3.622758E-06  4.736007E-06
200219  3.710770E-06  7.090660E-06
200220  3.717711E-06  8.954612E-06
200221  3.650930E-06  1.034329E-05
200222  3.522342E-06  1.129892E-05
200223  3.348230E-06  1.188318E-05
200224  3.148095E-06  1.217050E-05
200225  2.942905E-06  1.224154E-05
200226  2.753157E-06  1.217654E-05
200227  2.597037E-06  1.204833E-05
200228  2.489038E-06  1.191586E-05
200229  2.438918E-06  1.181842E-05
200230  2.451072E-06  1.177167E-05
200231  2.524220E-06  1.176600E-05
200232  2.651430E-06  1.176744E-05
200233  2.820544E-06  1.172114E-05
200234  3.015110E-06  1.155677E-05
200235  3.215836E-06  1.119515E-05
200236  3.402449E-06  1.055537E-05
200237  3.555661E-06  9.561869E-06
200238  3.658838E-06  8.151336E-06
200239  3.698920E-06  6.279698E-06
200240  3.666328E-06  3.929643E-06
200241  3.553821E-06  1.118982E-06
200242  3.354670E-06 -2.090375E-06
200243  3.060775E-06 -5.583901E-06
200244  2.661584E-06 -9.188439E-06
200245  2.144594E-06 -1.267153E-05
200246  1.497884E-06 -1.574910E-05
200247  7.145993E-07 -1.810397E-05
200248 -2.013390E-07 -1.941581E-05
200249 -1.229615E-06 -1.940096E-05
200250 -2.329606E-06 -1.785732E-05
200251 -3.439715E-06 -1.470704E-05
200252 -4.480959E-06 -1.002799E-05
200253 -5.364953E-06 -4.065461E-06
200254 -6.005401E-06  2.782231E-06
200255 -6.331243E-06  1.000580E-05
200256 -6.299078E-06  1.705060E-05
200257 -5.902370E-06  2.339560E-05
200258 -5.175498E-06  2.863148E-05
200259 -4.191641E-06  3.252166E-05
200260 -3.054689E-06  3.503284E-05
200261 -1.886489E-06  3.632684E-05
200262 -8.115548E-07  3.671387E-05
200263  5.828093E-08  3.657616E-05
200264  6.370131E-07  3.627774E-05
200265  8.736328E-07  3.608011E-05
200266  7.564643E-07  3.608243E-05
200267  3.125472E-07  3.619960E-05
200268 -3.973460E-07  3.618315E-05
200269 -1.287040E-06  3.568004E-05
200270 -2.255424E-06  3.431593E-05
200271 -3.197811E-06  3.178458E-05
200272 -4.017013E-06  2.792365E-05
200273 -4.633053E-06  2.276152E-05
200274 -4.990535E-06  1.652613E-05
200275 -5.062897E-06  9.615763E-06
200276 -4.853059E-06  2.539592E-06
200277 -4.390421E-06 -4.158751E-06
200278 -3.724691E-06 -9.978867E-06
200279 -2.917590E-06 -1.452842E-05
200280 -2.033848E-06 -1.756512E-05
200281 -1.133045E-06 -1.901150E-05
200282 -2.636230E-07 -1.894400E-05
200283  5.401328E-07 -1.756241E-05
200284  1.258046E-06 -1.514792E-05
200285  1.881534E-06 -1.201883E-05
200286  2.409670E-06 -8.491067E-06
200287  2.845180E-06 -4.848242E-06
200288  3.191268E-06 -1.323121E-06
200289  2.784364E-06  9.584841E-06
200290  2.765590E-06  1.182534E-05
200291  2.660166E-06  1.335583E-05
200292  2.461289E-06  1.424024E-05
200293  2.171633E-06  1.456452E-05
200294  1.806052E-06  1.442781E-05
200295  1.390745E-06  1.393870E-05
200296  9.596243E-07  1.321360E-05
200297  5.493612E-07  1.237412E-05
200298  1.946246E-07  1.154177E-05
200299 -7.542756E-08  1.082939E-05
200300 -2.390950E-07  1.033057E-05
200301 -2.828806E-07  1.010917E-05
200302 -2.017114E-07  1.019109E-05
200303  8.232720E-10  1.056067E-05
200304  3.121342E-07  1.116236E-05
200305  7.106211E-07  1.190750E-05
200306  1.166682E-06  1.268448E-05
200307  1.645297E-06  1.336987E-05
200308  2.110231E-06  1.383810E-05
200309  2.529160E-06  1.396812E-05
200310  2.878450E-06  1.364699E-05
200311  3.146058E-06  1.277198E-05
200312  3.331280E-06  1.125433E-05
200313  3.440878E-06  9.027854E-06
200314  3.482189E-06  6.064852E-06
200315  3.454982E-06  2.399192E-06
200316  3.344618E-06 -1.846609E-06
200317  3.119275E-06 -6.437124E-06
200318  2.733294E-06 -1.101179E-05
200319  2.137264E-06 -1.509445E-05
200320  1.293481E-06 -1.813191E-05
200321  1.934895E-07 -1.956343E-05
200322 -1.126904E-06 -1.891485E-05
200323 -2.579888E-06 -1.590280E-05
200324 -4.028737E-06 -1.052680E-05
200325 -5.302884E-06 -3.124966E-06
200326 -6.223186E-06  5.628497E-06
200327 -6.632782E-06  1.479512E-05
200328 -6.427205E-06  2.330967E-05
200329 -5.577159E-06  3.016230E-05
200330 -4.138851E-06  3.458995E-05
200331 -2.249441E-06  3.623427E-05
200332 -1.085187E-07  3.522656E-05
200333  2.050553E-06  3.217361E-05
200334  3.993666E-06  2.804079E-05
200335  5.517232E-06  2.395295E-05
200336  6.472592E-06  2.095507E-05
200337  6.780542E-06  1.978613E-05
200338  6.435303E-06  2.071817E-05
200339  5.499250E-06  2.349792E-05
200340  4.090847E-06  2.740453E-05
200341  2.368443E-06  3.140932E-05
200342  5.121387E-07  3.439991E-05
200343 -1.294792E-06  3.541728E-05
200344 -2.883899E-06  3.385289E-05
200345 -4.117996E-06  2.956506E-05
200346 -4.904683E-06  2.289430E-05
200347 -5.205203E-06  1.458144E-05
200348 -5.036805E-06  5.613729E-06
200349 -4.467446E-06 -2.962591E-06
200350 -3.602974E-06 -1.022160E-05
200351 -2.568711E-06 -1.549406E-05
200352 -1.488849E-06 -1.843995E-05
200353 -4.678818E-07 -1.905290E-05
200354  4.221037E-07 -1.760709E-05
200355  1.145932E-06 -1.456738E-05
200356  1.701456E-06 -1.048687E-05
200357  2.109278E-06 -5.913479E-06
200358  2.399565E-06 -1.320554E-06
200359  2.599844E-06  2.932134E-06
200360  2.726905E-06  6.608565E-06
200361  1.589945E-06  1.326225E-05
200362  1.454480E-06  1.401452E-05
200363  1.241443E-06  1.406957E-05
200364  9.155746E-07  1.358071E-05
200365  4.648329E-07  1.267442E-05
200366 -9.442498E-08  1.145407E-05
200367 -7.212247E-07  1.001401E-05
200368 -1.360023E-06  8.454767E-06
200369 -1.952754E-06  6.892367E-06
200370 -2.448765E-06  5.457707E-06
200371 -2.810202E-06  4.285825E-06
200372 -3.012717E-06  3.498043E-06
200373 -3.043374E-06  3.182090E-06
200374 -2.898431E-06  3.375870E-06
200375 -2.582982E-06  4.059633E-06
200376 -2.112822E-06  5.158975E-06
200377 -1.517070E-06  6.558025E-06
200378 -8.390933E-07  8.119051E-06
200379 -1.335167E-07  9.702545E-06
200380  5.413963E-07  1.118150E-05
200381  1.134787E-06  1.244531E-05
200382  1.614632E-06  1.339243E-05
200383  1.975726E-06  1.391537E-05
200384  2.240785E-06  1.388582E-05
200385  2.452831E-06  1.314945E-05
200386  2.659519E-06  1.153938E-05
200387  2.892770E-06  8.913038E-06
200388  3.149334E-06  5.210063E-06
200389  3.378836E-06  5.207491E-07
200390  3.484973E-06 -4.853276E-06
200391  3.342583E-06 -1.036899E-05
200392  2.828890E-06 -1.526427E-05
200393  1.862475E-06 -1.864607E-05
200394  4.399799E-07 -1.964287E-05
200395 -1.340474E-06 -1.760037E-05
200396 -3.277878E-06 -1.228038E-05
200397 -5.092532E-06 -4.011018E-06
200398 -6.472697E-06  6.263460E-06
200399 -7.134193E-06  1.706876E-05
200400 -6.879348E-06  2.662800E-05
200401 -5.641302E-06  3.319836E-05
200402 -3.502999E-06  3.544923E-05
200403 -6.865219E-07  3.279300E-05
200404  2.484249E-06  2.558014E-05
200405  5.638353E-06  1.509597E-05
200406  8.417098E-06  3.342389E-06
200407  1.052547E-05 -7.358017E-06
200408  1.176657E-05 -1.484991E-05
200409  1.205560E-05 -1.761208E-05
200410  1.141520E-05 -1.509150E-05
200411  9.958195E-06 -7.823525E-06
200412  7.864433E-06  2.690401E-06
200413  5.357439E-06  1.431661E-05
200414  2.683285E-06  2.475266E-05
200415  9.127127E-08  3.200940E-05
200416 -2.185568E-06  3.480116E-05
200417 -3.951616E-06  3.276115E-05
200418 -5.070628E-06  2.644643E-05
200419 -5.484757E-06  1.714915E-05
200420 -5.225016E-06  6.574526E-06
200421 -4.407935E-06 -3.528991E-06
200422 -3.216044E-06 -1.170107E-05
200423 -1.864520E-06 -1.699612E-05
200424 -5.609821E-07 -1.907247E-05
200425  5.318155E-07 -1.814811E-05
200426  1.320923E-06 -1.485629E-05
200427  1.789795E-06 -1.005099E-05
200428  1.985990E-06 -4.613432E-06
200429  1.994915E-06  7.002716E-07
200430  1.908236E-06  5.348562E-06
200431  1.796387E-06  9.028456E-06
200432  1.692375E-06  1.164710E-05
200433  2.521651E-07  1.224520E-05
200434  1.757595E-07  1.117136E-05
200435  3.281210E-08  9.754413E-06
200436 -2.614965E-07  8.185093E-06
200437 -7.435590E-07  6.550560E-06
200438 -1.394022E-06  4.868960E-06
200439 -2.148524E-06  3.136145E-06
200440 -2.920041E-06  1.367809E-06
200441 -3.623402E-06 -3.748346E-07
200442 -4.193241E-06 -1.981050E-06
200443 -4.590596E-06 -3.306931E-06
200444 -4.798781E-06 -4.205698E-06
200445 -4.813755E-06 -4.562496E-06
200446 -4.635900E-06 -4.323485E-06
200447 -4.268289E-06 -3.510631E-06
200448 -3.722248E-06 -2.217269E-06
200449 -3.026510E-06 -5.850036E-07
200450 -2.233790E-06  1.231624E-06
200451 -1.419263E-06  3.101523E-06
200452 -6.687139E-07  4.941702E-06
200453 -5.853822E-08  6.719977E-06
200454  3.665940E-07  8.432095E-06
200455  6.108771E-07  1.005845E-05
200456  7.324317E-07  1.151399E-05
200457  8.321757E-07  1.261032E-05
200458  1.026650E-06  1.304923E-05
200459  1.409894E-06  1.246152E-05
200460  2.013943E-06  1.049426E-05
200461  2.780208E-06  6.934980E-06
200462  3.553324E-06  1.845936E-06
200463  4.104506E-06 -4.330673E-06
200464  4.183345E-06 -1.074018E-05
200465  3.587648E-06 -1.619120E-05
200466  2.233302E-06 -1.935318E-05
200467  2.033867E-07 -1.905581E-05
200468 -2.240711E-06 -1.463246E-05
200469 -4.693935E-06 -6.220172E-06
200470 -6.683009E-06  5.080938E-06
200471 -7.765718E-06  1.726752E-05
200472 -7.629372E-06  2.774210E-05
200473 -6.163252E-06  3.383434E-05
200474 -3.486495E-06  3.342848E-05
200475  7.503093E-08  2.554356E-05
200476  4.055510E-06  1.070528E-05
200477  7.941000E-06 -9.012749E-06
200478  1.126230E-05 -3.032103E-05
200479  1.366685E-05 -4.936392E-05
200480  1.495601E-05 -6.254210E-05
200481  1.508576E-05 -6.730972E-05
200482  1.413956E-05 -6.274756E-05
200483  1.228857E-05 -4.976802E-05
200484  9.754382E-06 -3.090137E-05
200485  6.783860E-06 -9.719646E-06
200486  3.637258E-06  9.954539E-06
200487  5.829498E-07  2.485797E-05
200488 -2.111342E-06  3.292313E-05
200489 -4.198960E-06  3.360270E-05
200490 -5.487723E-06  2.783065E-05
200491 -5.879055E-06  1.766253E-05
200492 -5.399151E-06  5.712132E-06
200493 -4.207562E-06 -5.460677E-06
200494 -2.574291E-06 -1.386315E-05
200495 -8.269261E-07 -1.837982E-05
200496  7.195075E-07 -1.884080E-05
200497  1.830187E-06 -1.587411E-05
200498  2.395714E-06 -1.061612E-05
200499  2.442120E-06 -4.374322E-06
200500  2.104327E-06  1.670894E-06
200501  1.573343E-06  6.666286E-06
200502  1.034879E-06  1.016553E-05
200503  6.182451E-07  1.210027E-05
200504  3.692717E-07  1.267724E-05
200505 -9.248072E-07  7.505670E-06
200506 -7.268266E-07  4.920286E-06
200507 -5.932497E-07  2.617625E-06
200508 -6.758735E-07  7.348942E-07
200509 -1.041154E-06 -7.739375E-07
200510 -1.662002E-06 -2.058549E-06
200511 -2.440018E-06 -3.284969E-06
200512 -3.246318E-06 -4.564769E-06
200513 -3.964081E-06 -5.915485E-06
200514 -4.517295E-06 -7.256531E-06
200515 -4.877329E-06 -8.435898E-06
200516 -5.049247E-06 -9.276912E-06
200517 -5.048606E-06 -9.631253E-06
200518 -4.882777E-06 -9.423865E-06
200519 -4.547016E-06 -8.677157E-06
200520 -4.036685E-06 -7.506278E-06
200521 -3.367942E-06 -6.084634E-06
200522 -2.594524E-06 -4.588133E-06
200523 -1.809888E-06 -3.135192E-06
200524 -1.130559E-06 -1.743806E-06
200525 -6.645468E-07 -3.242075E-07
200526 -4.746993E-07  1.284143E-06
200527 -5.491866E-07  3.236690E-06
200528 -7.899429E-07  5.588501E-06
200529 -1.025868E-06  8.208589E-06
200530 -1.051722E-06  1.073523E-05
200531 -6.865852E-07  1.259801E-05
200532  1.614782E-07  1.311920E-05
200533  1.443367E-06  1.168748E-05
200534  2.949182E-06  7.973527E-06
200535  4.334579E-06  2.134384E-06
200536  5.194618E-06 -5.061471E-06
200537  5.170672E-06 -1.225425E-05
200538  4.062436E-06 -1.769921E-05
200539  1.911195E-06 -1.965276E-05
200540 -9.743515E-07 -1.687090E-05
200541 -4.063328E-06 -9.096860E-06
200542 -6.711892E-06  2.614738E-06
200543 -8.309716E-06  1.587540E-05
200544 -8.424876E-06  2.731520E-05
200545 -6.907737E-06  3.328100E-05
200546 -3.925711E-06  3.073857E-05
200547  7.931804E-08  1.815142E-05
200548  4.496925E-06 -3.915731E-06
200549  8.685782E-06 -3.267002E-05
200550  1.210396E-05 -6.352233E-05
200551  1.439791E-05 -9.100748E-05
200552  1.543164E-05 -1.099802E-04
200553  1.525837E-05 -1.167877E-04
200554  1.405505E-05 -1.101168E-04
200555  1.204933E-05 -9.129525E-05
200556  9.466678E-06 -6.397019E-05
200557  6.512132E-06 -3.325340E-05
200558  3.384190E-06 -4.557866E-06
200559  3.029929E-07  1.757499E-05
200560 -2.471706E-06  3.037004E-05
200561 -4.652799E-06  3.323568E-05
200562 -5.974089E-06  2.764083E-05
200563 -6.262072E-06  1.653277E-05
200564 -5.504273E-06  3.487249E-06
200565 -3.883515E-06 -8.169470E-06
200566 -1.757284E-06 -1.604871E-05
200567  4.186945E-07 -1.905789E-05
200568  2.201716E-06 -1.739538E-05
200569  3.272857E-06 -1.224672E-05
200570  3.511150E-06 -5.312324E-06
200571  3.008083E-06  1.684618E-06
200572  2.020418E-06  7.386717E-06
200573  8.799682E-07  1.101637E-05
200574 -1.083795E-07  1.240390E-05
200575 -7.482734E-07  1.186756E-05
200576 -9.908660E-07  1.001069E-05
200577 -1.770539E-06  9.927212E-07
200578 -1.122448E-06 -2.356396E-06
200579 -5.531492E-07 -4.708316E-06
200580 -2.884040E-07 -6.068687E-06
200581 -4.243802E-07 -6.681462E-06
200582 -9.201755E-07 -6.900812E-06
200583 -1.634618E-06 -7.067111E-06
200584 -2.389572E-06 -7.415611E-06
200585 -3.034412E-06 -8.032031E-06
200586 -3.487686E-06 -8.855406E-06
200587 -3.742646E-06 -9.718402E-06
200588 -3.839718E-06 -1.041021E-05
200589 -3.824024E-06 -1.074573E-05
200590 -3.712021E-06 -1.062509E-05
200591 -3.484800E-06 -1.006828E-05
200592 -3.110095E-06 -9.213060E-06
200593 -2.579309E-06 -8.271579E-06
200594 -1.938338E-06 -7.454191E-06
200595 -1.294743E-06 -6.882151E-06
200596 -7.955222E-07 -6.519815E-06
200597 -5.824624E-07 -6.155081E-06
200598 -7.401912E-07 -5.443754E-06
200599 -1.253778E-06 -4.013503E-06
200600 -1.989786E-06 -1.603129E-06
200601 -2.709470E-06  1.800573E-06
200602 -3.116464E-06  5.870059E-06
200603 -2.933353E-06  9.924956E-06
200604 -1.991799E-06  1.302428E-05
200605 -3.115286E-07  1.416583E-05
200606  1.860644E-06  1.256719E-05
200607  4.074766E-06  7.969323E-06
200608  5.770742E-06  8.750698E-07
200609  6.422876E-06 -7.376074E-06
200610  5.697194E-06 -1.477452E-05
200611  3.572973E-06 -1.906938E-05
200612  3.864683E-07 -1.839666E-05
200613 -3.223459E-06 -1.195740E-05
200614 -6.458398E-06 -5.381535E-07
200615 -8.554782E-06  1.333201E-05
200616 -8.975405E-06  2.571988E-05
200617 -7.543549E-06  3.211653E-05
200618 -4.481826E-06  2.858915E-05
200619 -3.461407E-07  1.295869E-05
200620  4.123423E-06 -1.434438E-05
200621  8.188605E-06 -5.003479E-05
200622  1.128005E-05 -8.846847E-05
200623  1.309831E-05 -1.228000E-04
200624  1.362556E-05 -1.465246E-04
200625  1.305621E-05 -1.550051E-04
200626  1.168152E-05 -1.465793E-04
200627  9.776339E-06 -1.229513E-04
200628  7.530364E-06 -8.876607E-05
200629  5.044728E-06 -5.048740E-05
200630  2.385706E-06 -1.488508E-05
200631 -3.371562E-07  1.247039E-05
200632 -2.912244E-06  2.832487E-05
200633 -5.022727E-06  3.221377E-05
200634 -6.311738E-06  2.622407E-05
200635 -6.497293E-06  1.417261E-05
200636 -5.492479E-06  4.723273E-07
200637 -3.478180E-06 -1.098632E-05
200638 -8.905189E-07 -1.765437E-05
200639  1.681929E-06 -1.867774E-05
200640  3.659333E-06 -1.476967E-05
200641  4.634241E-06 -7.719751E-06
200642  4.480483E-06  2.653480E-07
200643  3.371635E-06  7.186640E-06
200644  1.707327E-06  1.169086E-05
200645 -2.230371E-08  1.325188E-05
200646 -1.385487E-06  1.210835E-05
200647 -2.123179E-06  9.030280E-06
200648 -2.197876E-06  5.013223E-06
200649 -2.239404E-06 -5.296680E-06
200650 -1.068196E-06 -8.573767E-06
200651 -6.953730E-09 -1.024888E-05
200652  6.517934E-07 -1.052216E-05
200653  7.884513E-07 -9.845742E-06
200654  4.619337E-07 -8.756380E-06
200655 -1.414631E-07 -7.728711E-06
200656 -7.935370E-07 -7.078112E-06
200657 -1.311176E-06 -6.923387E-06
200658 -1.612025E-06 -7.203102E-06
200659 -1.718950E-06 -7.729512E-06
200660 -1.716516E-06 -8.261941E-06
200661 -1.685604E-06 -8.584136E-06
200662 -1.652517E-06 -8.572294E-06
200663 -1.579341E-06 -8.239272E-06
200664 -1.398250E-06 -7.739278E-06
200665 -1.068082E-06 -7.322489E-06
200666 -6.209244E-07 -7.243807E-06
200667 -1.739301E-07 -7.650061E-06
200668  9.965222E-08 -8.484834E-06
200669  2.812520E-08 -9.450660E-06
200670 -4.935778E-07 -1.005220E-05
200671 -1.451810E-06 -9.717706E-06
200672 -2.689601E-06 -7.970733E-06
200673 -3.917995E-06 -4.608155E-06
200674 -4.766968E-06  1.626468E-07
200675 -4.872987E-06  5.669701E-06
200676 -3.989198E-06  1.083756E-05
200677 -2.090118E-06  1.437948E-05
200678  5.668060E-07  1.510876E-05
200679  3.456585E-06  1.231670E-05
200680  5.891994E-06  6.119827E-06
200681  7.199803E-06 -2.349355E-06
200682  6.919124E-06 -1.102521E-05
200683  4.958833E-06 -1.732361E-05
200684  1.659339E-06 -1.884563E-05
200685 -2.267782E-06 -1.421041E-05
200686 -5.910541E-06 -3.767317E-06
200687 -8.390682E-06  1.008361E-05
200688 -9.093657E-06  2.315880E-05
200689 -7.827146E-06  3.037813E-05
200690 -4.862070E-06  2.709678E-05
200691 -8.454829E-07  1.052865E-05
200692  3.386315E-06 -1.917063E-05
200693  7.035688E-06 -5.853062E-05
200694  9.541898E-06 -1.012816E-04
200695  1.069010E-05 -1.396749E-04
200696  1.060296E-05 -1.662799E-04
200697  9.628337E-06 -1.757780E-04
200698  8.172454E-06 -1.662657E-04
200699  6.545585E-06 -1.397133E-04
200700  4.878197E-06 -1.014587E-04
200701  3.134828E-06 -5.888353E-05
200702  1.212329E-06 -1.963851E-05
200703 -9.256843E-07  1.010338E-05
200704 -3.142250E-06  2.691199E-05
200705 -5.103062E-06  3.058591E-05
200706 -6.356895E-06  2.379278E-05
200707 -6.496835E-06  1.103537E-05
200708 -5.339074E-06 -2.712702E-06
200709 -3.041176E-06 -1.329928E-05
200710 -1.016748E-07 -1.827652E-05
200711  2.769166E-06 -1.719580E-05
200712  4.863214E-06 -1.132954E-05
200713  5.693337E-06 -2.995903E-06
200714  5.136854E-06  5.255657E-06
200715  3.455191E-06  1.135074E-05
200716  1.190202E-06  1.412279E-05
200717 -1.018418E-06  1.341854E-05
200718 -2.627406E-06  9.923467E-06
200719 -3.332729E-06  4.817253E-06
200720 -3.122978E-06 -6.131633E-07
200721 -2.377633E-06 -9.991734E-06
200722 -7.357034E-07 -1.255575E-05
200723  7.568893E-07 -1.315369E-05
200724  1.761069E-06 -1.217974E-05
200725  2.143657E-06 -1.025217E-05
200726  1.980955E-06 -8.024450E-06
200727  1.497496E-06 -6.034148E-06
200728  9.637265E-07 -4.615315E-06
200729  5.897705E-07 -3.878492E-06
200730  4.560196E-07 -3.744539E-06
200731  5.083242E-07 -4.009191E-06
200732  6.166372E-07 -4.417736E-06
200733  6.636640E-07 -4.738574E-06
200734  6.139927E-07 -4.830229E-06
200735  5.263904E-07 -4.692297E-06
200736  5.060241E-07 -4.481650E-06
200737  6.276626E-07 -4.474223E-06
200738  8.743765E-07 -4.968323E-06
200739  1.123352E-06 -6.152801E-06
200740  1.183012E-06 -7.986661E-06
200741  8.620422E-07 -1.014075E-05
200742  4.256416E-08 -1.203296E-05
200743 -1.264504E-06 -1.295546E-05
200744 -2.893473E-06 -1.226201E-05
200745 -4.532525E-06 -9.567865E-06
200746 -5.771166E-06 -4.915396E-06
200747 -6.188427E-06  1.134431E-06
200748 -5.473076E-06  7.519148E-06
200749 -3.547973E-06  1.282894E-05
200750 -6.538199E-07  1.560652E-05
200751  2.652674E-06  1.475824E-05
200752  5.607492E-06  9.982748E-06
200753  7.436055E-06  2.074135E-06
200754  7.581049E-06 -7.051549E-06
200755  5.886533E-06 -1.470538E-05
200756  2.673993E-06 -1.813844E-05
200757 -1.319985E-06 -1.546661E-05
200758 -5.130276E-06 -6.533724E-06
200759 -7.820495E-06  6.607839E-06
200760 -8.735266E-06  1.985433E-05
200761 -7.673133E-06  2.792152E-05
200762 -4.929526E-06  2.576183E-05
200763 -1.198179E-06  1.014066E-05
200764  2.637876E-06 -1.912011E-05
200765  5.760473E-06 -5.866173E-05
200766  7.635693E-06 -1.020849E-04
200767  8.129376E-06 -1.413381E-04
200768  7.484925E-06 -1.686368E-04
200769  6.178385E-06 -1.783885E-04
200770  4.710467E-06 -1.685918E-04
200771  3.417355E-06 -1.413271E-04
200772  2.372270E-06 -1.022102E-04
200773  1.411872E-06 -5.897025E-05
200774  2.713070E-07 -1.954657E-05
200775 -1.231785E-06  9.769648E-06
200776 -3.045306E-06  2.565848E-05
200777 -4.834679E-06  2.823521E-05
200778 -6.071596E-06  2.059160E-05
200779 -6.234469E-06  7.616745E-06
200780 -5.041428E-06 -5.508374E-06
200781 -2.613279E-06 -1.468796E-05
200782  5.126955E-07 -1.778901E-05
200783  3.534281E-06 -1.484124E-05
200784  5.644949E-06 -7.609147E-06
200785  6.300844E-06  1.232396E-06
200786  5.391975E-06  9.009697E-06
200787  3.259069E-06  1.377443E-05
200788  5.608217E-07  1.467938E-05
200789 -1.949392E-06  1.198091E-05
200790 -3.653182E-06  6.753863E-06
200791 -4.228051E-06  4.615559E-07
200792 -3.698413E-06 -5.473668E-06
200793 -2.286961E-06 -1.256202E-05
200794 -3.312879E-07 -1.409270E-05
200795  1.442534E-06 -1.356765E-05
200796  2.676635E-06 -1.153118E-05
200797  3.234134E-06 -8.694716E-06
200798  3.201974E-06 -5.746540E-06
200799  2.826926E-06 -3.212765E-06
200800  2.405655E-06 -1.389895E-06
200801  2.165816E-06 -3.477984E-07
200802  2.184503E-06  1.803502E-08
200803  2.380666E-06 -8.447544E-08
200804  2.585043E-06 -4.104714E-07
200805  2.648994E-06 -7.353883E-07
200806  2.530085E-06 -9.103453E-07
200807  2.306363E-06 -9.157655E-07
200808  2.115620E-06 -8.929829E-07
200809  2.060543E-06 -1.122555E-06
200810  2.136353E-06 -1.932828E-06
200811  2.217831E-06 -3.557933E-06
200812  2.105767E-06 -5.997685E-06
200813  1.604483E-06 -8.940386E-06
200814  5.964705E-07 -1.178711E-05
200815 -9.070289E-07 -1.377573E-05
200816 -2.744582E-06 -1.416788E-05
200817 -4.611137E-06 -1.244883E-05
200818 -6.096128E-06 -8.499055E-06
200819 -6.761451E-06 -2.708515E-06
200820 -6.259401E-06  3.995226E-06
200821 -4.466991E-06  1.024279E-05
200822 -1.587541E-06  1.447510E-05
200823  1.835469E-06  1.534390E-05
200824  5.022031E-06  1.218183E-05
200825  7.159064E-06  5.393855E-06
200826  7.641149E-06 -3.405214E-06
200827  6.266463E-06 -1.164155E-05
200828  3.319421E-06 -1.644499E-05
200829 -4.899969E-07 -1.559358E-05
200830 -4.213544E-06 -8.464175E-06
200831 -6.922837E-06  3.360440E-06
200832 -7.962246E-06  1.612774E-05
200833 -7.123158E-06  2.471157E-05
200834 -4.689764E-06  2.401885E-05
200835 -1.343686E-06  1.060915E-05
200836  2.044265E-06 -1.599498E-05
200837  4.672405E-06 -5.276678E-05
200838  6.035835E-06 -9.363014E-05
200839  6.049289E-06 -1.308218E-04
200840  5.024329E-06 -1.567885E-04
200841  3.511791E-06 -1.660880E-04
200842  2.071579E-06 -1.567681E-04
200843  1.060151E-06 -1.308504E-04
200844  5.178075E-07 -9.379412E-05
200845  1.968280E-07 -5.309358E-05
200846 -2.844710E-07 -1.640132E-05
200847 -1.225931E-06  1.030674E-05
200848 -2.658537E-06  2.402624E-05
200849 -4.271131E-06  2.515010E-05
200850 -5.495840E-06  1.695873E-05
200851 -5.731248E-06  4.385988E-06
200852 -4.615028E-06 -7.524508E-06
200853 -2.223845E-06 -1.499351E-05
200854  8.976176E-07 -1.632504E-05
200855  3.901398E-06 -1.199968E-05
200856  5.929169E-06 -4.124834E-06
200857  6.411934E-06  4.482841E-06
200858  5.257741E-06  1.123901E-05
200859  2.862732E-06  1.447464E-05
200860 -4.415599E-08  1.371907E-05
200861 -2.651346E-06  9.594194E-06
200862 -4.313309E-06  3.441055E-06
200863 -4.716199E-06 -3.156316E-06
200864 -3.920346E-06 -8.799832E-06
200865 -2.090397E-06 -1.315794E-05
200866 -3.495690E-08 -1.363624E-05
200867  1.829450E-06 -1.219916E-05
200868  3.154231E-06 -9.474489E-06
200869  3.805638E-06 -6.188745E-06
200870  3.869256E-06 -2.992540E-06
200871  3.591934E-06 -3.438526E-07
200872  3.275070E-06  1.535149E-06
200873  3.151347E-06  2.631916E-06
200874  3.293896E-06  3.074310E-06
200875  3.603388E-06  3.056803E-06
200876  3.883533E-06  2.789293E-06
200877  3.964091E-06  2.466194E-06
200878  3.798796E-06  2.232040E-06
200879  3.480509E-06  2.129618E-06
200880  3.169719E-06  2.050731E-06
200881  2.986386E-06  1.734060E-06
200882  2.932029E-06  8.421090E-07
200883  2.881907E-06 -8.952843E-07
200884  2.641233E-06 -3.527960E-06
200885  2.027576E-06 -6.793686E-06
200886  9.402202E-07 -1.013234E-05
200887 -6.017651E-07 -1.280241E-05
200888 -2.448796E-06 -1.405621E-05
200889 -4.327384E-06 -1.332128E-05
200890 -5.865429E-06 -1.035570E-05
200891 -6.651125E-06 -5.365942E-06
200892 -6.336696E-06  9.281813E-07
200893 -4.771088E-06  7.323814E-06
200894 -2.111579E-06  1.231645E-05
200895  1.148294E-06  1.445469E-05
200896  4.271280E-06  1.281121E-05
200897  6.473080E-06  7.426784E-06
200898  7.157540E-06 -4.598513E-07
200899  6.106400E-06 -8.555548E-06
200900  3.557807E-06 -1.408491E-05
200901  1.490288E-07 -1.469048E-05
200902 -3.256601E-06 -9.400646E-06
200903 -5.805167E-06  6.900105E-07
200904 -6.882152E-06  1.235183E-05
200905 -6.273637E-06  2.090868E-05
200906 -4.215500E-06  2.155624E-05
200907 -1.316923E-06  1.091984E-05
200908  1.622421E-06 -1.166941E-05
200909  3.851021E-06 -4.363499E-05
200910  4.887871E-06 -7.956546E-05
200911  4.654199E-06 -1.124738E-04
200912  3.465478E-06 -1.355401E-04
200913  1.884169E-06 -1.438425E-04
200914  4.893443E-07 -1.356052E-04
200915 -3.455419E-07 -1.126385E-04
200916 -5.789783E-07 -7.986120E-05
200917 -4.842504E-07 -4.403665E-05
200918 -4.982242E-07 -1.206240E-05
200919 -9.965775E-07  1.071868E-05
200920 -2.086322E-06  2.171990E-05
200921 -3.507505E-06  2.150157E-05
200922 -4.701415E-06  1.327277E-05
200923 -5.034739E-06  1.697346E-06
200924 -4.091292E-06 -8.592410E-06
200925 -1.897350E-06 -1.429741E-05
200926  1.032723E-06 -1.418271E-05
200927  3.860991E-06 -9.076838E-06
200928  5.730720E-06 -1.245354E-06
200929  6.078913E-06  6.557787E-06
200930  4.828590E-06  1.200159E-05
200931  2.394254E-06  1.377775E-05
200932 -4.841144E-07  1.177686E-05
200933 -2.999397E-06  6.888460E-06
200934 -4.526321E-06  5.732416E-07
200935 -4.779206E-06 -5.617810E-06
200936 -3.842857E-06 -1.043556E-05
200937 -1.902775E-06 -1.229293E-05
200938  3.167705E-08 -1.190239E-05
200939  1.802105E-06 -9.884890E-06
200940  3.091701E-06 -6.883254E-06
200941  3.772149E-06 -3.574729E-06
200942  3.912856E-06 -5.229114E-07
200943  3.736786E-06  1.913142E-06
200944  3.526896E-06  3.599846E-06
200945  3.506822E-06  4.583529E-06
200946  3.744670E-06  5.007169E-06
200947  4.133129E-06  5.035850E-06
200948  4.464375E-06  4.824275E-06
200949  4.559377E-06  4.517968E-06
200950  4.372062E-06  4.246321E-06
200951  4.003836E-06  4.076519E-06
200952  3.624832E-06  3.946447E-06
200953  3.359089E-06  3.634696E-06
200954  3.207526E-06  2.816835E-06
200955  3.048714E-06  1.203563E-06
200956  2.704251E-06 -1.299993E-06
200957  2.022191E-06 -4.493433E-06
200958  9.355243E-07 -7.888515E-06
200959 -5.182315E-07 -1.081787E-05
200960 -2.202270E-06 -1.259283E-05
200961 -3.890423E-06 -1.265437E-05
200962 -5.279285E-06 -1.069490E-05
200963 -6.022829E-06 -6.761588E-06
200964 -5.812243E-06 -1.344405E-06
200965 -4.495249E-06  4.592915E-06
200966 -2.187529E-06  9.715507E-06
200967  6.903153E-07  1.260514E-05
200968  3.491515E-06  1.219967E-05
200969  5.521902E-06  8.252322E-06
200970  6.252247E-06  1.622968E-06
200971  5.483623E-06 -5.769356E-06
200972  3.409582E-06 -1.141066E-05
200973  5.614585E-07 -1.300188E-05
200974 -2.338592E-06 -9.381057E-06
200975 -4.569919E-06 -1.216632E-06
200976 -5.598990E-06  8.853681E-06
200977 -5.213509E-06  1.679761E-05
200978 -3.574078E-06  1.836589E-05
200979 -1.169022E-06  1.050257E-05
200980  1.322333E-06 -7.506140E-06
200981  3.228222E-06 -3.356062E-05
200982  4.089318E-06 -6.312621E-05
200983  3.799734E-06 -9.033677E-05
200984  2.625915E-06 -1.094785E-04
200985  1.088488E-06 -1.164299E-04
200986 -2.494947E-07 -1.096863E-04
200987 -1.001937E-06 -9.072620E-05
200988 -1.097639E-06 -6.363576E-05
200989 -7.839424E-07 -3.408116E-05
200990 -4.972230E-07 -7.881173E-06
200991 -6.503135E-07  1.044273E-05
200992 -1.419312E-06  1.873333E-05
200993 -2.621889E-06  1.757222E-05
200994 -3.755647E-06  9.858317E-06
200995 -4.201693E-06 -2.609107E-07
200996 -3.514279E-06 -8.742744E-06
200997 -1.659739E-06 -1.283351E-05
200998  9.187329E-07 -1.170630E-05
200999  3.449528E-06 -6.396087E-06
201000  5.126734E-06  8.517542E-07
201001  5.415684E-06  7.505080E-06
201002  4.240583E-06  1.158211E-05
201003  1.988844E-06  1.214719E-05
201004 -6.501129E-07  9.385692E-06
201005 -2.931405E-06  4.336189E-06
201006 -4.286886E-06 -1.555271E-06
201007 -4.466122E-06 -6.886434E-06
201008 -3.556753E-06 -1.063049E-05
201009 -1.810125E-06 -1.055242E-05
201010 -1.896681E-07 -9.569002E-06
201011  1.336461E-06 -7.312788E-06
201012  2.497467E-06 -4.385019E-06
201013  3.168561E-06 -1.370803E-06
201014  3.388166E-06  1.277679E-06
201015  3.333547E-06  3.307826E-06
201016  3.247642E-06  4.670900E-06
201017  3.330761E-06  5.463047E-06
201018  3.643648E-06  5.831573E-06
201019  4.080657E-06  5.900574E-06
201020  4.438661E-06  5.757265E-06
201021  4.543970E-06  5.486616E-06
201022  4.355323E-06  5.194647E-06
201023  3.975783E-06  4.971203E-06
201024  3.571080E-06  4.806704E-06
201025  3.255801E-06  4.533818E-06
201026  3.023772E-06  3.860245E-06
201027  2.759848E-06  2.496880E-06
201028  2.312838E-06  3.177899E-07
201029  1.576224E-06 -2.535359E-06
201030  5.318925E-07 -5.658301E-06
201031 -7.523102E-07 -8.487251E-06
201032 -2.147503E-06 -1.043831E-05
201033 -3.480920E-06 -1.102248E-05
201034 -4.537396E-06 -9.923819E-06
201035 -5.068340E-06 -7.074366E-06
201036 -4.841021E-06 -2.750667E-06
201037 -3.733687E-06  2.345683E-06
201038 -1.835523E-06  7.115942E-06
201039  5.147401E-07  1.027746E-05
201040  2.793981E-06  1.075042E-05
201041  4.447600E-06  8.100275E-06
201042  5.064810E-06  2.856048E-06
201043  4.503693E-06 -3.465222E-06
201044  2.925161E-06 -8.716698E-06
201045  7.376978E-07 -1.081563E-05
201046 -1.516525E-06 -8.571096E-06
201047 -3.296261E-06 -2.333295E-06
201048 -4.186001E-06  5.842230E-06
201049 -3.991035E-06  1.266848E-05
201050 -2.788364E-06  1.463628E-05
201051 -9.189621E-07  9.214546E-06
201052  1.090638E-06 -4.204258E-06
201053  2.673727E-06 -2.396261E-05
201054  3.401771E-06 -4.650476E-05
201055  3.132292E-06 -6.729354E-05
201056  2.058891E-06 -8.196200E-05
201057  6.311805E-07 -8.737448E-05
201058 -6.276192E-07 -8.235925E-05
201059 -1.327976E-06 -6.797941E-05
201060 -1.359221E-06 -4.729292E-05
201061 -9.168556E-07 -2.463401E-05
201062 -4.049228E-07 -4.553043E-06
201063 -2.496632E-07  9.331505E-06
201064 -6.923200E-07  1.524521E-05
201065 -1.647215E-06  1.364216E-05
201066 -2.702180E-06  6.918916E-06
201067 -3.285064E-06 -1.461031E-06
201068 -2.933902E-06 -8.134559E-06
201069 -1.539947E-06 -1.088361E-05
201070  5.647387E-07 -9.191675E-06
201071  2.723802E-06 -4.153142E-06
201072  4.219218E-06  2.153549E-06
201073  4.553598E-06  7.520436E-06
201074  3.628559E-06  1.034733E-05
201075  1.756206E-06  1.003195E-05
201076 -4.804243E-07  6.962797E-06
201077 -2.443930E-06  2.214570E-06
201078 -3.645038E-06 -2.883954E-06
201079 -3.862860E-06 -7.148249E-06
201080 -3.159633E-06 -9.798861E-06
201081 -1.860182E-06 -8.415754E-06
201082 -7.064153E-07 -7.125945E-06
201083  4.655181E-07 -4.921965E-06
201084  1.437367E-06 -2.323517E-06
201085  2.083395E-06  1.990724E-07
201086  2.398469E-06  2.310385E-06
201087  2.496779E-06  3.856604E-06
201088  2.563123E-06  4.859522E-06
201089  2.760859E-06  5.450348E-06
201090  3.139379E-06  5.769468E-06
201091  3.602162E-06  5.893050E-06
201092  3.965746E-06  5.836395E-06
201093  4.075716E-06  5.619579E-06
201094  3.900506E-06  5.320185E-06
201095  3.538343E-06  5.046644E-06
201096  3.137254E-06  4.842152E-06
201097  2.790120E-06  4.600651E-06
201098  2.478471E-06  4.076246E-06
201099  2.096655E-06  2.998494E-06
201100  1.529913E-06  1.228262E-06
201101  7.290596E-07 -1.139391E-06
201102 -2.627868E-07 -3.781923E-06
201103 -1.336016E-06 -6.249537E-06
201104 -2.361260E-06 -8.087540E-06
201105 -3.217738E-06 -8.914997E-06
201106 -3.788611E-06 -8.455656E-06
201107 -3.946091E-06 -6.576153E-06
201108 -3.566268E-06 -3.377945E-06
201109 -2.590669E-06  6.875269E-07
201110 -1.103405E-06  4.783651E-06
201111  6.369554E-07  7.829564E-06
201112  2.250877E-06  8.823075E-06
201113  3.359699E-06  7.242032E-06
201114  3.713422E-06  3.357927E-06
201115  3.263268E-06 -1.696756E-06
201116  2.157388E-06 -6.195051E-06
201117  6.802818E-07 -8.384223E-06
201118 -8.261848E-07 -7.185569E-06
201119 -2.032401E-06 -2.751547E-06
201120 -2.675201E-06  3.389883E-06
201121 -2.604922E-06  8.731629E-06
201122 -1.829833E-06  1.061822E-05
201123 -5.439649E-07  7.194453E-06
201124  8.916520E-07 -1.909835E-06
201125  2.037577E-06 -1.541750E-05
201126  2.522499E-06 -3.078073E-05
201127  2.191569E-06 -4.489548E-05
201128  1.181268E-06 -5.487521E-05
201129 -1.267287E-07 -5.867649E-05
201130 -1.258467E-06 -5.549550E-05
201131 -1.838126E-06 -4.592976E-05
201132 -1.732907E-06 -3.189513E-05
201133 -1.097556E-06 -1.626453E-05
201134 -3.066741E-07 -2.229288E-06
201135  2.017802E-07  7.509051E-06
201136  1.210519E-07  1.148883E-05
201137 -5.671204E-07  9.908245E-06
201138 -1.553727E-06  4.522000E-06
201139 -2.323847E-06 -1.991280E-06
201140 -2.396832E-06 -6.976064E-06
201141 -1.567596E-06 -8.697749E-06
201142 -2.120035E-08 -6.838587E-06
201143  1.738174E-06 -2.420956E-06
201144  3.101915E-06  2.751456E-06
201145  3.605216E-06  6.847333E-06
201146  3.096275E-06  8.634779E-06
201147  1.765554E-06  7.777404E-06
201148  4.386667E-08  4.771440E-06
201149 -1.569549E-06  6.343879E-07
201150 -2.671770E-06 -3.489386E-06
201151 -3.056146E-06 -6.661705E-06
201152 -2.728869E-06 -8.340705E-06
201153 -2.061896E-06 -6.191816E-06
201154 -1.492323E-06 -4.849709E-06
201155 -7.539972E-07 -2.921951E-06
201156 -1.099494E-08 -8.218242E-07
201157  6.051246E-07  1.103606E-06
201158  1.036504E-06  2.630507E-06
201159  1.321788E-06  3.689590E-06
201160  1.573267E-06  4.355007E-06
201161  1.904770E-06  4.776102E-06
201162  2.348821E-06  5.075070E-06
201163  2.822749E-06  5.276311E-06
201164  3.175182E-06  5.324583E-06
201165  3.283455E-06  5.176676E-06
201166  3.130429E-06  4.879605E-06
201167  2.804083E-06  4.554891E-06
201168  2.423449E-06  4.294067E-06
201169  2.049749E-06  4.054082E-06
201170  1.648699E-06  3.645516E-06
201171  1.127580E-06  2.833086E-06
201172  4.157277E-07  1.482824E-06
201173 -4.696820E-07 -3.413611E-07
201174 -1.414983E-06 -2.389524E-06
201175 -2.259032E-06 -4.325062E-06
201176 -2.862624E-06 -5.831917E-06
201177 -3.151590E-06 -6.659238E-06
201178 -3.111353E-06 -6.606286E-06
201179 -2.751719E-06 -5.520467E-06
201180 -2.085402E-06 -3.374208E-06
201181 -1.148088E-06 -3.991218E-07
201182 -4.210960E-08  2.830519E-06
201183  1.046684E-06  5.473650E-06
201184  1.893196E-06  6.676874E-06
201185  2.320360E-06  5.917691E-06
201186  2.272297E-06  3.287337E-06
201187  1.826202E-06 -4.266418E-07
201188  1.142415E-06 -3.934245E-06
201189  3.930959E-07 -5.887265E-06
201190 -2.846825E-07 -5.429739E-06
201191 -7.934750E-07 -2.625145E-06
201192 -1.056064E-06  1.458712E-06
201193 -1.008717E-06  5.092984E-06
201194 -6.306152E-07  6.538327E-06
201195  3.279699E-09  4.715012E-06
201196  6.915685E-07 -4.126969E-07
201197  1.144313E-06 -7.888081E-06
201198  1.095793E-06 -1.616411E-05
201199  4.418493E-07 -2.360796E-05
201200 -6.785213E-07 -2.887218E-05
201201 -1.913548E-06 -3.105457E-05
201202 -2.833214E-06 -2.973553E-05
201203 -3.102532E-06 -2.502305E-05
201204 -2.615218E-06 -1.763760E-05
201205 -1.538854E-06 -8.933710E-06
201206 -2.618375E-07 -7.123422E-07
201207  7.416814E-07  5.226246E-06
201208  1.093334E-06  7.668405E-06
201209  6.769030E-07  6.461321E-06
201210 -2.901483E-07  2.625333E-06
201211 -1.335012E-06 -2.001297E-06
201212 -1.937747E-06 -5.466858E-06
201213 -1.769429E-06 -6.456077E-06
201214 -8.376564E-07 -4.746766E-06
201215  5.293696E-07 -1.182775E-06
201216  1.839078E-06  2.780607E-06
201217  2.643569E-06  5.707194E-06
201218  2.703341E-06  6.695671E-06
201219  2.045484E-06  5.599682E-06
201220  9.131127E-07  2.936863E-06
201221 -3.512241E-07 -4.030859E-07
201222 -1.428515E-06 -3.498418E-06
201223 -2.106248E-06 -5.658810E-06
201224 -2.305156E-06 -6.551251E-06
