Mesh2HRTF 0.1.2
    1
    1  1225
200000  7.374077E-07 -1.104578E-05
200001 -2.450643E-06  3.597092E-06
200002 -2.417257E-06  5.182794E-06
200003 -2.339973E-06  6.590125E-06
200004 -2.223799E-06  7.807350E-06
200005 -2.074678E-06  8.830900E-06
200006 -1.899295E-06  9.664029E-06
200007 -1.704911E-06  1.031524E-05
200008 -1.499157E-06  1.079665E-05
200009 -1.289823E-06  1.112242E-05
200010 -1.084581E-06  1.130723E-05
200011 -8.906746E-07  1.136506E-05
200012 -7.145753E-07  1.130800E-05
200013 -5.616304E-07  1.114546E-05
200014 -4.357452E-07  1.088351E-05
200015 -3.391282E-07  1.052450E-05
200016 -2.721315E-07  1.006699E-05
200017 -2.331989E-07  9.506021E-06
200018 -2.189479E-07  8.833612E-06
200019 -2.243239E-07  8.039697E-06
200020 -2.429004E-07  7.113323E-06
200021 -2.672176E-07  6.044165E-06
200022 -2.891925E-07  4.824236E-06
200023 -3.005648E-07  3.449729E-06
200024 -2.933674E-07  1.922798E-06
200025 -2.604039E-07  2.531442E-07
200026 -1.957148E-07 -1.540826E-06
200027 -9.500587E-08 -3.431452E-06
200028  4.399550E-08 -5.382054E-06
200029  2.212951E-07 -7.348054E-06
200030  4.345394E-07 -9.279007E-06
200031  6.791044E-07 -1.112144E-05
200032  9.483812E-07 -1.282232E-05
200033  1.234243E-06 -1.433272E-05
200034  1.527655E-06 -1.561152E-05
200035  1.819358E-06 -1.662852E-05
200036  2.100546E-06 -1.736668E-05
200037  2.363457E-06 -1.782334E-05
200038  2.601798E-06 -1.801016E-05
200039  2.810974E-06 -1.795185E-05
200040  2.988108E-06 -1.768399E-05
200041  3.131880E-06 -1.725012E-05
200042  3.242227E-06 -1.669846E-05
200043  3.319988E-06 -1.607875E-05
200044  3.366546E-06 -1.543927E-05
200045  3.383518E-06 -1.482445E-05
200046  3.372529E-06 -1.427300E-05
200047  3.335072E-06 -1.381661E-05
200048  3.272439E-06 -1.347901E-05
200049  3.185705E-06 -1.327552E-05
200050  3.075726E-06 -1.321262E-05
200051  2.943143E-06 -1.328772E-05
200052  2.788371E-06 -1.348908E-05
200053  2.611592E-06 -1.379586E-05
200054  2.412761E-06 -1.417844E-05
200055  2.191660E-06 -1.459920E-05
200056  1.948023E-06 -1.501394E-05
200057  1.681741E-06 -1.537380E-05
200058  1.393141E-06 -1.562798E-05
200059  1.083314E-06 -1.572694E-05
200060  7.544395E-07 -1.562587E-05
200061  4.100385E-07 -1.528822E-05
200062  5.510830E-08 -1.468876E-05
200063 -3.039174E-07 -1.381593E-05
200064 -6.593947E-07 -1.267308E-05
200065 -1.002869E-06 -1.127852E-05
200066 -1.325598E-06 -9.664248E-06
200067 -1.619139E-06 -7.873554E-06
200068 -1.875906E-06 -5.957803E-06
200069 -2.089652E-06 -3.972701E-06
200070 -2.255800E-06 -1.974499E-06
200071 -2.371623E-06 -1.649093E-08
200072 -2.436266E-06  1.853876E-06
200073 -2.790370E-06  1.380968E-05
200074 -2.543249E-06  1.484008E-05
200075 -2.260240E-06  1.527823E-05
200076 -1.947118E-06  1.522647E-05
200077 -1.602407E-06  1.479748E-05
200078 -1.221257E-06  1.410165E-05
200079 -8.002898E-07  1.323954E-05
200080 -3.421285E-07  1.229880E-05
200081  1.416192E-07  1.135428E-05
200082  6.297069E-07  1.046968E-05
200083  1.093123E-06  9.699279E-06
200084  1.499045E-06  9.088766E-06
200085  1.815898E-06  8.674878E-06
200086  2.018300E-06  8.483771E-06
200087  2.090771E-06  8.528613E-06
200088  2.029439E-06  8.806875E-06
200089  1.841568E-06  9.297761E-06
200090  1.543301E-06  9.960115E-06
200091  1.156418E-06  1.073107E-05
200092  7.051027E-07  1.152578E-05
200093  2.136060E-07  1.223869E-05
200094 -2.946753E-07  1.274718E-05
200095 -7.966955E-07  1.291841E-05
200096 -1.268348E-06  1.262000E-05
200097 -1.683061E-06  1.173494E-05
200098 -2.011467E-06  1.017968E-05
200099 -2.222970E-06  7.923629E-06
200100 -2.289543E-06  5.006489E-06
200101 -2.191268E-06  1.549501E-06
200102 -1.922402E-06 -2.243712E-06
200103 -1.496192E-06 -6.099608E-06
200104 -9.466468E-07 -9.701177E-06
200105 -3.260263E-07 -1.272588E-05
200106  3.021062E-07 -1.488935E-05
200107  8.731106E-07 -1.598697E-05
200108  1.332492E-06 -1.592462E-05
200109  1.645327E-06 -1.473207E-05
200110  1.801450E-06 -1.255560E-05
200111  1.815113E-06 -9.631543E-06
200112  1.719396E-06 -6.246762E-06
200113  1.557116E-06 -2.694637E-06
200114  1.370829E-06  7.640693E-07
200115  1.194491E-06  3.928367E-06
200116  1.048558E-06  6.668513E-06
200117  9.391220E-07  8.922159E-06
200118  8.605474E-07  1.067877E-05
200119  8.003454E-07  1.195773E-05
200120  7.447844E-07  1.278589E-05
200121  6.838896E-07  1.317923E-05
200122  6.148373E-07  1.313205E-05
200123  5.431313E-07  1.261512E-05
200124  4.813084E-07  1.158313E-05
200125  4.453302E-07  9.990051E-06
200126  4.492638E-07  7.810127E-06
200127  4.993950E-07  5.060746E-06
200128  5.893267E-07  1.822393E-06
200129  6.977118E-07 -1.749504E-06
200130  7.898553E-07 -5.425462E-06
200131  8.234658E-07 -8.918219E-06
200132  7.575779E-07 -1.191384E-05
200133  5.625168E-07 -1.411331E-05
200134  2.281970E-07 -1.527719E-05
200135 -2.316830E-07 -1.526409E-05
200136 -7.808834E-07 -1.405480E-05
200137 -1.367081E-06 -1.175657E-05
200138 -1.931828E-06 -8.586743E-06
200139 -2.421379E-06 -4.839549E-06
200140 -2.795707E-06 -8.431383E-07
200141 -3.033692E-06  3.084362E-06
200142 -3.133719E-06  6.671911E-06
200143 -3.110117E-06  9.720269E-06
200144 -2.986859E-06  1.211227E-05
200145  1.260116E-06  9.913852E-06
200146  1.387314E-06  7.415365E-06
200147  1.244078E-06  4.629016E-06
200148  8.919776E-07  1.887961E-06
200149  4.417806E-07 -5.945148E-07
200150  2.706754E-08 -2.723385E-06
200151 -2.270998E-07 -4.496244E-06
200152 -2.342539E-07 -5.965169E-06
200153  3.191778E-08 -7.197460E-06
200154  5.307783E-07 -8.244467E-06
200155  1.165346E-06 -9.123950E-06
200156  1.807695E-06 -9.817121E-06
200157  2.331774E-06 -1.027737E-05
200158  2.643988E-06 -1.044506E-05
200159  2.703054E-06 -1.026208E-05
200160  2.524451E-06 -9.681549E-06
200161  2.169642E-06 -8.671097E-06
200162  1.724331E-06 -7.211713E-06
200163  1.272322E-06 -5.296739E-06
200164  8.720018E-07 -2.936014E-06
200165  5.414601E-07 -1.685183E-07
200166  2.562079E-07  2.916842E-06
200167 -3.937913E-08  6.157283E-06
200168 -4.091241E-07  9.298262E-06
200169 -8.963002E-07  1.199329E-05
200170 -1.497421E-06  1.383206E-05
200171 -2.147779E-06  1.440229E-05
200172 -2.726108E-06  1.338111E-05
200173 -3.081026E-06  1.063978E-05
200174 -3.075019E-06  6.334296E-06
200175 -2.634471E-06  9.488893E-07
200176 -1.789269E-06 -4.735827E-06
200177 -6.854649E-07 -9.761361E-06
200178  4.390246E-07 -1.318117E-05
200179  1.313452E-06 -1.427836E-05
200180  1.711765E-06 -1.274965E-05
200181  1.522509E-06 -8.795681E-06
200182  7.848961E-07 -3.082836E-06
200183 -3.237512E-07  3.417670E-06
200184 -1.545084E-06  9.665915E-06
200185 -2.619361E-06  1.479257E-05
200186 -3.357616E-06  1.827167E-05
200187 -3.682001E-06  1.998506E-05
200188 -3.625754E-06  2.017693E-05
200189 -3.301480E-06  1.933153E-05
200190 -2.856399E-06  1.802373E-05
200191 -2.432438E-06  1.678658E-05
200192 -2.140475E-06  1.602099E-05
200193 -2.048162E-06  1.595013E-05
200194 -2.175207E-06  1.660710E-05
200195 -2.490696E-06  1.784099E-05
200196 -2.911961E-06  1.933382E-05
200197 -3.309918E-06  2.063101E-05
200198 -3.527728E-06  2.119648E-05
200199 -3.416056E-06  2.050166E-05
200200 -2.879788E-06  1.814618E-05
200201 -1.921611E-06  1.398838E-05
200202 -6.630797E-07  8.246043E-06
200203  6.718128E-07  1.523019E-06
200204  1.812001E-06 -5.267798E-06
200205  2.517953E-06 -1.108157E-05
200206  2.655790E-06 -1.497705E-05
200207  2.239016E-06 -1.634259E-05
200208  1.422319E-06 -1.504310E-05
200209  4.508793E-07 -1.144378E-05
200210 -4.147686E-07 -6.307715E-06
200211 -9.712591E-07 -6.044726E-07
200212 -1.119641E-06  4.709564E-06
200213 -8.768271E-07  8.878074E-06
200214 -3.542774E-07  1.145708E-05
200215  2.837300E-07  1.233924E-05
200216  8.671286E-07  1.170276E-05
200217  4.962913E-06 -3.303911E-06
200218  4.631800E-06 -7.729091E-06
200219  3.651274E-06 -1.086627E-05
200220  2.175837E-06 -1.254729E-05
200221  4.437542E-07 -1.291097E-05
200222 -1.244019E-06 -1.230484E-05
200223 -2.572879E-06 -1.117153E-05
200224 -3.290991E-06 -9.940856E-06
200225 -3.288366E-06 -8.944421E-06
200226 -2.641427E-06 -8.365870E-06
200227 -1.596022E-06 -8.233711E-06
200228 -4.900412E-07 -8.454415E-06
200229  3.541027E-07 -8.873070E-06
200230  7.246407E-07 -9.340351E-06
200231  5.707656E-07 -9.762560E-06
200232 -1.155210E-09 -1.011775E-05
200233 -7.734231E-07 -1.043379E-05
200234 -1.483574E-06 -1.073847E-05
200235 -1.892833E-06 -1.100193E-05
200236 -1.844645E-06 -1.109440E-05
200237 -1.305915E-06 -1.077897E-05
200238 -3.838970E-07 -9.750505E-06
200239  6.888057E-07 -7.721154E-06
200240  1.605073E-06 -4.539193E-06
200241  2.064812E-06 -3.129720E-07
200242  1.870161E-06  4.501789E-06
200243  1.007664E-06  9.098734E-06
200244 -3.124199E-07  1.243957E-05
200245 -1.683699E-06  1.350290E-05
200246 -2.606880E-06  1.162214E-05
200247 -2.653045E-06  6.815525E-06
200248 -1.641985E-06 -2.753693E-08
200249  2.331977E-07 -7.229455E-06
200250  2.405627E-06 -1.272567E-05
200251  4.093847E-06 -1.470201E-05
200252  4.587156E-06 -1.225420E-05
200253  3.548398E-06 -5.796890E-06
200254  1.190178E-06  2.983635E-06
200255 -1.779181E-06  1.165551E-05
200256 -4.433712E-06  1.785197E-05
200257 -6.003606E-06  2.003596E-05
200258 -6.160002E-06  1.791151E-05
200259 -5.077647E-06  1.234934E-05
200260 -3.271887E-06  4.922116E-06
200261 -1.328405E-06 -2.697081E-06
200262  3.192066E-07 -9.207639E-06
200263  1.469311E-06 -1.387656E-05
200264  2.096219E-06 -1.646638E-05
200265  2.235721E-06 -1.701884E-05
200266  1.897478E-06 -1.564378E-05
200267  1.052460E-06 -1.242188E-05
200268 -3.037750E-07 -7.460169E-06
200269 -2.049823E-06 -1.067245E-06
200270 -3.862781E-06  6.050068E-06
200271 -5.236133E-06  1.270766E-05
200272 -5.625440E-06  1.740431E-05
200273 -4.684088E-06  1.874446E-05
200274 -2.477304E-06  1.599483E-05
200275  4.568507E-07  9.524320E-06
200276  3.265681E-06  8.754762E-07
200277  5.105943E-06 -7.635737E-06
200278  5.481935E-06 -1.366773E-05
200279  4.433193E-06 -1.564489E-05
200280  2.488458E-06 -1.326248E-05
200281  4.241285E-07 -7.512306E-06
200282 -1.045536E-06 -2.571497E-07
200283 -1.506490E-06  6.434314E-06
200284 -9.287295E-07  1.091745E-05
200285  4.024520E-07  1.235661E-05
200286  2.042492E-06  1.079141E-05
200287  3.548153E-06  6.941375E-06
200288  4.584447E-06  1.878046E-06
200289  2.946159E-06 -1.155557E-05
200290  2.543102E-06 -1.263429E-05
200291  1.893987E-06 -1.152452E-05
200292  9.109114E-07 -8.769285E-06
200293 -4.678841E-07 -5.049836E-06
200294 -2.104925E-06 -1.055081E-06
200295 -3.616168E-06  2.609513E-06
200296 -4.508710E-06  5.492993E-06
200297 -4.434158E-06  7.351951E-06
200298 -3.397592E-06  8.173935E-06
200299 -1.783383E-06  8.157058E-06
200300 -1.812687E-07  7.638796E-06
200301  8.751664E-07  6.983029E-06
200302  1.105927E-06  6.455654E-06
200303  5.329581E-07  6.132981E-06
200304 -5.993930E-07  5.879618E-06
200305 -1.947557E-06  5.403861E-06
200306 -3.162892E-06  4.366740E-06
200307 -3.939298E-06  2.506667E-06
200308 -4.041848E-06 -2.510281E-07
200309 -3.347661E-06 -3.716524E-06
200310 -1.899987E-06 -7.403609E-06
200311  5.581568E-08 -1.056544E-05
200312  2.092103E-06 -1.232317E-05
200313  3.688837E-06 -1.189478E-05
200314  4.374508E-06 -8.891151E-06
200315  3.879203E-06 -3.598087E-06
200316  2.259895E-06  2.876781E-06
200317 -3.896268E-08  8.722586E-06
200318 -2.231792E-06  1.189041E-05
200319 -3.387714E-06  1.085373E-05
200320 -2.778933E-06  5.417839E-06
200321 -2.883606E-07 -2.827616E-06
200322  3.329173E-06 -1.079636E-05
200323  6.567606E-06 -1.502629E-05
200324  7.765667E-06 -1.325421E-05
200325  5.976186E-06 -5.681377E-06
200326  1.631567E-06  4.827293E-06
200327 -3.481988E-06  1.387451E-05
200328 -7.063390E-06  1.750874E-05
200329 -7.516872E-06  1.402793E-05
200330 -4.793659E-06  4.641652E-06
200331 -3.058192E-07 -7.321659E-06
200332  3.996238E-06 -1.813396E-05
200333  6.718077E-06 -2.530873E-05
200334  7.580098E-06 -2.834093E-05
200335  7.218048E-06 -2.837334E-05
200336  6.554397E-06 -2.723094E-05
200337  6.235372E-06 -2.644441E-05
200338  6.384975E-06 -2.663930E-05
200339  6.629343E-06 -2.734463E-05
200340  6.282079E-06 -2.716781E-05
200341  4.678411E-06 -2.434896E-05
200342  1.632527E-06 -1.767121E-05
200343 -2.201258E-06 -7.428193E-06
200344 -5.407262E-06  4.141020E-06
200345 -6.464702E-06  1.345657E-05
200346 -4.665848E-06  1.717458E-05
200347 -6.797318E-07  1.395508E-05
200348  3.684915E-06  5.359885E-06
200349  6.419289E-06 -4.739782E-06
200350  6.370794E-06 -1.197125E-05
200351  3.773287E-06 -1.348176E-05
200352 -9.177952E-09 -9.094597E-06
200353 -3.282957E-06 -1.095363E-06
200354 -4.854975E-06  7.063571E-06
200355 -4.460211E-06  1.234773E-05
200356 -2.661741E-06  1.323776E-05
200357 -3.990453E-07  9.973791E-06
200358  1.508415E-06  4.066545E-06
200359  2.654572E-06 -2.516371E-06
200360  3.054688E-06 -8.071881E-06
200361 -3.472718E-06 -7.039453E-06
200362 -3.051135E-06 -3.082322E-06
200363 -1.498541E-06  1.294834E-06
200364  3.007304E-07  5.313608E-06
200365  1.337014E-06  8.575675E-06
200366  1.096689E-06  1.091560E-05
200367 -9.694595E-08  1.228414E-05
200368 -1.292809E-06  1.271451E-05
200369 -1.561946E-06  1.232764E-05
200370 -6.190520E-07  1.133569E-05
200371  1.043377E-06  1.003874E-05
200372  2.565050E-06  8.804441E-06
200373  3.301382E-06  8.001844E-06
200374  3.135853E-06  7.887685E-06
200375  2.370633E-06  8.501873E-06
200376  1.393100E-06  9.644238E-06
200377  4.247704E-07  1.094533E-05
200378 -4.934068E-07  1.196937E-05
200379 -1.349509E-06  1.227918E-05
200380 -2.022809E-06  1.146201E-05
200381 -2.287648E-06  9.184349E-06
200382 -1.949218E-06  5.331004E-06
200383 -9.936325E-07  1.923181E-07
200384  3.652971E-07 -5.417170E-06
200385  1.762543E-06 -1.022077E-05
200386  2.800412E-06 -1.276292E-05
200387  3.123900E-06 -1.188341E-05
200388  2.464292E-06 -7.292084E-06
200389  7.455350E-07 -5.010278E-08
200390 -1.706979E-06  7.370991E-06
200391 -3.998758E-06  1.178100E-05
200392 -4.821040E-06  1.071602E-05
200393 -3.098477E-06  4.041544E-06
200394  1.093480E-06 -5.335683E-06
200395  5.996134E-06 -1.249019E-05
200396  8.717929E-06 -1.308266E-05
200397  6.941696E-06 -6.163192E-06
200398  8.303405E-07  4.723032E-06
200399 -6.420767E-06  1.320032E-05
200400 -1.027350E-05  1.376736E-05
200401 -7.915463E-06  5.260570E-06
200402 -4.146483E-07 -8.266334E-06
200403  7.909886E-06 -1.992774E-05
200404  1.253411E-05 -2.407115E-05
200405  1.172709E-05 -1.928383E-05
200406  7.150928E-06 -8.511968E-06
200407  1.981645E-06  3.290344E-06
200408 -1.402825E-06  1.187894E-05
200409 -2.235540E-06  1.497033E-05
200410 -7.053457E-07  1.196618E-05
200411  2.684263E-06  3.485023E-06
200412  6.861648E-06 -8.349295E-06
200413  9.806316E-06 -1.949226E-05
200414  9.295679E-06 -2.489757E-05
200415  4.677630E-06 -2.114979E-05
200416 -1.993180E-06 -9.171517E-06
200417 -6.920807E-06  5.425021E-06
200418 -7.185618E-06  1.525204E-05
200419 -2.908543E-06  1.560079E-05
200420  2.840470E-06  7.311843E-06
200421  6.267257E-06 -3.961839E-06
200422  5.398744E-06 -1.146631E-05
200423  1.102999E-06 -1.137969E-05
200424 -3.872229E-06 -4.592456E-06
200425 -6.846950E-06  4.508334E-06
200426 -6.720840E-06  1.099388E-05
200427 -4.251326E-06  1.204422E-05
200428 -1.244168E-06  7.908411E-06
200429  6.246960E-07  1.097717E-06
200430  6.438517E-07 -5.289002E-06
200431 -7.751663E-07 -9.031811E-06
200432 -2.523791E-06 -9.421350E-06
200433 -7.506048E-06  4.219162E-06
200434 -6.110080E-06  8.498939E-06
200435 -2.453429E-06  1.026082E-05
200436  1.938071E-06  9.902561E-06
200437  5.105557E-06  8.273579E-06
200438  5.725669E-06  6.050889E-06
200439  4.019353E-06  3.609166E-06
200440  1.624546E-06  1.208618E-06
200441  3.415772E-07 -9.018798E-07
200442  7.801770E-07 -2.566100E-06
200443  2.099575E-06 -3.772601E-06
200444  2.972692E-06 -4.552740E-06
200445  2.769156E-06 -4.863602E-06
200446  1.909531E-06 -4.617469E-06
200447  1.273980E-06 -3.801872E-06
200448  1.377305E-06 -2.506667E-06
200449  2.027272E-06 -8.058743E-07
200450  2.603404E-06  1.343464E-06
200451  2.590489E-06  3.997844E-06
200452  1.921367E-06  6.950292E-06
200453  9.269949E-07  9.545332E-06
200454  8.711420E-09  1.082630E-05
200455 -6.582301E-07  9.967188E-06
200456 -1.131524E-06  6.699743E-06
200457 -1.445760E-06  1.515560E-06
200458 -1.412165E-06 -4.335537E-06
200459 -7.796398E-07 -8.987432E-06
200460  3.167613E-07 -1.039310E-05
200461  1.096219E-06 -7.260085E-06
200462  5.151376E-07 -2.290608E-07
200463 -1.786715E-06  7.621003E-06
200464 -4.697008E-06  1.189055E-05
200465 -5.895700E-06  9.506542E-06
200466 -3.463581E-06  1.296210E-06
200467  2.068057E-06 -7.716199E-06
200468  7.072273E-06 -1.123506E-05
200469  6.964327E-06 -6.262871E-06
200470  2.350938E-07  4.062222E-06
200471 -9.002795E-06  1.200849E-05
200472 -1.318659E-05  1.068534E-05
200473 -7.507176E-06 -4.008786E-07
200474  5.106956E-06 -1.411526E-05
200475  1.551125E-05 -2.028394E-05
200476  1.582756E-05 -1.295137E-05
200477  6.067045E-06  5.395173E-06
200478 -6.554398E-06  2.612878E-05
200479 -1.467791E-05  4.122478E-05
200480 -1.674801E-05  4.835831E-05
200481 -1.603220E-05  4.999424E-05
200482 -1.493135E-05  4.821567E-05
200483 -1.185382E-05  4.138958E-05
200484 -4.261853E-06  2.661807E-05
200485  6.249260E-06  5.348257E-06
200486  1.351332E-05 -1.443423E-05
200487  1.217544E-05 -2.287834E-05
200488  3.216610E-06 -1.616469E-05
200489 -6.385921E-06 -2.936093E-07
200490 -9.633953E-06  1.304368E-05
200491 -5.243717E-06  1.513468E-05
200492  2.020017E-06  6.203010E-06
200493  6.015535E-06 -5.846931E-06
200494  4.189448E-06 -1.211944E-05
200495 -1.207747E-06 -9.092434E-06
200496 -5.749055E-06 -1.173435E-07
200497 -6.389469E-06  8.051632E-06
200498 -3.191089E-06  1.026988E-05
200499  1.395918E-06  5.892049E-06
200500  4.498246E-06 -1.769997E-06
200501  4.499645E-06 -8.169953E-06
200502  1.615908E-06 -1.022244E-05
200503 -2.583001E-06 -7.503621E-06
200504 -6.130787E-06 -1.809076E-06
200505 -4.804005E-06  1.104466E-05
200506 -3.812047E-06  1.032056E-05
200507 -9.226921E-07  6.177443E-06
200508  3.098738E-06  9.694800E-07
200509  6.268855E-06 -3.394166E-06
200510  6.519843E-06 -6.465810E-06
200511  3.677226E-06 -8.733321E-06
200512 -2.338248E-08 -1.047851E-05
200513 -1.870290E-06 -1.145560E-05
200514 -1.160552E-06 -1.148072E-05
200515  4.150137E-07 -1.087481E-05
200516  7.456067E-07 -1.019456E-05
200517 -6.317417E-07 -9.755651E-06
200518 -2.386947E-06 -9.570324E-06
200519 -2.902886E-06 -9.619672E-06
200520 -1.684211E-06 -9.960518E-06
200521  4.859171E-07 -1.046783E-05
200522  2.376934E-06 -1.055032E-05
200523  3.211059E-06 -9.310529E-06
200524  3.015135E-06 -6.180157E-06
200525  2.347149E-06 -1.486464E-06
200526  1.682387E-06  3.625569E-06
200527  9.518016E-07  7.831023E-06
200528 -3.140098E-07  1.014130E-05
200529 -2.264764E-06  9.903853E-06
200530 -4.121881E-06  6.741970E-06
200531 -4.468208E-06  1.065599E-06
200532 -2.441542E-06 -5.175739E-06
200533  1.144763E-06 -8.733455E-06
200534  3.890750E-06 -6.965393E-06
200535  3.365107E-06 -2.886928E-07
200536 -8.040714E-07  7.134304E-06
200537 -5.911720E-06  9.857979E-06
200538 -7.569497E-06  5.441434E-06
200539 -3.333628E-06 -2.950532E-06
200540  4.039273E-06 -8.433668E-06
200541  7.540180E-06 -5.946021E-06
200542  2.109999E-06  2.956082E-06
200543 -8.846504E-06  1.052902E-05
200544 -1.442833E-05  9.010714E-06
200545 -6.420650E-06 -2.025916E-06
200546  1.049256E-05 -1.365912E-05
200547  2.069346E-05 -1.398128E-05
200548  1.240253E-05  1.363957E-06
200549 -9.405014E-06  2.381030E-05
200550 -2.693798E-05  3.802937E-05
200551 -2.755119E-05  3.550102E-05
200552 -1.637789E-05  2.281344E-05
200553 -9.404039E-06  1.551487E-05
200554 -1.486980E-05  2.248621E-05
200555 -2.424917E-05  3.641127E-05
200556 -2.274085E-05  4.063390E-05
200557 -6.698796E-06  2.594745E-05
200558  1.183290E-05  3.568601E-07
200559  1.781352E-05 -1.798633E-05
200560  8.341560E-06 -1.737713E-05
200561 -5.718556E-06 -2.386417E-06
200562 -1.160806E-05  1.168137E-05
200563 -6.391229E-06  1.305290E-05
200564  2.593700E-06  2.668873E-06
200565  6.603932E-06 -8.879988E-06
200566  3.435261E-06 -1.184835E-05
200567 -2.379959E-06 -5.065409E-06
200568 -5.119436E-06  4.753196E-06
200569 -2.758891E-06  9.644703E-06
200570  2.520702E-06  6.520209E-06
200571  7.030782E-06 -1.607640E-06
200572  8.339584E-06 -8.898578E-06
200573  6.297802E-06 -1.097689E-05
200574  2.428069E-06 -7.131923E-06
200575 -1.388509E-06  1.897800E-07
200576 -3.940916E-06  7.277278E-06
200577  2.344922E-06  9.097410E-06
200578  9.711594E-07  3.489709E-06
200579 -1.285844E-07 -3.976719E-06
200580  8.321262E-07 -9.534831E-06
200581  2.879106E-06 -1.105885E-05
200582  2.957875E-06 -9.708826E-06
200583 -2.485844E-07 -8.106862E-06
200584 -4.262521E-06 -7.366489E-06
200585 -5.459838E-06 -6.646054E-06
200586 -3.220222E-06 -5.085455E-06
200587 -4.716224E-07 -3.080258E-06
200588 -2.447331E-07 -1.593111E-06
200589 -2.582543E-06 -1.025371E-06
200590 -5.047340E-06 -1.152148E-06
200591 -5.502777E-06 -1.820094E-06
200592 -3.853767E-06 -3.293408E-06
200593 -1.498065E-06 -5.804801E-06
200594  1.780342E-07 -8.854009E-06
200595  7.027367E-07 -1.114032E-05
200596  5.227655E-07 -1.141358E-05
200597  4.970459E-07 -9.446056E-06
200598  1.152689E-06 -6.005114E-06
200599  2.055885E-06 -1.858306E-06
200600  1.959946E-06  2.787530E-06
200601 -2.458927E-08  7.475171E-06
200602 -3.168982E-06  1.044190E-05
200603 -5.201111E-06  9.290400E-06
200604 -3.996770E-06  3.406022E-06
200605  4.893659E-07 -4.346299E-06
200606  5.717109E-06 -8.955693E-06
200607  7.938441E-06 -7.110189E-06
200608  4.729889E-06 -3.393630E-07
200609 -2.611234E-06  5.725574E-06
200610 -8.714928E-06  5.991546E-06
200611 -7.670515E-06  5.758779E-07
200612  8.152289E-07 -5.032240E-06
200613  8.766584E-06 -4.939115E-06
200614  6.498952E-06  1.385078E-06
200615 -5.649551E-06  7.942104E-06
200616 -1.415505E-05  7.335057E-06
200617 -5.759296E-06 -1.541854E-06
200618  1.454731E-05 -1.027220E-05
200619  2.393407E-05 -7.180319E-06
200620  5.774859E-06  9.986491E-06
200621 -2.771470E-05  2.689522E-05
200622 -4.360824E-05  2.184544E-05
200623 -2.301196E-05 -1.291979E-05
200624  1.576628E-05 -5.818636E-05
200625  3.433291E-05 -8.003247E-05
200626  1.461511E-05 -5.963627E-05
200627 -2.234924E-05 -1.193000E-05
200628 -3.979633E-05  2.699468E-05
200629 -2.357888E-05  3.217902E-05
200630  6.509979E-06  9.912581E-06
200631  2.124905E-05 -1.270762E-05
200632  1.189651E-05 -1.548460E-05
200633 -5.903101E-06 -1.529054E-06
200634 -1.294051E-05  1.109044E-05
200635 -5.674157E-06  9.797375E-06
200636  4.766981E-06 -1.771457E-06
200637  7.510122E-06 -1.071300E-05
200638  2.328816E-06 -8.859700E-06
200639 -3.296551E-06  7.392179E-07
200640 -3.566396E-06  8.736615E-06
200641  8.196138E-07  8.605107E-06
200642  5.365296E-06  1.342370E-06
200643  6.777739E-06 -6.791337E-06
200644  5.043254E-06 -9.975757E-06
200645  2.275010E-06 -6.778211E-06
200646  6.739658E-07  1.269671E-07
200647  1.024975E-06  6.812515E-06
200648  2.212331E-06  1.030024E-05
200649  8.460568E-06  2.678860E-06
200650  3.877636E-06 -3.035749E-06
200651 -2.038247E-06 -9.369083E-06
200652 -4.149520E-06 -1.192463E-05
200653 -2.167628E-06 -8.289442E-06
200654 -7.368178E-07 -1.520041E-06
200655 -3.066575E-06  3.245304E-06
200656 -6.634397E-06  4.518810E-06
200657 -6.707872E-06  4.756984E-06
200658 -2.654672E-06  6.055324E-06
200659  1.356302E-06  7.881345E-06
200660  1.578609E-06  8.819702E-06
200661 -1.312775E-06  8.659223E-06
200662 -3.865495E-06  8.219234E-06
200663 -3.992015E-06  7.974977E-06
200664 -2.468089E-06  7.387392E-06
200665 -1.145829E-06  5.485595E-06
200666 -9.557956E-07  2.025633E-06
200667 -1.644090E-06 -1.976131E-06
200668 -2.429672E-06 -5.087178E-06
200669 -2.415680E-06 -6.859882E-06
200670 -9.737131E-07 -7.920935E-06
200671  1.512120E-06 -8.364482E-06
200672  3.386066E-06 -6.721600E-06
200673  2.916527E-06 -1.596117E-06
200674  1.158305E-07  5.587496E-06
200675 -2.877700E-06  1.046370E-05
200676 -3.481832E-06  9.175244E-06
200677 -7.104786E-07  2.093812E-06
200678  4.168054E-06 -5.907474E-06
200679  8.211337E-06 -9.118969E-06
200680  8.005193E-06 -5.699789E-06
200681  2.040103E-06  7.083430E-07
200682 -6.289329E-06  4.351575E-06
200683 -9.244792E-06  2.749902E-06
200684 -2.027541E-06 -1.302903E-06
200685  9.265230E-06 -2.963658E-06
200686  1.115269E-05 -2.511904E-07
200687 -1.134407E-06  3.925422E-06
200688 -1.347926E-05  4.307209E-06
200689 -6.806262E-06 -1.068047E-06
200690  1.609048E-05 -6.609088E-06
200691  2.612155E-05 -2.641273E-06
200692  5.525439E-07  1.223629E-05
200693 -4.188976E-05  2.122573E-05
200694 -5.173782E-05 -1.833020E-06
200695 -2.839111E-06 -6.526825E-05
200696  7.078172E-05 -1.401918E-04
200697  1.035773E-04 -1.761462E-04
200698  6.558447E-05 -1.442624E-04
200699 -6.719303E-06 -6.592748E-05
200700 -4.992184E-05  4.893375E-06
200701 -3.747283E-05  2.925456E-05
200702  1.800292E-06  1.273024E-05
200703  2.327346E-05 -9.762228E-06
200704  1.308401E-05 -1.242495E-05
200705 -7.397679E-06  1.005885E-06
200706 -1.350143E-05  1.057695E-05
200707 -3.252684E-06  5.758577E-06
200708  7.621943E-06 -5.613744E-06
200709  7.526497E-06 -9.961803E-06
200710 -2.729484E-08 -3.465269E-06
200711 -4.640670E-06  6.159996E-06
200712 -2.124290E-06  9.528402E-06
200713  2.874082E-06  4.408727E-06
200714  4.301281E-06 -3.901215E-06
200715  1.168142E-06 -8.403985E-06
200716 -3.122588E-06 -6.274851E-06
200717 -4.925404E-06 -2.397221E-07
200718 -2.704451E-06  4.944039E-06
200719  2.612405E-06  6.856422E-06
200720  7.698853E-06  5.927474E-06
200721  1.023805E-05 -2.032542E-06
200722  3.304499E-06 -3.341043E-06
200723 -5.587766E-06 -6.837000E-06
200724 -8.614175E-06 -7.373008E-06
200725 -4.836910E-06 -8.697799E-07
200726 -9.096336E-07  8.439054E-06
200727 -2.003423E-06  1.308901E-05
200728 -5.381861E-06  1.189883E-05
200729 -5.025211E-06  9.699238E-06
200730 -1.035743E-07  9.728967E-06
200731  4.318290E-06  1.071468E-05
200732  4.219616E-06  1.054772E-05
200733  1.159312E-06  9.358095E-06
200734 -7.635008E-07  8.670655E-06
200735 -1.306522E-07  9.338192E-06
200736  1.142136E-06  1.073087E-05
200737  1.073782E-06  1.131643E-05
200738 -3.087097E-07  1.001590E-05
200739 -1.956386E-06  7.247571E-06
200740 -3.237806E-06  4.321298E-06
200741 -3.766371E-06  1.584474E-06
200742 -2.847383E-06 -2.058121E-06
200743 -2.315078E-07 -6.911120E-06
200744  2.812259E-06 -1.041980E-05
200745  4.196970E-06 -8.967524E-06
200746  3.085317E-06 -2.147566E-06
200747  6.727427E-07  5.808083E-06
200748 -1.223707E-06  9.366550E-06
200749 -1.563030E-06  6.204954E-06
200750  9.783475E-08 -1.036518E-06
200751  3.615000E-06 -6.757406E-06
200752  6.755237E-06 -6.882801E-06
200753  5.355333E-06 -2.315356E-06
200754 -1.708905E-06  2.370720E-06
200755 -7.891331E-06  3.708275E-06
200756 -4.215178E-06  1.988079E-06
200757  7.868344E-06 -3.662626E-07
200758  1.371922E-05 -1.387855E-06
200759  2.862665E-06 -7.324488E-07
200760 -1.280793E-05 -1.890807E-08
200761 -9.459341E-06 -1.453393E-06
200762  1.472549E-05 -3.684295E-06
200763  2.733890E-05 -4.337161E-07
200764 -8.949201E-07  1.054704E-05
200765 -4.850856E-05  1.466850E-05
200766 -5.281159E-05 -1.529480E-05
200767  1.988090E-05 -9.043327E-05
200768  1.232661E-04 -1.796797E-04
200769  1.683565E-04 -2.239385E-04
200770  1.146298E-04 -1.873084E-04
200771  1.213699E-05 -9.401688E-05
200772 -5.282759E-05 -8.142325E-06
200773 -4.423323E-05  2.446793E-05
200774  3.740122E-07  1.096096E-05
200775  2.431210E-05 -9.009143E-06
200776  1.185823E-05 -9.052522E-06
200777 -9.764134E-06  3.949024E-06
200778 -1.307217E-05  9.456432E-06
200779  1.339976E-07  1.435828E-06
200780  9.947414E-06 -7.935490E-06
200781  6.010963E-06 -6.838213E-06
200782 -3.438838E-06  2.390784E-06
200783 -6.011136E-06  8.828964E-06
200784 -5.877619E-07  6.365419E-06
200785  4.100438E-06 -1.552352E-06
200786  1.813141E-06 -7.368702E-06
200787 -4.949955E-06 -6.562170E-06
200788 -9.932974E-06 -7.085183E-07
200789 -9.819723E-06  4.442572E-06
200790 -4.928077E-06  4.488464E-06
200791  2.790457E-06  7.999197E-07
200792  9.549073E-06 -1.812760E-06
200793  8.145120E-06 -2.572460E-06
200794  5.408129E-07  1.739834E-06
200795 -8.539166E-06 -3.641967E-07
200796 -1.011546E-05 -2.112999E-06
200797 -3.623294E-06  3.811667E-06
200798  2.515971E-06  1.267681E-05
200799  2.033745E-06  1.483205E-05
200800 -1.819755E-06  9.882537E-06
200801 -2.023957E-06  5.255623E-06
200802  2.457624E-06  4.681189E-06
200803  6.225529E-06  5.405493E-06
200804  5.469301E-06  4.537642E-06
200805  2.528916E-06  2.663520E-06
200806  1.653864E-06  1.812652E-06
200807  3.246378E-06  3.010030E-06
200808  4.339472E-06  5.776023E-06
200809  3.165239E-06  8.559048E-06
200810  9.101328E-07  9.837929E-06
200811 -7.581559E-07  9.533143E-06
200812 -1.835496E-06  8.857491E-06
200813 -2.916599E-06  8.109088E-06
200814 -3.381894E-06  5.481029E-06
200815 -2.045740E-06 -4.336637E-07
200816  8.005854E-07 -7.330326E-06
200817  3.316839E-06 -1.038653E-05
200818  4.177423E-06 -7.232980E-06
200819  3.524474E-06 -3.688042E-07
200820  1.689815E-06  5.326176E-06
200821 -1.318818E-06  6.243343E-06
200822 -4.041398E-06  2.214713E-06
200823 -3.266327E-06 -3.148040E-06
200824  1.767999E-06 -5.237273E-06
200825  5.846745E-06 -2.885424E-06
200826  2.798799E-06  1.065365E-06
200827 -4.669977E-06  3.654277E-06
200828 -5.457175E-06  4.003742E-06
200829  4.755912E-06  2.016491E-06
200830  1.336685E-05 -1.744893E-06
200831  5.481396E-06 -4.716880E-06
200832 -1.163207E-05 -4.453005E-06
200833 -1.221310E-05 -2.397784E-06
200834  1.121224E-05 -1.438433E-06
200835  2.704364E-05  5.056435E-07
200836  9.313803E-07  7.216531E-06
200837 -4.769920E-05  9.854362E-06
200838 -5.006108E-05 -1.599833E-05
200839  3.359837E-05 -8.493149E-05
200840  1.521978E-04 -1.710137E-04
200841  2.039939E-04 -2.161252E-04
200842  1.421713E-04 -1.819252E-04
200843  2.438128E-05 -9.133967E-05
200844 -5.073750E-05 -8.918143E-06
200845 -4.358520E-05  2.053298E-05
200846  2.070197E-06  7.048046E-06
200847  2.412714E-05 -9.184694E-06
200848  8.882417E-06 -5.727236E-06
200849 -1.198414E-05  6.322166E-06
200850 -1.155452E-05  7.535812E-06
200851  3.543213E-06 -2.491242E-06
200852  1.096208E-05 -8.512999E-06
200853  3.300115E-06 -2.591320E-06
200854 -6.815574E-06  6.764414E-06
200855 -6.555015E-06  8.065374E-06
200856  1.445844E-06  8.358963E-07
200857  5.355408E-06 -6.608126E-06
200858  1.598887E-07 -7.599933E-06
200859 -8.070396E-06 -2.162134E-06
200860 -1.179856E-05  4.597730E-06
200861 -9.824740E-06  6.353824E-06
200862 -4.668706E-06  7.332539E-07
200863  2.043571E-06 -6.965050E-06
200864  7.960595E-06 -8.323967E-06
200865  4.530962E-06 -2.358204E-07
200866 -2.437574E-06  8.150553E-06
200867 -9.618028E-06  5.198745E-06
200868 -8.442444E-06  2.877691E-08
200869  2.571543E-07  3.766343E-06
200870  7.187180E-06  1.120136E-05
200871  6.487442E-06  1.052785E-05
200872  1.995258E-06  2.420529E-06
200873  8.000633E-07 -3.314554E-06
200874  3.951331E-06 -3.248909E-06
200875  6.403831E-06 -1.997288E-06
200876  4.936421E-06 -2.949916E-06
200877  2.301366E-06 -4.932460E-06
200878  2.457652E-06 -5.799322E-06
200879  4.853222E-06 -4.729707E-06
200880  5.837600E-06 -1.926183E-06
200881  4.034210E-06  1.553097E-06
200882  1.641295E-06  4.226366E-06
200883  7.079598E-07  5.736620E-06
200884  4.598223E-07  7.307394E-06
200885 -8.022244E-07  9.442566E-06
200886 -2.689630E-06  9.907853E-06
200887 -3.172009E-06  6.003133E-06
200888 -1.458742E-06 -1.175551E-06
200889  1.189019E-06 -6.978421E-06
200890  3.436073E-06 -8.024070E-06
200891  4.788658E-06 -4.773373E-06
200892  4.160728E-06  1.052800E-07
200893  7.581037E-09  3.378608E-06
200894 -6.274049E-06  2.656428E-06
200895 -9.080505E-06 -9.464616E-07
200896 -4.283411E-06 -3.279762E-06
200897  3.807233E-06 -2.188445E-06
200898  5.588621E-06  5.674933E-07
200899 -1.026291E-06  3.019127E-06
200900 -5.539109E-06  4.535306E-06
200901  1.133761E-06  3.482272E-06
200902  1.075863E-05 -1.500824E-06
200903  6.653759E-06 -7.131122E-06
200904 -9.493947E-06 -7.733861E-06
200905 -1.349393E-05 -3.270598E-06
200906  6.945786E-06  3.700287E-07
200907  2.482900E-05  1.185946E-06
200908  3.997409E-06  3.864734E-06
200909 -4.160924E-05  6.240546E-06
200910 -4.531343E-05 -1.036823E-05
200911  3.539854E-05 -6.267780E-05
200912  1.524620E-04 -1.337837E-04
200913  2.043174E-04 -1.739427E-04
200914  1.432664E-04 -1.467204E-04
200915  2.709861E-05 -7.069899E-05
200916 -4.571804E-05 -3.279889E-06
200917 -3.778957E-05  1.712319E-05
200918  5.047022E-06  2.873014E-06
200919  2.244497E-05 -9.165753E-06
200920  5.229399E-06 -2.770680E-06
200921 -1.315362E-05  7.616720E-06
200922 -9.188797E-06  5.163780E-06
200923  6.187592E-06 -5.390867E-06
200924  1.054135E-05 -7.698035E-06
200925  2.578874E-07  1.403867E-06
200926 -9.087348E-06  8.815548E-06
200927 -5.839509E-06  4.962325E-06
200928  3.802782E-06 -4.559823E-06
200929  6.539683E-06 -8.875782E-06
200930 -3.835290E-07 -4.732462E-06
200931 -8.119131E-06  3.236142E-06
200932 -9.543844E-06  8.620638E-06
200933 -6.406978E-06  6.639450E-06
200934 -2.841858E-06 -2.954864E-06
200935  9.760320E-07 -1.253489E-05
200936  4.887924E-06 -1.157715E-05
200937  1.395606E-06  2.680633E-06
200938 -4.530426E-06  1.280409E-05
200939 -8.950044E-06  7.824032E-06
200940 -4.852240E-06 -7.709688E-07
200941  4.687320E-06  1.232345E-06
200942  1.070483E-05  7.729230E-06
200943  9.374793E-06  5.039343E-06
200944  4.824411E-06 -4.883545E-06
200945  2.882194E-06 -1.039264E-05
200946  4.392237E-06 -8.986129E-06
200947  5.393556E-06 -6.986283E-06
200948  3.449417E-06 -7.737397E-06
200949  1.207767E-06 -9.393252E-06
200950  2.072533E-06 -1.008877E-05
200951  4.917515E-06 -9.543490E-06
200952  5.858426E-06 -7.682190E-06
200953  3.859551E-06 -4.813755E-06
200954  1.740814E-06 -2.079864E-06
200955  1.748508E-06  2.698007E-08
200956  2.516916E-06  2.742576E-06
200957  1.448875E-06  6.936798E-06
200958 -1.397708E-06  1.042093E-05
200959 -3.471831E-06  9.631171E-06
200960 -3.149953E-06  4.299611E-06
200961 -1.082094E-06 -1.970462E-06
200962  1.715578E-06 -5.915003E-06
200963  4.611267E-06 -6.563337E-06
200964  5.604384E-06 -4.010097E-06
200965  1.809755E-06 -1.548706E-07
200966 -6.110672E-06  1.227697E-06
200967 -1.180061E-05 -8.151227E-07
200968 -8.849115E-06 -2.605406E-06
200969  5.954477E-07 -1.604699E-06
200970  6.187488E-06  5.391101E-07
200971  1.920323E-06  2.356331E-06
200972 -4.535345E-06  4.090849E-06
200973 -1.750816E-06  3.852835E-06
200974  7.164689E-06 -1.117892E-06
200975  6.621721E-06 -7.917258E-06
200976 -6.592214E-06 -9.261889E-06
200977 -1.270490E-05 -3.656361E-06
200978  3.156767E-06  1.764047E-06
200979  2.085209E-05  1.999305E-06
200980  6.344053E-06  1.445829E-06
200981 -3.290599E-05  3.158780E-06
200982 -3.897614E-05 -4.712234E-06
200983  2.915738E-05 -3.850897E-05
200984  1.317506E-04 -9.044877E-05
200985  1.782541E-04 -1.227471E-04
200986  1.248688E-04 -1.038485E-04
200987  2.310570E-05 -4.664862E-05
200988 -3.896778E-05  2.577812E-06
200989 -2.973115E-05  1.370404E-05
200990  7.466765E-06 -3.715187E-07
200991  1.943700E-05 -8.506996E-06
200992  1.913258E-06 -5.108888E-07
200993 -1.293804E-05  7.819938E-06
200994 -6.485526E-06  2.920437E-06
200995  7.669251E-06 -6.975130E-06
200996  9.045446E-06 -6.157674E-06
200997 -2.343321E-06  4.259037E-06
200998 -9.816342E-06  8.848325E-06
200999 -4.077744E-06  1.267854E-06
201000  5.895446E-06 -8.109368E-06
201001  7.027257E-06 -8.303093E-06
201002 -6.754817E-07 -3.401994E-07
201003 -6.796525E-06  7.985577E-06
201004 -5.899585E-06  1.105084E-05
201005 -2.486494E-06  6.474843E-06
201006 -1.147826E-06 -4.789773E-06
201007 -9.429720E-08 -1.471154E-05
201008  2.156642E-06 -1.199641E-05
201009 -4.626707E-07  4.818639E-06
201010 -5.655793E-06  1.489185E-05
201011 -7.354224E-06  8.013097E-06
201012 -7.878164E-07 -2.556040E-06
201013  8.131384E-06 -1.073261E-06
201014  1.190684E-05  5.121727E-06
201015  1.004278E-05  1.271284E-06
201016  6.395507E-06 -9.259689E-06
201017  4.254765E-06 -1.380008E-05
201018  4.181241E-06 -1.113776E-05
201019  3.942645E-06 -8.735331E-06
201020  1.888129E-06 -9.342004E-06
201021  4.876014E-08 -1.048858E-05
201022  1.204029E-06 -1.086898E-05
201023  4.155473E-06 -1.089056E-05
201024  5.153148E-06 -1.025441E-05
201025  3.291867E-06 -8.524385E-06
201026  1.560681E-06 -6.423687E-06
201027  2.302117E-06 -4.528436E-06
201028  3.907080E-06 -1.679121E-06
201029  3.230956E-06  3.319448E-06
201030 -3.327133E-08  8.639688E-06
201031 -3.167848E-06  1.045140E-05
201032 -4.066951E-06  7.518774E-06
201033 -2.879741E-06  2.214637E-06
201034 -1.588213E-07 -3.008962E-06
201035  3.618430E-06 -6.538374E-06
201036  6.008849E-06 -6.310346E-06
201037  3.410668E-06 -2.740008E-06
201038 -4.228512E-06 -4.577532E-07
201039 -1.121323E-05 -1.889657E-06
201040 -1.066741E-05 -3.376325E-06
201041 -2.392031E-06 -1.892208E-06
201042  5.039107E-06  5.419728E-07
201043  3.645341E-06  2.074039E-06
201044 -2.820403E-06  3.458944E-06
201045 -3.256377E-06  3.408710E-06
201046  3.694141E-06 -1.044364E-06
201047  5.712021E-06 -7.629868E-06
201048 -3.561843E-06 -9.149600E-06
201049 -1.023985E-05 -3.432931E-06
201050  4.734285E-07  2.640064E-06
201051  1.570915E-05  2.772671E-06
201052  6.925959E-06  2.009800E-07
201053 -2.377536E-05  6.357231E-07
201054 -3.111673E-05 -1.639663E-06
201055  2.037634E-05 -2.034538E-05
201056  1.014223E-04 -5.454072E-05
201057  1.392970E-04 -7.856922E-05
201058  9.739624E-05 -6.709985E-05
201059  1.676655E-05 -2.747542E-05
201060 -3.116062E-05  5.842582E-06
201061 -2.162536E-05  1.040264E-05
201062  8.372159E-06 -2.242593E-06
201063  1.564345E-05 -7.362707E-06
201064 -4.507058E-07  8.695197E-07
201065 -1.154356E-05  7.263817E-06
201066 -3.966833E-06  1.272739E-06
201067  7.996380E-06 -7.371976E-06
201068  7.008762E-06 -4.574540E-06
201069 -4.121430E-06  5.710329E-06
201070 -9.196031E-06  7.743556E-06
201071 -1.829947E-06 -1.649818E-06
201072  7.220688E-06 -9.453450E-06
201073  6.431899E-06 -6.137481E-06
201074 -1.411002E-06  3.744341E-06
201075 -5.547885E-06  1.110918E-05
201076 -2.939307E-06  1.207374E-05
201077 -2.751003E-08  6.301111E-06
201078 -6.355871E-07 -4.985970E-06
201079 -1.038861E-06 -1.445928E-05
201080  6.314421E-07 -1.092290E-05
201081 -1.188831E-06  5.975872E-06
201082 -6.233303E-06  1.505965E-05
201083 -5.624395E-06  7.114763E-06
201084  2.796333E-06 -3.674806E-06
201085  1.002060E-05 -1.847601E-06
201086  1.086416E-05  4.072694E-06
201087  8.859498E-06 -4.812265E-07
201088  6.980290E-06 -1.076229E-05
201089  5.124019E-06 -1.411508E-05
201090  3.663896E-06 -1.074294E-05
201091  2.530293E-06 -8.488008E-06
201092  7.168110E-07 -9.135289E-06
201093 -7.579085E-07 -9.781716E-06
201094  3.282974E-07 -9.800596E-06
201095  3.158164E-06 -1.023291E-05
201096  4.341389E-06 -1.060905E-05
201097  2.847767E-06 -9.907618E-06
201098  1.458917E-06 -8.498472E-06
201099  2.577894E-06 -7.021322E-06
201100  4.686106E-06 -4.477349E-06
201101  4.423172E-06  4.824746E-07
201102  1.132833E-06  6.441161E-06
201103 -2.568249E-06  9.732815E-06
201104 -4.387204E-06  8.687887E-06
201105 -4.088530E-06  4.705905E-06
201106 -1.724368E-06 -7.265137E-07
201107  2.429574E-06 -5.874375E-06
201108  5.695231E-06 -7.163277E-06
201109  4.403515E-06 -3.836244E-06
201110 -1.677664E-06 -1.213954E-06
201111 -8.260267E-06 -2.895440E-06
201112 -9.765366E-06 -4.895717E-06
201113 -4.303149E-06 -3.142520E-06
201114  2.938137E-06  2.472707E-07
201115  4.121535E-06  2.315405E-06
201116 -8.887590E-07  3.271005E-06
201117 -3.386831E-06  2.599933E-06
201118  9.934273E-07 -1.529564E-06
201119  4.288928E-06 -6.970502E-06
201120 -9.738966E-07 -7.884699E-06
201121 -6.907652E-06 -2.648819E-06
201122 -1.058835E-06  2.939186E-06
201123  1.006629E-05  3.089424E-06
201124  5.634218E-06 -2.130933E-07
201125 -1.545181E-05 -1.041539E-06
201126 -2.199237E-05 -8.508123E-07
201127  1.275648E-05 -9.603722E-06
201128  6.983283E-05 -3.018943E-05
201129  9.758973E-05 -4.704910E-05
201130  6.851809E-05 -4.108226E-05
201131  1.108793E-05 -1.517813E-05
201132 -2.274136E-05  6.557498E-06
201133 -1.457323E-05  7.630337E-06
201134  7.670222E-06 -2.915544E-06
201135  1.162543E-05 -6.144326E-06
201136 -1.706483E-06  1.409326E-06
201137 -9.412158E-06  6.397610E-06
201138 -1.961882E-06  4.261277E-07
201139  7.424758E-06 -6.963828E-06
201140  4.894681E-06 -3.441904E-06
201141 -5.045840E-06  5.931626E-06
201142 -7.726079E-06  6.390650E-06
201143  3.556625E-07 -3.157841E-06
201144  7.619018E-06 -9.156809E-06
201145  4.871617E-06 -3.861827E-06
201146 -2.682252E-06  6.352153E-06
201147 -4.930061E-06  1.252970E-05
201148 -1.410042E-06  1.220434E-05
201149  4.966176E-07  6.070888E-06
201150 -1.354233E-06 -4.682501E-06
201151 -1.717179E-06 -1.339999E-05
201152  3.626099E-07 -9.479015E-06
201153 -1.318439E-06  6.481591E-06
201154 -6.731837E-06  1.424905E-05
201155 -4.252565E-06  6.207460E-06
201156  5.459429E-06 -3.395194E-06
201157  1.045130E-05 -1.047531E-06
201158  8.320646E-06  4.001402E-06
201159  6.637597E-06 -1.138952E-06
201160  7.011600E-06 -1.056501E-05
201161  5.693410E-06 -1.277375E-05
201162  3.070182E-06 -9.336253E-06
201163  1.390248E-06 -7.704485E-06
201164  8.744163E-08 -8.547753E-06
201165 -1.067364E-06 -8.798948E-06
201166 -2.931683E-07 -8.498048E-06
201167  2.297387E-06 -9.137329E-06
201168  3.783598E-06 -1.011363E-05
201169  2.794768E-06 -1.003334E-05
201170  1.648672E-06 -9.033367E-06
201171  2.800556E-06 -7.791512E-06
201172  5.059175E-06 -5.500518E-06
201173  5.101797E-06 -8.590804E-07
201174  1.981785E-06  4.981507E-06
201175 -1.943091E-06  8.705141E-06
201176 -4.396890E-06  8.636130E-06
201177 -4.835071E-06  5.607383E-06
201178 -2.819257E-06  3.619254E-07
201179  1.458658E-06 -5.418144E-06
201180  5.046650E-06 -7.230125E-06
201181  4.677089E-06 -3.593593E-06
201182  6.601345E-07 -5.410810E-07
201183 -4.207872E-06 -2.883278E-06
201184 -6.888099E-06 -6.325603E-06
201185 -4.873725E-06 -5.076744E-06
201186  6.058117E-07 -4.868846E-07
201187  3.581163E-06  3.033080E-06
201188  8.306228E-07  3.834065E-06
201189 -2.505633E-06  1.802038E-06
201190 -7.106300E-07 -2.608451E-06
201191  2.720513E-06 -6.449360E-06
201192  9.417744E-07 -5.972091E-06
201193 -3.410438E-06 -1.408245E-06
201194 -1.728920E-06  2.665703E-06
201195  4.403821E-06  2.521716E-06
201196  2.957365E-06 -4.179571E-07
201197 -8.194894E-06 -1.679933E-06
201198 -1.198241E-05 -8.817076E-07
201199  7.424088E-06 -4.411063E-06
201200  4.031429E-05 -1.624146E-05
201201  5.735926E-05 -2.772240E-05
201202  4.123297E-05 -2.506960E-05
201203  6.976246E-06 -8.378573E-06
201204 -1.397725E-05  5.999444E-06
201205 -8.686013E-06  5.700732E-06
201206  5.752295E-06 -2.887903E-06
201207  7.711426E-06 -5.256217E-06
201208 -2.024954E-06  1.299333E-06
201209 -6.943890E-06  5.618448E-06
201210 -5.627418E-07  3.743434E-07
201211  6.265052E-06 -6.169672E-06
201212  2.992232E-06 -3.015176E-06
201213 -5.261591E-06  5.262200E-06
201214 -5.911421E-06  5.399969E-06
201215  2.111498E-06 -3.191772E-06
201216  7.226792E-06 -8.032716E-06
201217  2.795587E-06 -2.523148E-06
201218 -4.202665E-06  7.107328E-06
201219 -4.952273E-06  1.269542E-05
201220 -1.271984E-06  1.200007E-05
201221 -5.092636E-07  5.623047E-06
201222 -2.719393E-06 -4.907578E-06
201223 -1.881564E-06 -1.276248E-05
201224  1.045937E-06 -8.253460E-06
