Mesh2HRTF 0.1.2
    1
    1  1225
200000 -8.354409E-06 -6.009968E-06
200001  3.322062E-06  1.992620E-06
200002  2.965093E-06  1.208847E-06
200003  2.284873E-06  2.404702E-07
200004  1.415689E-06 -8.571156E-07
200005  5.140260E-07 -2.000811E-06
200006 -2.671054E-07 -3.092811E-06
200007 -8.020369E-07 -4.035803E-06
200008 -1.010321E-06 -4.747200E-06
200009 -8.657224E-07 -5.169655E-06
200010 -3.953794E-07 -5.276217E-06
200011  3.298130E-07 -5.069880E-06
200012  1.210931E-06 -4.578512E-06
200013  2.139365E-06 -3.846975E-06
200014  3.014276E-06 -2.928417E-06
200015  3.756394E-06 -1.876477E-06
200016  4.316481E-06 -7.395004E-07
200017  4.677985E-06  4.426983E-07
200018  4.854382E-06  1.639618E-06
200019  4.882415E-06  2.828762E-06
200020  4.812774E-06  3.992897E-06
200021  4.699921E-06  5.116546E-06
200022  4.592675E-06  6.182472E-06
200023  4.526977E-06  7.168828E-06
200024  4.521860E-06  8.047557E-06
200025  4.579083E-06  8.784421E-06
200026  4.686161E-06  9.340723E-06
200027  4.821769E-06  9.676509E-06
200028  4.961923E-06  9.754707E-06
200029  5.085173E-06  9.545496E-06
200030  5.175404E-06  9.030237E-06
200031  5.221652E-06  8.204395E-06
200032  5.215435E-06  7.079208E-06
200033  5.147019E-06  5.682100E-06
200034  5.002523E-06  4.056083E-06
200035  4.763560E-06  2.258449E-06
200036  4.410296E-06  3.590125E-07
200037  3.927623E-06 -1.562007E-06
200038  3.313006E-06 -3.416592E-06
200039  2.583762E-06 -5.112329E-06
200040  1.781420E-06 -6.556936E-06
200041  9.712732E-07 -7.664141E-06
200042  2.363415E-07 -8.360748E-06
200043 -3.337605E-07 -8.594241E-06
200044 -6.572163E-07 -8.339805E-06
200045 -6.749136E-07 -7.605321E-06
200046 -3.627853E-07 -6.432955E-06
200047  2.610716E-07 -4.896528E-06
200048  1.136074E-06 -3.094642E-06
200049  2.165733E-06 -1.140598E-06
200050  3.229772E-06  8.491473E-07
200051  4.199431E-06  2.765890E-06
200052  4.953239E-06  4.517157E-06
200053  5.390946E-06  6.031705E-06
200054  5.444153E-06  7.260972E-06
200055  5.083093E-06  8.177764E-06
200056  4.319698E-06  8.773492E-06
200057  3.207303E-06  9.055250E-06
200058  1.837178E-06  9.043649E-06
200059  3.317715E-07  8.771654E-06
200060 -1.165588E-06  8.283979E-06
200061 -2.504507E-06  7.636146E-06
200062 -3.544178E-06  6.892172E-06
200063 -4.171187E-06  6.120148E-06
200064 -4.315978E-06  5.385568E-06
200065 -3.964988E-06  4.743104E-06
200066 -3.165743E-06  4.228215E-06
200067 -2.023177E-06  3.850485E-06
200068 -6.869282E-07  3.590540E-06
200069  6.688924E-07  3.401888E-06
200070  1.870500E-06  3.218075E-06
200071  2.769851E-06  2.964371E-06
200072  3.266482E-06  2.572060E-06
200073  1.156656E-05  7.030167E-06
200074  8.742772E-06  7.867477E-06
200075  4.280314E-06  6.984727E-06
200076 -1.028013E-06  4.691124E-06
200077 -6.148035E-06  1.684658E-06
200078 -1.005913E-05 -1.176260E-06
200079 -1.204158E-05 -3.165859E-06
200080 -1.187611E-05 -3.921518E-06
200081 -9.872670E-06 -3.514884E-06
200082 -6.726843E-06 -2.349573E-06
200083 -3.276992E-06 -9.552229E-07
200084 -2.643431E-07  2.156890E-07
200085  1.824042E-06  9.056585E-07
200086  2.799574E-06  1.061410E-06
200087  2.722166E-06  7.666174E-07
200088  1.802027E-06  1.537369E-07
200089  3.027328E-07 -6.594089E-07
200090 -1.519550E-06 -1.590062E-06
200091 -3.429722E-06 -2.575660E-06
200092 -5.194276E-06 -3.545259E-06
200093 -6.560213E-06 -4.399875E-06
200094 -7.266447E-06 -5.016345E-06
200095 -7.105166E-06 -5.276536E-06
200096 -6.019001E-06 -5.110279E-06
200097 -4.187465E-06 -4.531423E-06
200098 -2.043181E-06 -3.647020E-06
200099 -1.790364E-07 -2.631327E-06
200100  8.415471E-07 -1.674018E-06
200101  7.019582E-07 -9.249713E-07
200102 -5.213019E-07 -4.586058E-07
200103 -2.360937E-06 -2.678651E-07
200104 -4.121420E-06 -2.823343E-07
200105 -5.136321E-06 -3.965632E-07
200106 -5.009550E-06 -4.981879E-07
200107 -3.741582E-06 -4.943855E-07
200108 -1.702255E-06 -3.394119E-07
200109  5.162476E-07 -6.019045E-08
200110  2.290274E-06  2.339562E-07
200111  3.128680E-06  3.757304E-07
200112  2.776632E-06  2.056821E-07
200113  1.261754E-06 -3.380245E-07
200114 -1.105468E-06 -1.147900E-06
200115 -3.779352E-06 -1.941555E-06
200116 -6.089251E-06 -2.347302E-06
200117 -7.412861E-06 -2.060066E-06
200118 -7.373024E-06 -1.001339E-06
200119 -5.980375E-06  5.994396E-07
200120 -3.643696E-06  2.255783E-06
200121 -1.021230E-06  3.397125E-06
200122  1.233342E-06  3.589114E-06
200123  2.715399E-06  2.700010E-06
200124  3.388854E-06  9.405703E-07
200125  3.528818E-06 -1.229543E-06
200126  3.526273E-06 -3.273515E-06
200127  3.658142E-06 -4.748062E-06
200128  3.932375E-06 -5.414113E-06
200129  4.071558E-06 -5.270609E-06
200130  3.633172E-06 -4.527389E-06
200131  2.212744E-06 -3.541067E-06
200132 -3.483899E-07 -2.728069E-06
200133 -3.828553E-06 -2.461112E-06
200134 -7.621373E-06 -2.961974E-06
200135 -1.087773E-05 -4.219031E-06
200136 -1.275430E-05 -5.964403E-06
200137 -1.267871E-05 -7.730010E-06
200138 -1.052669E-05 -8.969785E-06
200139 -6.644839E-06 -9.207669E-06
200140 -1.727215E-06 -8.165663E-06
200141  3.379961E-06 -5.842659E-06
200142  7.854724E-06 -2.535720E-06
200143  1.100743E-05  1.195991E-06
200144  1.233439E-05  4.628043E-06
200145 -5.791812E-06  5.120418E-07
200146 -8.927901E-07  3.582733E-06
200147  2.309081E-06  4.129822E-06
200148  2.502555E-06  1.415721E-06
200149  7.391082E-07 -3.046633E-06
200150 -6.748013E-07 -6.431411E-06
200151 -6.761501E-08 -6.583832E-06
200152  2.486786E-06 -3.494329E-06
200153  5.526134E-06  8.316166E-07
200154  7.434788E-06  3.868358E-06
200155  7.460342E-06  4.199791E-06
200156  5.906364E-06  2.159920E-06
200157  3.680834E-06 -7.228667E-07
200158  1.731353E-06 -2.829937E-06
200159  7.162879E-07 -3.280891E-06
200160  9.213637E-07 -2.102351E-06
200161  2.269294E-06  9.782813E-08
200162  4.326032E-06  2.556763E-06
200163  6.338144E-06  4.624426E-06
200164  7.405095E-06  5.866123E-06
200165  6.838280E-06  6.112043E-06
200166  4.600470E-06  5.502848E-06
200167  1.552616E-06  4.462271E-06
200168 -7.791579E-07  3.513853E-06
200169 -9.585112E-07  2.990371E-06
200170  1.444945E-06  2.838477E-06
200171  5.388805E-06  2.710075E-06
200172  8.769235E-06  2.302618E-06
200173  9.574814E-06  1.654497E-06
200174  7.098061E-06  1.101607E-06
200175  2.414790E-06  9.114676E-07
200176 -2.218544E-06  9.439487E-07
200177 -4.702409E-06  6.945516E-07
200178 -4.318409E-06 -2.683148E-07
200179 -2.029566E-06 -1.828436E-06
200180  3.443180E-07 -3.221762E-06
200181  1.465249E-06 -3.440050E-06
200182  1.319074E-06 -1.894359E-06
200183  9.450252E-07  1.093145E-06
200184  1.348603E-06  4.302830E-06
200185  2.552123E-06  6.176306E-06
200186  3.580287E-06  5.649818E-06
200187  3.369597E-06  2.820805E-06
200188  1.823749E-06 -9.572350E-07
200189  1.076753E-07 -3.711232E-06
200190 -1.475577E-07 -3.972175E-06
200191  1.805071E-06 -1.746599E-06
200192  4.972757E-06  1.374482E-06
200193  7.041001E-06  3.192589E-06
200194  5.898864E-06  2.366438E-06
200195  1.186263E-06 -7.058741E-07
200196 -5.313970E-06 -4.253861E-06
200197 -1.073516E-05 -6.418645E-06
200198 -1.280782E-05 -6.425955E-06
200199 -1.093554E-05 -4.823861E-06
200200 -6.068788E-06 -2.778891E-06
200201  1.930602E-07 -1.099282E-06
200202  6.359686E-06  2.683670E-07
200203  1.119536E-05  1.958920E-06
200204  1.360227E-05  4.415597E-06
200205  1.287637E-05  7.294597E-06
200206  9.375110E-06  9.579440E-06
200207  4.845412E-06  1.032193E-05
200208  1.681624E-06  9.347690E-06
200209  1.364388E-06  7.293782E-06
200210  3.287999E-06  4.985205E-06
200211  5.064608E-06  2.779748E-06
200212  4.232553E-06  5.139055E-07
200213  1.365939E-07 -1.920125E-06
200214 -5.435671E-06 -3.977352E-06
200215 -9.385963E-06 -4.549579E-06
200216 -9.446690E-06 -2.864085E-06
200217 -1.388854E-06 -5.999605E-06
200218  7.351463E-06  6.830453E-07
200219  1.064474E-05  5.889034E-06
200220  5.792070E-06  4.352593E-06
200221 -2.349133E-06 -2.014215E-06
200222 -6.677232E-06 -6.399086E-06
200223 -5.047693E-06 -4.374161E-06
200224 -1.411552E-06  1.942573E-06
200225 -5.867064E-07  6.628328E-06
200226 -3.313265E-06  5.831737E-06
200227 -6.542682E-06  7.994524E-07
200228 -7.286401E-06 -4.026984E-06
200229 -5.290319E-06 -5.161263E-06
200230 -2.501814E-06 -2.543380E-06
200231 -9.900119E-07  1.245637E-06
200232 -1.561811E-06  3.559400E-06
200233 -3.627928E-06  3.553350E-06
200234 -5.726333E-06  2.138761E-06
200235 -6.287773E-06  6.793473E-07
200236 -4.563059E-06 -1.899345E-07
200237 -1.341044E-06 -7.890671E-07
200238  1.277416E-06 -1.725973E-06
200239  1.312417E-06 -2.993012E-06
200240 -1.412521E-06 -3.691093E-06
200241 -4.945582E-06 -2.878112E-06
200242 -6.785214E-06 -9.130207E-07
200243 -5.944434E-06  3.219884E-07
200244 -3.518812E-06 -8.501174E-07
200245 -1.450849E-06 -3.781655E-06
200246 -9.788918E-07 -5.614530E-06
200247 -1.980010E-06 -3.988305E-06
200248 -3.082864E-06  4.587570E-07
200249 -2.335191E-06  4.553546E-06
200250  1.255033E-06  5.476875E-06
200251  6.048726E-06  3.056952E-06
200252  8.227867E-06 -5.434061E-07
200253  5.090988E-06 -2.954885E-06
200254 -1.863590E-06 -3.337107E-06
200255 -7.764115E-06 -2.413915E-06
200256 -8.571751E-06 -1.286171E-06
200257 -4.367010E-06 -4.672971E-07
200258  1.179981E-06 -4.274329E-08
200259  3.940299E-06 -3.507099E-07
200260  2.164118E-06 -1.795383E-06
200261 -2.560671E-06 -3.670367E-06
200262 -6.426389E-06 -3.872778E-06
200263 -6.167152E-06 -9.325521E-07
200264 -1.860790E-06  3.540167E-06
200265  2.847622E-06  5.641913E-06
200266  4.049780E-06  3.365346E-06
200267  1.532980E-06 -6.441087E-07
200268 -8.628399E-07 -1.671719E-06
200269  8.214066E-07  1.966316E-06
200270  6.382565E-06  7.424689E-06
200271  1.110749E-05  1.056082E-05
200272  9.796493E-06  9.286926E-06
200273  1.739810E-06  3.969127E-06
200274 -7.883747E-06 -3.440537E-06
200275 -1.227953E-05 -9.850525E-06
200276 -9.648578E-06 -1.229539E-05
200277 -5.117675E-06 -1.039991E-05
200278 -5.061040E-06 -7.169379E-06
200279 -9.865264E-06 -6.195802E-06
200280 -1.357327E-05 -8.005819E-06
200281 -1.059991E-05 -9.637788E-06
200282 -1.517459E-06 -7.714352E-06
200283  7.887114E-06 -1.713296E-06
200284  1.183278E-05  5.290063E-06
200285  8.424295E-06  8.634340E-06
200286  2.609363E-07  5.595837E-06
200287 -7.034222E-06 -1.751224E-06
200288 -7.947148E-06 -7.279491E-06
200289 -2.608320E-06 -7.839632E-06
200290 -3.360699E-07 -1.428458E-06
200291  1.122097E-06  6.537073E-06
200292 -4.255227E-06  5.264257E-06
200293 -9.871083E-06 -1.901592E-06
200294 -6.601804E-06 -4.315591E-06
200295  3.118709E-06  3.072403E-07
200296  8.738380E-06  4.740642E-06
200297  5.842602E-06  3.260550E-06
200298  5.698402E-07 -2.104834E-06
200299  1.398564E-07 -5.450844E-06
200300  4.141346E-06 -3.636061E-06
200301  7.126348E-06  1.259797E-06
200302  6.370044E-06  4.549512E-06
200303  3.977965E-06  3.401274E-06
200304  2.742662E-06 -9.517093E-07
200305  2.739541E-06 -4.912451E-06
200306  2.205037E-06 -5.901804E-06
200307  2.673899E-07 -3.952999E-06
200308 -1.848045E-06 -6.701651E-07
200309 -2.116642E-06  2.337680E-06
200310 -6.617650E-08  3.756973E-06
200311  2.510101E-06  2.590833E-06
200312  3.705874E-06 -4.914234E-07
200313  3.858195E-06 -2.280664E-06
200314  4.385592E-06  5.147384E-08
200315  4.621988E-06  4.567171E-06
200316  2.469365E-06  5.792970E-06
200317 -1.050114E-06  1.705773E-06
200318 -1.533037E-06 -3.195788E-06
200319  2.046051E-06 -3.733697E-06
200320  4.124439E-06 -6.244075E-07
200321  2.347282E-07  1.083484E-06
200322 -5.482941E-06 -1.232512E-06
200323 -5.931853E-06 -4.695273E-06
200324 -1.628087E-06 -4.571596E-06
200325  9.089336E-07  1.515535E-07
200326 -1.662402E-07  5.446878E-06
200327 -2.292058E-07  6.297399E-06
200328  2.855476E-06  1.778873E-06
200329  5.127936E-06 -3.640820E-06
200330  3.586671E-06 -4.041618E-06
200331  9.180400E-07  1.697439E-06
200332  5.856697E-07  7.800469E-06
200333  1.629016E-06  7.603486E-06
200334  1.380656E-06  1.832068E-06
200335  2.965158E-07 -2.042779E-06
200336  5.449254E-07 -3.125620E-07
200337  1.409040E-06  1.256776E-06
200338  1.018753E-07 -2.903526E-06
200339 -3.103061E-06 -7.156679E-06
200340 -4.774333E-06 -2.693093E-06
200341 -3.633604E-06  5.985979E-06
200342 -1.401278E-06  5.480106E-06
200343  1.217248E-06 -5.223873E-06
200344  3.539023E-06 -1.195028E-05
200345  1.867930E-06 -6.599506E-06
200346 -4.286931E-06  2.455072E-06
200347 -6.116434E-06  5.608324E-06
200348  3.512554E-06  5.274597E-06
200349  1.628444E-05  7.940927E-06
200350  1.794371E-05  1.256937E-05
200351  8.767688E-06  1.364850E-05
200352  1.808025E-06  9.916833E-06
200353  2.315277E-06  4.257776E-06
200354  1.846394E-06 -1.510635E-06
200355 -5.350685E-06 -6.422376E-06
200356 -1.143341E-05 -7.041674E-06
200357 -6.888505E-06 -8.454039E-07
200358  3.688441E-06  6.609442E-06
200359  7.337315E-06  5.627919E-06
200360  1.753030E-06 -3.313441E-06
200361 -1.298978E-05 -5.881086E-06
200362 -4.487141E-06 -4.766734E-07
200363  6.616168E-06  6.169603E-06
200364  6.236749E-06 -8.387803E-08
200365  1.821679E-06 -7.068736E-06
200366  2.630902E-06 -2.858785E-06
200367  4.352019E-06  3.339311E-06
200368  4.625355E-07  1.428892E-06
200369 -5.826381E-06 -3.499783E-06
200370 -6.672026E-06 -3.289604E-06
200371 -1.603578E-06  1.274902E-06
200372  1.184757E-06  4.686840E-06
200373 -3.346409E-06  3.982769E-06
200374 -9.977102E-06 -5.469255E-08
200375 -1.129439E-05 -4.462282E-06
200376 -6.897330E-06 -6.048851E-06
200377 -1.171848E-06 -3.798647E-06
200378  2.870739E-06  2.028353E-07
200379  4.448354E-06  2.671505E-06
200380  3.523481E-06  2.175195E-06
200381  1.256642E-06  7.454164E-07
200382 -2.975671E-07  1.721736E-06
200383 -1.028894E-06  4.611832E-06
200384 -3.134981E-06  4.480925E-06
200385 -6.200282E-06 -3.320357E-07
200386 -5.302502E-06 -4.117905E-06
200387  8.772256E-07 -2.531969E-06
200388  4.312314E-06  5.385687E-07
200389 -1.134972E-06  7.951925E-07
200390 -7.278725E-06  3.649214E-07
200391 -3.058465E-06  1.601783E-06
200392  5.939552E-06  2.938763E-06
200393  5.477454E-06  3.236007E-06
200394 -2.934442E-06  2.492708E-06
200395 -4.485809E-06  3.996197E-07
200396  2.684601E-06 -1.327460E-06
200397  4.792290E-06 -7.748601E-07
200398 -1.638902E-06  1.127308E-07
200399 -4.029775E-06 -6.445327E-07
200400  1.462384E-06 -1.454935E-06
200401  3.012678E-06 -1.248011E-06
200402 -3.828972E-06 -1.155384E-06
200403 -8.245402E-06 -1.275478E-06
200404 -3.596289E-06 -1.102988E-06
200405  3.119213E-06 -2.448147E-06
200406  4.016389E-06 -6.718791E-06
200407  6.394866E-07 -8.595350E-06
200408 -8.370121E-07 -1.255938E-06
200409  8.003222E-07  7.914362E-06
200410  1.575214E-06  3.744555E-06
200411  1.878484E-06 -7.554114E-06
200412  6.087901E-06 -3.711927E-06
200413  7.910240E-06  1.128625E-05
200414 -3.904352E-06  9.815564E-06
200415 -1.744656E-05 -7.412405E-06
200416 -8.533704E-06 -9.447269E-06
200417  1.303697E-05  9.152365E-06
200418  1.441013E-05  1.900923E-05
200419 -2.351156E-06  6.387675E-06
200420 -8.063610E-06 -9.636359E-06
200421 -2.837575E-06 -1.308006E-05
200422 -8.018391E-06 -1.020224E-05
200423 -1.821339E-05 -9.750321E-06
200424 -1.177624E-05 -8.122035E-06
200425  7.614788E-06  5.842034E-07
200426  1.653000E-05  1.133736E-05
200427  6.349328E-06  1.097979E-05
200428 -7.626571E-06 -3.014747E-06
200429 -6.560937E-06 -1.216995E-05
200430  6.804173E-06 -2.525442E-06
200431  1.010917E-05  8.920709E-06
200432 -3.639065E-06  3.080611E-06
200433  3.728642E-07 -9.337258E-06
200434  6.895853E-06 -9.778723E-07
200435  4.514832E-06  5.506016E-06
200436 -5.165392E-06 -4.046123E-06
200437 -6.758191E-06 -4.695748E-06
200438 -3.359901E-06  6.026855E-06
200439 -3.486924E-06  6.396104E-06
200440 -2.911375E-06 -1.395651E-06
200441  7.647291E-07 -1.329221E-06
200442  3.939400E-06  3.940776E-06
200443  5.328994E-06  3.651718E-06
200444  4.091886E-06 -1.032854E-06
200445  1.561309E-06 -3.183249E-06
200446  3.029745E-06 -1.344145E-06
200447  8.126753E-06  1.901841E-06
200448  9.311740E-06  4.440585E-06
200449  3.687583E-06  4.915801E-06
200450 -3.504597E-06  2.964792E-06
200451 -7.307559E-06  5.667985E-08
200452 -8.036830E-06 -2.908664E-06
200453 -7.811830E-06 -6.611497E-06
200454 -5.946095E-06 -8.767420E-06
200455 -4.062969E-07 -5.161196E-06
200456  5.765915E-06  1.445636E-06
200457  5.274225E-06  3.709189E-06
200458 -1.263883E-06  1.945119E-06
200459 -3.135394E-06  7.384050E-07
200460  2.778821E-06 -1.505933E-06
200461  5.578233E-06 -4.159539E-06
200462 -9.961259E-08 -1.164307E-06
200463 -4.780170E-06  1.893615E-06
200464 -1.996260E-06 -3.475082E-06
200465  8.447683E-07 -6.380221E-06
200466 -2.439330E-06  1.031019E-06
200467 -3.938622E-06  5.029892E-06
200468  2.426981E-06  9.348471E-07
200469  4.925066E-06 -2.157422E-07
200470 -3.022999E-06  1.452257E-08
200471 -5.639216E-06 -3.517011E-06
200472  2.376631E-06 -2.040917E-06
200473  3.925445E-06  5.709898E-06
200474 -1.504196E-06  7.337783E-06
200475  1.538555E-06  1.186845E-07
200476  7.132446E-06 -4.501874E-06
200477  2.138314E-06  2.181100E-06
200478 -5.769980E-06  1.083972E-05
200479 -6.973831E-06  6.920032E-06
200480 -4.166234E-06  1.415174E-08
200481 -5.425434E-07  5.480510E-06
200482 -6.793863E-07  8.883256E-06
200483 -8.292384E-06 -1.713437E-06
200484 -8.490342E-06 -6.011221E-06
200485  9.281985E-06  2.000649E-06
200486  1.561473E-05  1.041128E-06
200487 -4.738460E-06 -4.666634E-06
200488 -9.890247E-06  3.760786E-06
200489  1.016033E-05  1.008996E-05
200490  7.244236E-06 -4.470934E-06
200491 -1.489577E-05 -1.860699E-05
200492 -8.843675E-06 -1.043121E-05
200493  1.139374E-05  6.356049E-06
200494  8.918498E-06  1.183705E-05
200495 -2.465390E-07  6.295832E-06
200496  7.634097E-07 -4.177138E-06
200497 -4.868931E-06 -1.492747E-05
200498 -1.287518E-05 -1.209161E-05
200499 -2.825355E-06  7.082793E-06
200500  8.696454E-06  1.221712E-05
200501  2.037629E-06 -5.988335E-06
200502 -4.485662E-06 -8.131972E-06
200503 -1.205669E-06  8.084866E-06
200504 -9.339356E-07  3.425855E-06
200505  9.496296E-07 -1.087733E-05
200506 -5.958873E-08  3.132800E-06
200507 -5.405799E-06  6.602368E-06
200508 -6.620315E-06 -4.462011E-06
200509  4.565332E-06  7.716649E-07
200510  8.717951E-06  5.681723E-06
200511  2.647960E-06 -4.363689E-06
200512  3.439315E-06 -7.447278E-06
200513  5.503432E-06  3.909434E-07
200514 -1.176808E-07  7.637117E-07
200515 -3.705279E-06 -5.432980E-06
200516 -2.845124E-06 -5.320371E-06
200517 -2.999323E-06 -1.749563E-07
200518 -2.755896E-06  1.350029E-06
200519 -1.484192E-06 -1.802903E-06
200520 -1.133096E-06 -4.753758E-06
200521 -1.924694E-07 -5.061733E-06
200522  2.562207E-06 -4.382354E-06
200523  5.467277E-06 -2.983945E-06
200524  7.446252E-06  7.946506E-07
200525  7.117550E-06  4.284409E-06
200526  1.978092E-06  3.368867E-06
200527 -4.612816E-06  5.006391E-07
200528 -4.107184E-06 -3.836526E-07
200529  2.642702E-06 -7.054198E-07
200530  4.530778E-06 -2.011519E-07
200531 -1.176439E-06  4.067901E-06
200532 -4.932957E-06  4.830171E-06
200533 -9.876939E-07 -2.077454E-06
200534  4.967777E-06 -5.545762E-07
200535  4.044995E-06  8.263759E-06
200536 -1.895486E-06  2.876877E-06
200537 -8.811283E-07 -4.956937E-06
200538  4.076030E-06  1.723962E-06
200539 -5.042993E-07  2.298539E-06
200540 -4.586006E-06 -7.516272E-06
200541  6.421885E-07 -2.584114E-06
200542  3.715680E-07  7.898048E-06
200543 -1.045905E-06  2.455058E-06
200544  5.964208E-06 -2.319800E-06
200545  2.053646E-06  1.588763E-07
200546 -7.192487E-06 -2.313889E-06
200547  1.755639E-06 -2.708151E-06
200548  6.156002E-06 -4.590058E-07
200549 -5.927235E-06 -1.136230E-07
200550 -4.148318E-06  2.388276E-06
200551  9.041550E-06 -3.913024E-06
200552  8.422499E-06 -1.830953E-05
200553  3.101572E-06 -1.715426E-05
200554  1.001562E-05 -5.208955E-06
200555  6.814722E-06 -1.190765E-06
200556 -1.920223E-05  3.361301E-07
200557 -1.684936E-05 -8.090396E-07
200558  1.503847E-05 -7.592507E-06
200559  7.162719E-06 -1.764404E-06
200560 -1.386811E-05  8.755584E-06
200561  2.508668E-06 -4.195479E-06
200562  7.524262E-06 -1.473428E-05
200563 -4.509363E-06  6.159213E-06
200564  8.910753E-06  2.529167E-05
200565  1.461256E-05  1.644158E-05
200566 -3.725748E-06  2.818104E-06
200567  1.436614E-06  8.134901E-06
200568  2.234906E-05  2.255041E-05
200569  1.087300E-05  1.710407E-05
200570 -1.377344E-05 -1.094519E-05
200571 -4.258812E-06 -1.212593E-05
200572  1.293294E-05  1.214637E-05
200573 -8.984439E-07  1.495473E-06
200574 -1.120745E-05 -1.033868E-05
200575  1.436837E-06  8.518405E-06
200576  5.706644E-06  3.186932E-06
200577 -9.763272E-06 -7.075028E-06
200578 -3.323165E-07  8.584757E-06
200579  5.983834E-06  3.434836E-07
200580  5.057352E-06 -8.209434E-06
200581  4.457362E-06  9.624348E-07
200582 -1.130688E-06 -1.187452E-06
200583 -8.149735E-06 -5.961477E-06
200584 -5.543715E-06  3.000651E-06
200585 -4.240776E-06  6.821301E-06
200586 -7.092172E-06 -6.142640E-07
200587 -2.822346E-06 -5.775721E-07
200588  1.394032E-06  6.701252E-06
200589 -2.978686E-07  7.644245E-06
200590 -2.208333E-06  2.745374E-06
200591 -3.583863E-06 -2.629011E-07
200592 -4.807834E-06  8.504147E-07
200593 -4.236660E-06  4.225215E-06
200594 -3.606766E-06  5.927607E-06
200595 -4.624717E-06  2.556178E-06
200596 -3.721291E-06 -2.698046E-06
200597  2.227307E-06 -4.025779E-06
200598  7.338610E-06 -1.793158E-06
200599  3.771055E-06 -1.623620E-07
200600 -4.553288E-06 -5.263899E-08
200601 -6.663705E-06 -1.329634E-06
200602 -5.472896E-07 -5.978664E-06
200603  4.604113E-06 -6.218142E-06
200604  1.270694E-06  1.606298E-06
200605 -5.210833E-06 -5.287773E-07
200606 -3.167687E-06 -6.555336E-06
200607  4.279684E-06  3.600013E-07
200608 -8.473553E-09  3.486822E-06
200609 -6.427810E-06 -3.458691E-07
200610  3.418726E-06  1.876537E-06
200611  4.870424E-06  3.163534E-06
200612 -5.180703E-06 -3.254339E-06
200613  1.497090E-06 -1.983893E-06
200614  4.692731E-06  4.470772E-06
200615 -4.960467E-06 -3.477555E-06
200616  4.209749E-07 -3.265700E-06
200617  8.352083E-07  3.270131E-06
200618 -7.992353E-06 -5.705794E-06
200619  2.209032E-06  6.361334E-07
200620 -8.725838E-07  9.278649E-06
200621 -1.084398E-05 -7.610269E-06
200622  6.793349E-06 -1.143170E-05
200623  1.063587E-05  5.228067E-06
200624 -7.010328E-06  1.661964E-05
200625 -1.889643E-05  2.070844E-05
200626 -6.125805E-06  1.366150E-05
200627  2.815471E-05  7.069378E-06
200628  1.018986E-05  1.058660E-05
200629 -2.414080E-05  2.764727E-06
200630  5.942507E-06 -7.481126E-06
200631  9.515473E-06  4.061564E-06
200632 -1.605790E-05  6.937350E-06
200633  6.722232E-06 -1.203360E-05
200634  9.560652E-06  1.901668E-06
200635 -1.199973E-05  2.076052E-05
200636 -4.847656E-06 -1.063891E-05
200637 -1.222570E-05 -4.070984E-05
200638 -2.848118E-05 -3.840713E-05
200639 -2.134219E-05 -3.502857E-05
200640 -1.260256E-05 -2.627354E-05
200641 -1.701925E-06  1.552646E-05
200642  7.310107E-06  1.590414E-05
200643  4.038704E-06 -1.936692E-05
200644 -1.246091E-06  3.799224E-06
200645 -4.222253E-06  7.757392E-06
200646  2.564250E-06 -1.141732E-05
200647  8.650107E-06  6.424134E-06
200648 -2.725074E-06  6.014480E-07
200649  1.763331E-06 -1.793570E-06
200650  5.677615E-06  6.092185E-06
200651  4.103170E-06 -8.559491E-06
200652 -4.451355E-06 -1.640537E-06
200653 -9.590069E-06  6.513237E-06
200654 -4.399261E-06  6.177962E-08
200655  6.924187E-07  3.842660E-06
200656  5.099740E-06  8.289548E-06
200657  6.052042E-06 -3.485543E-07
200658  5.940459E-06 -5.356548E-06
200659  7.948252E-06  7.147184E-07
200660  5.256706E-06 -2.558171E-07
200661  4.396467E-06 -6.992258E-06
200662  8.304876E-06 -5.943694E-06
200663  1.048765E-05  7.688267E-07
200664  9.804689E-06  3.819612E-06
200665  7.193534E-06  2.356873E-06
200666  3.137250E-06  1.872820E-06
200667 -1.476283E-06  2.262189E-06
200668 -6.297310E-06  3.529107E-07
200669 -8.365965E-06 -2.064949E-06
200670 -3.892345E-06 -2.065227E-06
200671  4.213472E-06 -1.027050E-06
200672  7.329406E-06  6.215665E-07
200673  1.966760E-06  6.865067E-06
200674 -3.931879E-06  7.094118E-06
200675 -1.285475E-06 -3.725577E-06
200676  5.484569E-06 -1.073276E-06
200677  4.726771E-06  5.759318E-06
200678 -3.875036E-06 -1.278269E-07
200679 -5.817277E-07 -3.616998E-06
200680  6.281635E-06 -1.474740E-06
200681 -4.477798E-06  1.641151E-06
200682 -2.950918E-06 -4.244332E-06
200683  4.686798E-06 -1.966835E-06
200684 -4.448801E-06  5.915555E-06
200685 -4.602073E-07 -9.767057E-07
200686  6.870532E-06 -6.675569E-07
200687 -5.718351E-06 -4.559323E-06
200688 -1.356968E-06 -1.854958E-06
200689  4.721642E-06  1.070823E-05
200690 -3.161685E-06 -2.412880E-06
200691  9.380798E-06  1.139352E-06
200692 -1.933317E-06  9.429647E-06
200693 -5.306797E-06 -6.228721E-06
200694  1.704434E-05  4.558488E-06
200695 -1.701560E-05  1.414247E-05
200696 -2.032656E-05  1.871700E-06
200697  2.211006E-06 -4.168797E-07
200698 -2.918715E-05 -1.119489E-05
200699  3.188996E-06 -6.295829E-06
200700  3.060576E-05  1.311854E-05
200701 -1.532478E-05  3.816832E-07
200702  3.089844E-06 -6.935412E-06
200703  9.440122E-06  6.313420E-06
200704 -1.472341E-05  1.476807E-06
200705  1.397222E-05 -1.124285E-05
200706 -7.632494E-07  1.458225E-05
200707 -1.835379E-05 -1.213623E-06
200708  1.520198E-05 -3.668317E-05
200709  1.875358E-05  1.319510E-05
200710  3.153988E-05  5.988017E-05
200711  3.861717E-05  4.189114E-05
200712 -5.585027E-06 -3.260129E-05
200713 -1.402127E-05 -1.894433E-05
200714  8.238738E-06  2.863602E-05
200715 -3.466821E-07 -1.648437E-05
200716 -1.068015E-05  1.040100E-06
200717  1.657319E-06  1.265634E-05
200718  6.388335E-06 -1.266735E-05
200719 -3.624209E-06  6.166664E-06
200720 -5.111916E-06 -7.276004E-07
200721  8.932446E-06  2.166718E-07
200722 -4.649746E-06  1.224634E-06
200723 -7.390850E-06 -7.511809E-06
200724 -4.912020E-06  9.990412E-06
200725  3.939074E-07  4.451494E-06
200726  8.781261E-06 -3.161009E-06
200727  7.030466E-06  1.921902E-06
200728  3.726946E-06 -3.348225E-06
200729  8.471726E-07 -8.418487E-06
200730 -1.545316E-06 -2.538045E-06
200731 -3.746178E-06  1.848364E-06
200732 -7.555819E-06 -5.637077E-06
200733 -5.153089E-06 -6.346744E-06
200734 -3.057414E-06  5.211501E-07
200735 -3.302502E-06  2.005654E-06
200736 -1.877141E-06 -2.764420E-06
200737  3.077769E-07 -8.157179E-06
200738  3.487440E-06 -8.310589E-06
200739  8.281877E-06 -2.957797E-06
200740  9.497188E-06  2.999804E-06
200741  2.620515E-06  5.760324E-06
200742 -5.972903E-06  4.692923E-06
200743 -6.899163E-06  9.939905E-07
200744 -6.534168E-09 -5.137670E-06
200745  5.530906E-06 -3.171274E-06
200746  1.336253E-06  7.393861E-06
200747 -5.900472E-06  1.867450E-06
200748 -4.632637E-06 -3.863067E-06
200749  6.206329E-06  1.708366E-06
200750  1.665076E-06  5.344920E-06
200751 -7.399186E-06  2.790581E-06
200752  5.563533E-06 -3.636010E-06
200753  2.361338E-06  6.131598E-06
200754 -4.416908E-06 -1.228073E-06
200755  2.990814E-06 -7.401482E-06
200756  3.467052E-07  7.303910E-06
200757 -3.610007E-06 -5.012723E-06
200758  3.418217E-06 -1.613070E-06
200759 -2.938570E-06  5.981887E-06
200760 -2.281793E-07 -3.010278E-06
200761  5.974890E-06  5.150703E-06
200762 -7.095956E-06 -4.740048E-06
200763  8.794364E-06 -3.120140E-06
200764 -3.962628E-06  2.796550E-07
200765 -1.601560E-06 -8.481944E-06
200766  1.835764E-05  2.162761E-05
200767 -4.318255E-05 -6.609294E-06
200768  9.885107E-06 -7.264669E-05
200769  9.346458E-05 -6.942583E-05
200770 -1.381386E-05 -6.606116E-05
200771 -3.685271E-05 -3.057739E-05
200772  2.514774E-05  1.464412E-05
200773 -1.091676E-05 -4.512952E-06
200774  2.275299E-06 -3.659065E-06
200775  7.607759E-06  4.450366E-06
200776 -1.352564E-05 -1.627704E-06
200777  1.674217E-05 -6.313682E-06
200778 -1.281621E-05  1.468459E-05
200779 -4.555245E-06 -1.993121E-05
200780  3.557265E-05 -1.265410E-06
200781 -1.494997E-05  8.632086E-05
200782 -1.302651E-05  4.552865E-05
200783  1.864763E-05  7.367172E-05
200784  1.032919E-05  2.927688E-05
200785  5.402306E-06 -3.588225E-05
200786 -4.077755E-06  2.134950E-05
200787 -2.346861E-06 -1.071940E-05
200788 -4.167070E-08  2.055937E-06
200789  6.557116E-06  7.840871E-06
200790 -1.615357E-06 -1.306060E-05
200791 -1.102435E-05  1.039376E-05
200792  6.526806E-06 -3.011695E-06
200793 -3.278732E-06  4.501882E-07
200794 -9.321173E-06  2.094244E-06
200795 -1.566568E-06 -6.616612E-07
200796  6.647155E-06  9.452773E-06
200797  9.678172E-06 -6.894442E-06
200798  3.560565E-06 -5.684225E-06
200799 -6.674658E-06 -1.259619E-06
200800 -7.272353E-06 -5.548977E-06
200801 -8.018251E-06  7.706468E-07
200802 -7.188450E-06  6.453232E-06
200803 -4.730937E-06  4.817833E-06
200804 -3.801065E-06  1.054364E-06
200805 -1.394469E-06  8.821645E-06
200806 -4.860796E-06  1.134220E-05
200807 -7.216836E-06  3.935554E-06
200808 -7.155790E-06 -8.496260E-07
200809 -7.701149E-06 -1.078869E-07
200810 -7.426532E-06  7.034172E-07
200811 -3.221582E-06 -1.025148E-06
200812  4.480491E-06 -2.352498E-06
200813  8.106788E-06 -1.362549E-06
200814  5.605490E-06 -3.104935E-08
200815 -6.083294E-07  1.919217E-06
200816 -5.577685E-06 -1.956852E-06
200817 -4.255250E-07 -1.130151E-05
200818  5.933752E-06 -3.722529E-06
200819  3.463480E-06  3.052276E-06
200820 -7.244553E-06 -9.315030E-07
200821 -1.430322E-06 -5.590202E-06
200822  6.916774E-06 -1.142855E-06
200823 -6.881277E-06  6.736245E-06
200824 -1.281846E-06 -5.816127E-06
200825  3.120448E-06  3.554458E-06
200826 -2.458090E-06  6.425186E-06
200827 -1.679885E-06 -6.869774E-06
200828  5.678811E-06  5.307261E-06
200829 -2.536596E-06 -5.145545E-06
200830 -1.706610E-06 -3.103995E-06
200831  1.044580E-07  1.140077E-05
200832 -7.916417E-07 -5.784854E-06
200833  6.739380E-06 -1.377548E-06
200834 -1.046086E-05 -3.669225E-06
200835  4.511290E-06 -1.950749E-06
200836 -5.065424E-06  2.233261E-07
200837 -1.325349E-06 -1.409884E-05
200838  1.443705E-05  2.253867E-05
200839 -4.708084E-05 -1.722698E-05
200840  4.283606E-05 -8.614484E-05
200841  1.462024E-04 -5.706662E-05
200842  4.934623E-06 -6.791475E-05
200843 -4.987212E-05 -3.130012E-05
200844  1.660642E-05  1.971422E-05
200845 -9.599854E-06 -1.008522E-05
200846  1.410664E-06  3.515366E-06
200847  5.346655E-06 -3.798268E-07
200848 -1.206407E-05 -2.758231E-07
200849  1.616631E-05 -2.552213E-06
200850 -1.811666E-05  9.622582E-06
200851  1.145208E-05 -2.115971E-05
200852  1.923124E-05  3.453384E-05
200853 -9.945426E-05  4.517710E-05
200854 -1.076464E-04 -2.022401E-04
200855 -8.033890E-05 -5.894084E-05
200856 -1.317912E-05  7.545661E-05
200857  2.958674E-05 -3.317266E-05
200858 -1.745600E-05  1.174086E-05
200859  5.052863E-06 -3.236044E-06
200860  7.102977E-06  2.166711E-06
200861 -1.916249E-07 -1.799034E-07
200862 -2.484053E-06 -6.672822E-06
200863 -2.050965E-06  1.257091E-05
200864  1.056042E-05 -9.291981E-06
200865 -1.227270E-05  2.506274E-06
200866  2.635238E-06  5.557019E-06
200867  6.657703E-06  1.862748E-06
200868  5.768743E-06  2.138602E-07
200869  1.261033E-06 -1.102540E-05
200870 -9.912091E-06  5.349032E-07
200871 -1.098030E-05  1.947572E-06
200872 -2.653973E-06  2.229933E-06
200873 -1.470575E-06  9.349814E-06
200874  3.351273E-06  5.185942E-06
200875  7.524090E-06  1.359326E-06
200876  7.836037E-06  2.270389E-06
200877  8.303997E-06  9.242876E-06
200878  5.231307E-06  6.062325E-06
200879  6.205786E-06  1.031527E-06
200880  4.766573E-06  2.741797E-06
200881 -1.567770E-07  8.399067E-06
200882 -5.939610E-06  9.587642E-06
200883 -1.044912E-05  3.264204E-06
200884 -7.753260E-06 -4.124877E-06
200885 -9.078184E-07 -7.216137E-06
200886  7.622697E-06 -6.238833E-06
200887  1.098701E-05  1.235574E-06
200888  6.167923E-07  8.749655E-06
200889 -5.074417E-06 -2.288959E-06
200890  2.783893E-08 -6.714394E-06
200891  8.888690E-06  1.423368E-06
200892  1.865370E-07  5.500228E-06
200893 -7.726509E-06 -2.866913E-06
200894  7.149243E-06 -7.466611E-06
200895  5.927642E-07  6.530215E-06
200896 -3.268397E-06 -3.930477E-06
200897  5.522375E-07 -4.475593E-06
200898  2.488425E-06  8.105182E-06
200899 -6.294255E-06 -4.615155E-06
200900  5.928442E-06  1.162962E-06
200901 -7.013961E-07  1.173906E-06
200902 -4.281580E-06 -4.658998E-06
200903  4.795024E-06  7.906042E-06
200904 -2.859307E-06 -5.780088E-06
200905  6.116338E-06 -9.400629E-07
200906 -8.213237E-06  2.855404E-06
200907  2.216698E-06 -1.475077E-08
200908 -4.461049E-06  8.331324E-06
200909 -1.387770E-06 -1.484955E-05
200910  1.055068E-05  1.459612E-05
200911 -3.494152E-05 -8.345235E-06
200912  3.839809E-05 -4.645093E-05
200913  1.037947E-04 -4.359063E-06
200914 -3.582754E-06 -4.688823E-05
200915 -3.726644E-05 -1.746132E-05
200916  1.207686E-05  2.295352E-05
200917 -6.477980E-06 -1.555076E-05
200918  5.358459E-07  1.098189E-05
200919  4.170911E-06 -6.485687E-06
200920 -9.669769E-06  3.795287E-06
200921  1.394234E-05 -2.371428E-06
200922 -1.743886E-05  5.815431E-06
200923  1.805662E-05 -1.485583E-05
200924 -3.642359E-06  4.052141E-05
200925 -1.180143E-04 -2.071890E-05
200926 -7.594404E-05 -4.048601E-04
200927 -1.117800E-04 -1.852570E-04
200928 -4.212768E-05  8.280582E-05
200929  3.881688E-05 -2.720698E-05
200930 -2.656354E-05  7.998865E-06
200931  1.425635E-05  8.222773E-07
200932 -5.798959E-07 -1.112451E-06
200933 -7.781047E-06 -2.999443E-06
200934  3.209142E-06  1.891139E-06
200935  5.073646E-06  7.795891E-06
200936  3.070296E-06 -1.209727E-05
200937 -8.379012E-06  5.211823E-06
200938  1.393959E-05  5.800461E-06
200939  2.493726E-06 -1.579279E-06
200940 -3.455552E-06 -6.246051E-06
200941 -8.008662E-06 -5.086383E-06
200942 -1.091737E-05  8.104005E-06
200943 -5.064480E-07  4.561688E-06
200944  7.150094E-06  5.655618E-06
200945  5.958418E-06  5.905869E-06
200946  1.046678E-05 -3.317474E-06
200947  9.500537E-06 -4.509596E-06
200948  6.731968E-06 -3.002237E-06
200949  7.399072E-06 -1.138644E-06
200950  7.175400E-06 -5.136053E-06
200951  1.043384E-05 -2.946046E-06
200952  9.769500E-06  9.046234E-07
200953  7.834171E-06  4.215501E-06
200954  5.208113E-06  5.827832E-06
200955 -2.038621E-06  3.798080E-06
200956 -7.152531E-06  4.777342E-07
200957 -8.467908E-06 -2.721005E-06
200958 -2.117772E-06 -5.285617E-06
200959  9.411589E-06 -1.483387E-06
200960  5.463701E-06  1.183532E-05
200961 -4.314952E-06  8.466700E-06
200962 -8.064367E-06 -2.587016E-06
200963  3.447138E-06 -2.620958E-06
200964  6.660429E-06  6.426613E-06
200965 -8.983916E-06  4.372107E-06
200966  2.413129E-06 -7.488076E-06
200967  5.250403E-06  3.908498E-06
200968 -9.718528E-07  2.578135E-06
200969 -2.014393E-06 -8.668382E-06
200970  7.897811E-06  5.796838E-06
200971 -6.383300E-06 -1.768915E-06
200972  3.774426E-06 -4.631565E-06
200973 -7.450657E-07  6.696426E-06
200974 -4.871681E-06 -4.499601E-06
200975  8.838075E-06  3.273589E-06
200976 -4.800842E-06 -3.071255E-06
200977  2.940947E-06 -7.120542E-09
200978 -4.264947E-06  8.291414E-06
200979  2.441902E-06 -2.636586E-06
200980 -3.487711E-06  1.339581E-05
200981 -1.618819E-06 -1.087784E-05
200982  7.182658E-06  6.852447E-06
200983 -1.913081E-05  1.521330E-06
200984  1.348142E-05 -1.888782E-05
200985  2.841769E-05  9.774936E-06
200986 -1.598154E-05 -4.659402E-05
200987 -1.687475E-05 -5.822797E-06
200988  6.978634E-06  2.108907E-05
200989 -1.911810E-06 -1.797366E-05
200990 -8.798194E-07  1.538193E-05
200991  4.009175E-06 -1.120294E-05
200992 -7.315815E-06  7.933683E-06
200993  1.099042E-05 -4.545697E-06
200994 -1.406897E-05  4.737216E-06
200995  1.715539E-05 -9.076061E-06
200996 -1.264639E-05  3.003232E-05
200997 -8.176517E-05 -2.776093E-05
200998  3.315131E-05 -3.939937E-04
200999 -7.322407E-05 -1.914961E-04
201000 -5.236761E-05  6.774470E-05
201001  3.681522E-05 -2.237946E-05
201002 -2.861548E-05  7.461007E-06
201003  1.994399E-05  3.980143E-07
201004 -1.146924E-05 -5.083934E-06
201005 -5.808417E-06  6.832991E-08
201006  5.928822E-06  4.606382E-06
201007  3.278727E-06 -7.724182E-07
201008 -4.108873E-06 -7.125922E-06
201009 -1.969670E-07  6.274862E-06
201010  1.510843E-05  2.427617E-06
201011 -6.491902E-06 -6.679953E-06
201012 -7.698846E-06 -6.247120E-06
201013 -8.924494E-06  2.779317E-06
201014 -2.887454E-06  1.107218E-05
201015  9.297919E-06  3.625380E-06
201016  9.100944E-06  2.514342E-06
201017  5.903734E-06 -2.209535E-06
201018  7.534406E-06 -8.989677E-06
201019  1.092280E-06 -7.598579E-06
201020 -1.663885E-06 -7.094242E-06
201021  6.457887E-07 -7.991208E-06
201022  1.003248E-06 -1.034133E-05
201023  2.805591E-06 -4.602926E-06
201024  3.884598E-06 -3.172525E-06
201025  7.821772E-06 -4.209257E-06
201026  1.207207E-05 -1.804498E-06
201027  7.902647E-06  2.165493E-06
201028  2.239635E-07  5.232432E-06
201029 -8.089113E-06  4.368573E-06
201030 -1.064404E-05 -1.225891E-06
201031  3.925411E-07 -5.148144E-06
201032  4.773341E-06  5.816670E-06
201033 -5.401275E-07  1.098158E-05
201034 -9.608624E-06  2.002528E-06
201035 -3.755910E-06 -6.480944E-06
201036  8.819307E-06  2.167795E-06
201037 -6.528905E-06  8.315228E-06
201038 -2.632087E-06 -4.486266E-06
201039  4.706824E-06 -5.395353E-07
201040  9.806887E-07  8.183625E-06
201041 -4.428214E-06 -8.040571E-06
201042  9.864464E-06  3.486550E-06
201043 -3.847987E-06  2.258774E-06
201044  2.659892E-06 -8.702917E-06
201045 -1.252336E-06  7.760524E-06
201046 -4.689963E-06 -3.397778E-06
201047  9.412192E-06  1.059016E-06
201048 -5.408809E-06  2.104370E-08
201049  7.244883E-08 -2.070802E-06
201050 -1.169467E-06  1.032842E-05
201051  4.054697E-06 -6.537662E-06
201052 -1.975552E-06  1.283405E-05
201053 -1.985047E-06 -6.375865E-06
201054  3.778587E-06  2.418330E-06
201055 -6.404790E-06  5.283734E-06
201056 -4.477219E-06 -1.463930E-05
201057 -1.634213E-05 -6.094933E-06
201058 -1.178136E-05 -5.494553E-05
201059 -1.264588E-06  1.477956E-06
201060  9.644357E-07  1.559447E-05
201061  2.070420E-06 -1.635656E-05
201062 -2.569190E-06  1.579134E-05
201063  4.204243E-06 -1.300933E-05
201064 -5.743134E-06  1.027225E-05
201065  8.293608E-06 -6.784583E-06
201066 -1.044180E-05  5.073548E-06
201067  1.344563E-05 -5.607640E-06
201068 -1.190508E-05  1.773852E-05
201069 -5.242813E-05 -1.637217E-06
201070  1.012079E-04 -2.594660E-04
201071 -3.413833E-05 -1.292060E-04
201072 -4.797381E-05  4.422568E-05
201073  3.096634E-05 -1.610098E-05
201074 -2.521085E-05  6.595739E-06
201075  2.093986E-05 -6.755019E-07
201076 -1.677651E-05 -6.881268E-06
201077  1.470881E-06  5.971441E-06
201078  3.949606E-06  1.238189E-06
201079 -4.578908E-07 -7.197857E-06
201080 -6.390064E-06  9.143173E-07
201081  5.295235E-06  5.965359E-06
201082  1.085473E-05 -1.947298E-06
201083 -1.141557E-05 -1.014801E-05
201084 -6.227694E-06 -2.363636E-06
201085 -5.847014E-06  7.559001E-06
201086  4.379185E-06  1.087678E-05
201087  1.230751E-05  1.271566E-06
201088  5.726532E-06 -2.463589E-06
201089  2.944277E-06 -7.659957E-06
201090  1.487977E-06 -1.014838E-05
201091 -6.906376E-06 -8.544530E-06
201092 -7.402052E-06 -7.930315E-06
201093 -4.259289E-06 -8.852588E-06
201094 -4.970066E-06 -1.021051E-05
201095 -5.666989E-06 -5.124492E-06
201096 -3.142446E-06 -6.233771E-06
201097  4.211565E-06 -9.431012E-06
201098  1.220168E-05 -6.228870E-06
201099  1.140517E-05  7.338350E-07
201100  5.293169E-06  7.044719E-06
201101 -4.224349E-06  8.488666E-06
201102 -1.297497E-05  1.725637E-06
201103 -6.097414E-06 -7.984971E-06
201104  2.881980E-06 -1.804169E-06
201105  3.089327E-06  8.518011E-06
201106 -6.408320E-06  5.352104E-06
201107 -7.134056E-06 -8.129990E-06
201108  8.700962E-06 -2.073625E-06
201109 -3.032417E-06  8.649659E-06
201110 -5.326721E-06 -1.690467E-06
201111  2.755582E-06 -5.092113E-06
201112  1.587062E-06  1.035264E-05
201113 -6.163165E-06 -6.351578E-06
201114  8.454341E-06  1.736682E-06
201115 -2.149036E-06  6.003210E-06
201116  2.554346E-06 -9.595499E-06
201117 -9.836102E-07  6.244491E-06
201118 -4.033840E-06 -2.428821E-06
201119  7.268763E-06  1.884830E-07
201120 -4.790746E-06  2.177717E-06
201121 -7.373194E-07 -4.843247E-06
201122  7.547968E-07  1.048374E-05
201123  5.424372E-06 -8.150385E-06
201124  4.598230E-08  1.029353E-05
201125 -2.171838E-06 -3.481352E-06
201126  6.317475E-07  6.852360E-07
201127  1.631953E-06  5.060920E-06
201128 -1.034669E-05 -1.673581E-05
201129 -2.486335E-05 -1.580109E-05
201130  2.263412E-06 -5.184148E-05
201131  6.039497E-06  5.406882E-06
201132 -3.362636E-06  9.606699E-06
201133  4.200992E-06 -1.251157E-05
201134 -3.599199E-06  1.350273E-05
201135  4.200839E-06 -1.230216E-05
201136 -4.814017E-06  1.048577E-05
201137  6.436430E-06 -7.750082E-06
201138 -7.743372E-06  5.333358E-06
201139  9.915644E-06 -3.661004E-06
201140 -8.775289E-06  8.979039E-06
201141 -4.516734E-05  1.398176E-05
201142  1.045254E-04 -1.295788E-04
201143 -1.786413E-05 -7.205670E-05
201144 -3.747643E-05  2.199174E-05
201145  2.407511E-05 -8.286841E-06
201146 -1.968167E-05  4.445821E-06
201147  1.831582E-05 -2.374444E-07
201148 -1.684102E-05 -7.053554E-06
201149  6.395545E-06  1.164277E-05
201150  1.094967E-06 -4.121845E-06
201151 -1.675115E-06 -9.062171E-06
201152 -6.348117E-06  6.519655E-06
201153  7.368628E-06  5.864249E-06
201154  7.365852E-06 -5.325070E-06
201155 -1.151727E-05 -1.181161E-05
201156 -4.235193E-06  1.882074E-06
201157 -3.516541E-06  9.268126E-06
201158  7.588650E-06  1.058899E-05
201159  1.185422E-05 -3.240641E-07
201160  2.970647E-06 -6.135309E-06
201161  1.258214E-06 -9.552496E-06
201162 -2.532202E-06 -9.836253E-06
201163 -1.024436E-05 -9.498367E-06
201164 -9.103050E-06 -7.470832E-06
201165 -6.260906E-06 -7.690046E-06
201166 -7.719688E-06 -9.096986E-06
201167 -9.918600E-06 -6.224044E-06
201168 -6.437069E-06 -8.150157E-06
201169  1.706236E-06 -1.123733E-05
201170  1.010030E-05 -7.364453E-06
201171  1.086354E-05  2.044877E-07
201172  6.820013E-06  7.100131E-06
201173 -1.393353E-06  9.997879E-06
201174 -1.214978E-05  2.725941E-06
201175 -7.954187E-06 -9.697774E-06
201176  2.705049E-06 -6.413357E-06
201177  5.312574E-06  6.059828E-06
201178 -3.467683E-06  7.736461E-06
201179 -7.470715E-06 -8.347768E-06
201180  8.204386E-06 -3.815057E-06
201181 -4.460057E-07  7.994971E-06
201182 -6.339868E-06 -2.654296E-07
201183  2.109239E-06 -8.105620E-06
201184  1.423778E-06  1.055041E-05
201185 -6.665246E-06 -5.808340E-06
201186  6.174415E-06  3.819531E-07
201187 -2.189329E-06  7.987935E-06
201188  2.477536E-06 -8.629521E-06
201189 -1.232205E-07  4.735395E-06
201190 -3.187222E-06 -1.935782E-06
201191  4.710954E-06 -4.042744E-07
201192 -3.801625E-06  3.113231E-06
201193 -3.113213E-07 -6.089185E-06
201194  1.828996E-06  1.034033E-05
201195  5.609243E-06 -7.409755E-06
201196  1.938223E-06  8.758915E-06
201197 -2.387507E-06 -2.203250E-06
201198 -1.763341E-06  3.002625E-07
201199  6.322334E-06  2.883165E-06
201200 -1.094099E-05 -1.554310E-05
201201 -1.848904E-05 -5.802887E-06
201202  1.266860E-05 -3.541561E-05
201203  7.742005E-06  5.408398E-06
201204 -5.014747E-06  5.527871E-06
201205  4.299262E-06 -8.784841E-06
201206 -3.402324E-06  1.053273E-05
201207  3.673884E-06 -1.041554E-05
201208 -4.069633E-06  9.311822E-06
201209  5.342501E-06 -7.275482E-06
201210 -6.158738E-06  4.748226E-06
201211  7.617113E-06 -2.027268E-06
201212 -6.590555E-06  3.451585E-06
201213 -4.465253E-05  8.855185E-06
201214  7.845793E-05 -5.131674E-05
201215 -1.177887E-05 -4.290069E-05
201216 -2.627478E-05  6.219767E-06
201217  1.675611E-05 -1.416403E-06
201218 -1.406773E-05  1.803267E-06
201219  1.399103E-05  1.248777E-06
201220 -1.455891E-05 -7.318803E-06
201221  6.377069E-06  1.545799E-05
201222  4.605759E-07 -8.459659E-06
201223 -1.283857E-06 -7.811387E-06
201224 -6.349533E-06  8.246766E-06
