Mesh2HRTF 0.1.2
    1
    1  1225
200000 -6.232147E-06  4.693151E-06
200001  5.537194E-06 -3.373902E-06
200002  5.553237E-06 -3.425131E-06
200003  5.598414E-06 -3.582942E-06
200004  5.658745E-06 -3.839384E-06
200005  5.711464E-06 -4.180661E-06
200006  5.725626E-06 -4.585776E-06
200007  5.663410E-06 -5.024987E-06
200008  5.482469E-06 -5.458487E-06
200009  5.139597E-06 -5.835942E-06
200010  4.595847E-06 -6.097544E-06
200011  3.822931E-06 -6.177278E-06
200012  2.810307E-06 -6.008818E-06
200013  1.571926E-06 -5.534047E-06
200014  1.512136E-07 -4.713455E-06
200015 -1.377322E-06 -3.536918E-06
200016 -2.911232E-06 -2.032677E-06
200017 -4.328744E-06 -2.720317E-07
200018 -5.502430E-06  1.632385E-06
200019 -6.316193E-06  3.535852E-06
200020 -6.682672E-06  5.277840E-06
200021 -6.557528E-06  6.702988E-06
200022 -5.947405E-06  7.683032E-06
200023 -4.909541E-06  8.135271E-06
200024 -3.542894E-06  8.033731E-06
200025 -1.972630E-06  7.410774E-06
200026 -3.313292E-07  6.349146E-06
200027  1.259198E-06  4.966612E-06
200028  2.702075E-06  3.396870E-06
200029  3.933424E-06  1.770813E-06
200030  4.923886E-06  2.015806E-07
200031  5.674615E-06 -1.224539E-06
200032  6.209650E-06 -2.450930E-06
200033  6.566805E-06 -3.448101E-06
200034  6.788851E-06 -4.207500E-06
200035  6.916139E-06 -4.733679E-06
200036  6.981151E-06 -5.036550E-06
200037  7.004927E-06 -5.125053E-06
200038  6.995094E-06 -5.003064E-06
200039  6.945219E-06 -4.667976E-06
200040  6.835358E-06 -4.112070E-06
200041  6.633935E-06 -3.326574E-06
200042  6.301235E-06 -2.307958E-06
200043  5.794797E-06 -1.065646E-06
200044  5.076750E-06  3.701628E-07
200045  4.122606E-06  1.942336E-06
200046  2.930375E-06  3.564278E-06
200047  1.528212E-06  5.122770E-06
200048 -2.153895E-08  6.487104E-06
200049 -1.623787E-06  7.524054E-06
200050 -3.158661E-06  8.116636E-06
200051 -4.495543E-06  8.183213E-06
200052 -5.511089E-06  7.692838E-06
200053 -6.107862E-06  6.673165E-06
200054 -6.229672E-06  5.208768E-06
200055 -5.870324E-06  3.429857E-06
200056 -5.073920E-06  1.493672E-06
200057 -3.926894E-06 -4.375898E-07
200058 -2.543793E-06 -2.217906E-06
200059 -1.050017E-06 -3.733828E-06
200060  4.349687E-07 -4.913807E-06
200061  1.811078E-06 -5.729946E-06
200062  3.005993E-06 -6.193261E-06
200063  3.978130E-06 -6.344616E-06
200064  4.714901E-06 -6.243799E-06
200065  5.227691E-06 -5.958947E-06
200066  5.545120E-06 -5.557850E-06
200067  5.706029E-06 -5.101873E-06
200068  5.753183E-06 -4.642554E-06
200069  5.728261E-06 -4.220433E-06
200070  5.668276E-06 -3.865476E-06
200071  5.603311E-06 -3.598389E-06
200072  5.555249E-06 -3.432235E-06
200073 -5.925155E-06  3.047326E-06
200074 -5.950699E-06  3.108434E-06
200075 -6.020555E-06  3.326848E-06
200076 -6.087514E-06  3.690749E-06
200077 -6.077508E-06  4.171479E-06
200078 -5.896608E-06  4.713779E-06
200079 -5.441892E-06  5.224477E-06
200080 -4.617566E-06  5.565657E-06
200081 -3.358546E-06  5.561585E-06
200082 -1.662901E-06  5.028308E-06
200083  3.701670E-07  3.829062E-06
200084  2.509088E-06  1.947311E-06
200085  4.387224E-06 -4.445931E-07
200086  5.553026E-06 -2.954316E-06
200087  5.585060E-06 -5.010111E-06
200088  4.254590E-06 -5.991265E-06
200089  1.681145E-06 -5.432095E-06
200090 -1.598061E-06 -3.238896E-06
200091 -4.712536E-06  1.735861E-07
200092 -6.707339E-06  3.915083E-06
200093 -6.882465E-06  6.854851E-06
200094 -5.082101E-06  7.998327E-06
200095 -1.791529E-06  6.860046E-06
200096  2.021145E-06  3.665381E-06
200097  5.257129E-06 -7.197272E-07
200098  7.074218E-06 -5.104722E-06
200099  7.139040E-06 -8.392424E-06
200100  5.653645E-06 -9.916269E-06
200101  3.183420E-06 -9.571397E-06
200102  3.978493E-07 -7.726620E-06
200103 -2.152804E-06 -5.002088E-06
200104 -4.152086E-06 -2.032389E-06
200105 -5.518721E-06  6.949976E-07
200106 -6.336398E-06  2.895922E-06
200107 -6.763313E-06  4.461490E-06
200108 -6.956811E-06  5.388727E-06
200109 -7.025617E-06  5.709168E-06
200110 -7.006552E-06  5.439350E-06
200111 -6.858129E-06  4.563421E-06
200112 -6.467432E-06  3.050296E-06
200113 -5.673717E-06  9.029450E-07
200114 -4.316224E-06 -1.770385E-06
200115 -2.309433E-06 -4.686977E-06
200116  2.666398E-07 -7.361661E-06
200117  3.096247E-06 -9.163084E-06
200118  5.629111E-06 -9.475181E-06
200119  7.194643E-06 -7.933848E-06
200120  7.224754E-06 -4.648795E-06
200121  5.512581E-06 -2.908677E-07
200122  2.384274E-06  4.039945E-06
200123 -1.327473E-06  7.152637E-06
200124 -4.534897E-06  8.183876E-06
200125 -6.280977E-06  6.914236E-06
200126 -6.089628E-06  3.838249E-06
200127 -4.121933E-06 -3.815846E-08
200128 -1.077679E-06 -3.571901E-06
200129  2.094531E-06 -5.861110E-06
200130  4.536081E-06 -6.482004E-06
200131  5.725397E-06 -5.523367E-06
200132  5.559717E-06 -3.450988E-06
200133  4.282703E-06 -8.906404E-07
200134  2.326236E-06  1.576974E-06
200135  1.461156E-07  3.548508E-06
200136 -1.893323E-06  4.840603E-06
200137 -3.568242E-06  5.460469E-06
200138 -4.790252E-06  5.538126E-06
200139 -5.572253E-06  5.253388E-06
200140 -5.987863E-06  4.779970E-06
200141 -6.137502E-06  4.255346E-06
200142 -6.124866E-06  3.773612E-06
200143 -6.042088E-06  3.392426E-06
200144 -5.960562E-06  3.144515E-06
200145  5.922692E-06 -3.083652E-06
200146  5.932605E-06 -3.122120E-06
200147  5.933874E-06 -3.295507E-06
200148  5.864542E-06 -3.647498E-06
200149  5.656405E-06 -4.168060E-06
200150  5.222240E-06 -4.722740E-06
200151  4.423735E-06 -5.038155E-06
200152  3.080443E-06 -4.770960E-06
200153  1.071428E-06 -3.643635E-06
200154 -1.489082E-06 -1.598692E-06
200155 -4.104332E-06  1.083001E-06
200156 -5.916048E-06  3.750672E-06
200157 -5.990431E-06  5.494757E-06
200158 -3.834164E-06  5.448345E-06
200159  8.399873E-08  3.251661E-06
200160  4.181721E-06 -5.075607E-07
200161  6.307174E-06 -4.218117E-06
200162  4.931529E-06 -5.831341E-06
200163  3.660667E-07 -4.034608E-06
200164 -4.957630E-06  6.247613E-07
200165 -7.712802E-06  5.593588E-06
200166 -5.869424E-06  7.628554E-06
200167 -3.059057E-07  4.957605E-06
200168  5.562334E-06 -1.247142E-06
200169  8.065429E-06 -7.377230E-06
200170  5.777346E-06 -9.700559E-06
200171  3.097391E-07 -6.799058E-06
200172 -5.063547E-06 -3.237799E-07
200173 -7.660544E-06  6.333146E-06
200174 -6.779520E-06  1.023100E-05
200175 -3.512975E-06  1.031287E-05
200176  4.039956E-07  7.381091E-06
200177  3.656423E-06  3.103909E-06
200178  5.743974E-06 -1.014172E-06
200179  6.797157E-06 -4.122484E-06
200180  7.195335E-06 -5.967780E-06
200181  7.265604E-06 -6.585277E-06
200182  7.132092E-06 -6.017813E-06
200183  6.674356E-06 -4.210138E-06
200184  5.566190E-06 -1.117137E-06
200185  3.426421E-06  3.013554E-06
200186  1.232268E-07  7.332097E-06
200187 -3.840159E-06  1.033086E-05
200188 -7.140423E-06  1.033587E-05
200189 -8.030925E-06  6.537396E-06
200190 -5.408595E-06 -1.700567E-08
200191  3.075575E-08 -6.398642E-06
200192  5.604699E-06 -9.229929E-06
200193  8.032453E-06 -6.874751E-06
200194  5.689362E-06 -7.628461E-07
200195 -1.706293E-08  5.368849E-06
200196 -5.439625E-06  7.915721E-06
200197 -7.186555E-06  5.717951E-06
200198 -4.399174E-06  5.666824E-07
200199  8.821084E-07 -4.271205E-06
200200  5.333603E-06 -6.217449E-06
200201  6.541452E-06 -4.701956E-06
200202  4.224073E-06 -1.021575E-06
200203 -5.427552E-08  2.779145E-06
200204 -4.108754E-06  5.078304E-06
200205 -6.333877E-06  5.262887E-06
200206 -6.252205E-06  3.657888E-06
200207 -4.363969E-06  1.095795E-06
200208 -1.623926E-06 -1.536146E-06
200209  1.078202E-06 -3.589107E-06
200210  3.209904E-06 -4.763964E-06
200211  4.626455E-06 -5.089201E-06
200212  5.434704E-06 -4.816297E-06
200213  5.824452E-06 -4.275764E-06
200214  5.963275E-06 -3.742959E-06
200215  5.972442E-06 -3.362865E-06
200216  5.939934E-06 -3.155960E-06
200217 -6.436300E-06  2.843487E-06
200218 -6.205829E-06  3.074646E-06
200219 -5.911077E-06  3.647622E-06
200220 -5.824480E-06  4.372354E-06
200221 -5.859538E-06  4.905722E-06
200222 -5.501753E-06  4.888151E-06
200223 -4.169436E-06  4.122044E-06
200224 -1.658735E-06  2.611328E-06
200225  1.637661E-06  4.977608E-07
200226  4.766898E-06 -1.906186E-06
200227  6.442050E-06 -3.965438E-06
200228  5.520260E-06 -4.730489E-06
200229  1.789594E-06 -3.394751E-06
200230 -3.280401E-06 -9.651694E-08
200231 -6.686011E-06  3.562055E-06
200232 -5.629441E-06  5.076315E-06
200233 -1.669141E-07  2.852609E-06
200234  5.654680E-06 -1.888568E-06
200235  6.426720E-06 -5.213008E-06
200236  6.330460E-07 -3.582762E-06
200237 -6.628662E-06  2.198549E-06
200238 -7.774098E-06  6.610439E-06
200239 -8.317730E-07  4.471364E-06
200240  7.465979E-06 -3.014452E-06
200241  8.392963E-06 -8.428627E-06
200242  8.746259E-07 -5.661282E-06
200243 -7.275304E-06  3.165331E-06
200244 -8.011979E-06  9.563788E-06
200245 -1.210124E-06  7.375420E-06
200246  6.485851E-06 -1.539689E-06
200247  9.078018E-06 -1.012185E-05
200248  5.928813E-06 -1.296173E-05
200249  2.997510E-07 -9.778823E-06
200250 -4.545685E-06 -3.725756E-06
200251 -7.374058E-06  1.946581E-06
200252 -8.558345E-06  5.560968E-06
200253 -8.852918E-06  6.730319E-06
200254 -8.581425E-06  5.467440E-06
200255 -7.407268E-06  1.775106E-06
200256 -4.579835E-06 -3.951339E-06
200257  2.535864E-07 -1.003546E-05
200258  5.838501E-06 -1.323095E-05
200259  8.905996E-06 -1.038555E-05
200260  6.210754E-06 -1.772149E-06
200261 -1.577799E-06  7.210905E-06
200262 -8.428116E-06  9.507875E-06
200263 -7.675171E-06  3.246214E-06
200264  5.560975E-07 -5.445171E-06
200265  8.204086E-06 -8.115742E-06
200266  7.429446E-06 -2.670942E-06
200267 -7.210499E-07  4.772980E-06
200268 -7.546845E-06  6.812825E-06
200269 -6.335527E-06  2.271492E-06
200270  9.294624E-07 -3.640828E-06
200271  6.660685E-06 -5.378675E-06
200272  5.768464E-06 -2.118805E-06
200273 -2.074814E-07  2.612811E-06
200274 -5.818649E-06  4.883318E-06
200275 -6.971760E-06  3.462246E-06
200276 -3.577334E-06 -7.604047E-08
200277  1.568307E-06 -3.254203E-06
200278  5.428100E-06 -4.505929E-06
200279  6.482987E-06 -3.732329E-06
200280  4.907449E-06 -1.764251E-06
200281  1.832748E-06  4.644202E-07
200282 -1.452354E-06  2.379806E-06
200283 -4.000599E-06  3.746672E-06
200284 -5.430832E-06  4.470095E-06
200285 -5.935493E-06  4.538600E-06
200286 -6.039648E-06  4.105072E-06
200287 -6.177305E-06  3.484619E-06
200288 -6.389056E-06  2.999880E-06
200289  6.006287E-06 -3.388671E-06
200290  6.482210E-06 -3.804730E-06
200291  7.146413E-06 -4.497597E-06
200292  7.113955E-06 -4.682014E-06
200293  6.137745E-06 -4.197204E-06
200294  4.437536E-06 -3.340983E-06
200295  2.028811E-06 -2.109559E-06
200296 -1.183692E-06 -2.271116E-07
200297 -4.671348E-06  2.107210E-06
200298 -6.930708E-06  3.935444E-06
200299 -6.143118E-06  4.097268E-06
200300 -1.726603E-06  2.079712E-06
200301  4.216122E-06 -1.315860E-06
200302  7.303564E-06 -3.937625E-06
200303  4.166356E-06 -3.503555E-06
200304 -3.327130E-06  1.494668E-07
200305 -7.914526E-06  3.860498E-06
200306 -3.847350E-06  3.476973E-06
200307  4.965079E-06 -1.197601E-06
200308  7.343896E-06 -4.677334E-06
200309 -9.032167E-07 -1.790925E-06
200310 -8.889933E-06  4.389302E-06
200311 -4.323163E-06  4.912843E-06
200312  7.210577E-06 -2.270519E-06
200313  8.463317E-06 -7.229027E-06
200314 -3.100670E-06 -1.695269E-06
200315 -1.010725E-05  7.082995E-06
200316 -1.792750E-06  5.609267E-06
200317  9.687687E-06 -5.410333E-06
200318  8.348833E-06 -1.115474E-05
200319 -3.406695E-06 -3.321288E-06
200320 -1.151391E-05  9.887354E-06
200321 -9.458961E-06  1.607556E-05
200322 -1.964470E-06  1.232372E-05
200323  4.487517E-06  4.220121E-06
200324  7.733122E-06 -2.282289E-06
200325  8.592838E-06 -4.611465E-06
200326  7.757825E-06 -2.312265E-06
200327  4.555722E-06  4.182471E-06
200328 -1.843606E-06  1.229521E-05
200329 -9.299834E-06  1.603903E-05
200330 -1.134379E-05  9.794222E-06
200331 -3.260786E-06 -3.512676E-06
200332  8.422711E-06 -1.143651E-05
200333  9.644909E-06 -5.715819E-06
200334 -1.956626E-06  5.374031E-06
200335 -1.033962E-05  6.992101E-06
200336 -3.316928E-06 -1.621997E-06
200337  8.337788E-06 -7.035619E-06
200338  7.210185E-06 -2.046649E-06
200339 -4.216344E-06  5.074814E-06
200340 -8.735372E-06  4.439794E-06
200341 -7.668982E-07 -1.843256E-06
200342  7.422990E-06 -4.787406E-06
200343  4.978229E-06 -1.316665E-06
200344 -3.896241E-06  3.385238E-06
200345 -8.018545E-06  3.821846E-06
200346 -3.469740E-06  1.785529E-07
200347  4.024146E-06 -3.417636E-06
200348  7.227982E-06 -3.839104E-06
200349  4.277763E-06 -1.258759E-06
200350 -1.508623E-06  2.064684E-06
200351 -5.849376E-06  3.999180E-06
200352 -6.717589E-06  3.732878E-06
200353 -4.666988E-06  1.777841E-06
200354 -1.392845E-06 -6.437630E-07
200355  1.708850E-06 -2.484928E-06
200356  4.106443E-06 -3.536259E-06
200357  5.816357E-06 -4.178204E-06
200358  6.783550E-06 -4.538759E-06
200359  6.835534E-06 -4.352949E-06
200360  6.284010E-06 -3.726368E-06
200361 -6.833526E-06  4.452764E-06
200362 -6.671050E-06  3.943715E-06
200363 -6.482867E-06  3.204600E-06
200364 -6.340201E-06  3.160993E-06
200365 -5.106221E-06  3.118720E-06
200366 -2.168335E-06  1.861760E-06
200367  1.603977E-06 -3.523292E-07
200368  5.071268E-06 -2.349597E-06
200369  7.198539E-06 -3.519407E-06
200370  6.473330E-06 -3.435117E-06
200371  2.026846E-06 -1.490228E-06
200372 -4.232274E-06  1.719425E-06
200373 -7.556170E-06  3.815731E-06
200374 -4.005578E-06  2.631999E-06
200375  4.067479E-06 -1.128336E-06
200376  7.701801E-06 -3.618607E-06
200377  1.241395E-06 -1.657030E-06
200378 -7.499395E-06  2.529874E-06
200379 -5.186960E-06  2.996894E-06
200380  5.711477E-06 -1.274836E-06
200381  6.859044E-06 -3.345899E-06
200382 -5.290406E-06  9.150203E-07
200383 -8.972179E-06  4.155359E-06
200384  4.399550E-06 -6.057491E-07
200385  1.008060E-05 -5.410138E-06
200386 -3.898593E-06 -3.229434E-07
200387 -1.004409E-05  5.776282E-06
200388  5.093327E-06 -1.601924E-07
200389  1.188869E-05 -7.959896E-06
200390 -4.188334E-06 -6.868214E-07
200391 -1.441632E-05  1.156740E-05
200392 -1.773411E-06  7.124997E-06
200393  1.317726E-05 -1.037472E-05
200394  1.259205E-05 -2.014167E-05
200395  2.909678E-06 -1.555332E-05
200396 -4.544534E-06 -6.408926E-06
200397 -6.845754E-06 -2.383648E-06
200398 -4.525961E-06 -6.442181E-06
200399  2.964019E-06 -1.558521E-05
200400  1.266979E-05 -2.013347E-05
200401  1.325171E-05 -1.032303E-05
200402 -1.687263E-06  7.175585E-06
200403 -1.428200E-05  1.155246E-05
200404 -4.027389E-06 -8.004418E-07
200405  1.198580E-05 -8.138653E-06
200406  5.053945E-06 -3.231048E-07
200407 -1.020020E-05  5.700415E-06
200408 -4.074191E-06 -2.864763E-07
200409  9.998176E-06 -5.290499E-06
200410  4.476377E-06 -4.891280E-07
200411 -8.772280E-06  4.166705E-06
200412 -5.098981E-06  7.955469E-07
200413  6.924207E-06 -3.507413E-06
200414  5.643458E-06 -1.361546E-06
200415 -5.313249E-06  3.011713E-06
200416 -7.607588E-06  2.566469E-06
200417  1.198058E-06 -1.678827E-06
200418  7.733827E-06 -3.680450E-06
200419  4.147343E-06 -1.164132E-06
200420 -3.914240E-06  2.603116E-06
200421 -7.466237E-06  3.685250E-06
200422 -4.142087E-06  1.433600E-06
200423  2.087878E-06 -1.852806E-06
200424  6.408053E-06 -3.763102E-06
200425  6.896850E-06 -3.780147E-06
200426  4.559553E-06 -2.540313E-06
200427  1.102502E-06 -4.012070E-07
200428 -2.415452E-06  2.036110E-06
200429 -5.044947E-06  3.458458E-06
200430 -6.108966E-06  3.480055E-06
200431 -6.251736E-06  3.370428E-06
200432 -6.538266E-06  3.982701E-06
200433  5.661628E-06 -2.437716E-06
200434  5.786693E-06 -2.427790E-06
200435  5.312386E-06 -2.128260E-06
200436  3.673791E-06 -1.008305E-06
200437  1.883883E-06  3.503888E-07
200438 -4.135788E-07  1.309504E-06
200439 -4.280117E-06  2.617463E-06
200440 -7.657193E-06  4.217661E-06
200441 -7.223152E-06  3.845998E-06
200442 -2.519888E-06  8.311984E-07
200443  4.179945E-06 -2.285557E-06
200444  8.296504E-06 -3.238063E-06
200445  4.877495E-06 -1.510700E-06
200446 -4.120054E-06  1.676344E-06
200447 -8.180945E-06  2.890040E-06
200448 -8.071246E-07  2.456566E-07
200449  8.212626E-06 -2.650319E-06
200450  3.884994E-06 -1.291010E-06
200451 -7.639371E-06  2.046759E-06
200452 -4.883536E-06  1.356558E-06
200453  7.861247E-06 -1.973999E-06
200454  3.801491E-06 -1.135095E-06
200455 -9.802372E-06  2.151507E-06
200456 -1.793877E-06  5.797958E-07
200457  1.140604E-05 -2.683415E-06
200458 -1.830282E-06  4.180820E-09
200459 -1.062763E-05  2.853347E-06
200460  8.271466E-06 -1.879795E-06
200461  8.751689E-06 -3.447644E-06
200462 -1.413766E-05  5.079041E-06
200463 -6.165846E-06  4.415785E-06
200464  1.773853E-05 -1.009630E-05
200465  7.140327E-06 -9.073858E-06
200466 -1.687316E-05  1.330858E-05
200467 -1.771869E-05  2.739747E-05
200468 -5.643146E-06  2.325000E-05
200469 -6.566308E-08  1.831065E-05
200470 -5.628722E-06  2.320338E-05
200471 -1.765392E-05  2.732670E-05
200472 -1.678731E-05  1.323176E-05
200473  7.186246E-06 -9.147426E-06
200474  1.775638E-05 -1.013435E-05
200475 -6.112937E-06  4.430676E-06
200476 -1.403669E-05  5.085888E-06
200477  8.825607E-06 -3.505158E-06
200478  8.231361E-06 -1.948613E-06
200479 -1.078068E-05  2.865176E-06
200480 -2.000595E-06  1.237436E-07
200481  1.135194E-05 -2.496112E-06
200482 -1.648296E-06  7.261494E-07
200483 -9.543549E-06  2.117718E-06
200484  3.940538E-06 -1.348402E-06
200485  7.756819E-06 -2.164900E-06
200486 -5.101456E-06  1.375509E-06
200487 -7.795661E-06  2.230174E-06
200488  3.803846E-06 -1.171520E-06
200489  8.124924E-06 -2.738316E-06
200490 -9.571060E-07  6.992921E-08
200491 -8.374517E-06  2.831902E-06
200492 -4.279556E-06  1.736891E-06
200493  4.756033E-06 -1.506139E-06
200494  8.103147E-06 -3.385375E-06
200495  3.891343E-06 -2.487001E-06
200496 -2.786041E-06  7.438065E-07
200497 -7.432988E-06  3.924696E-06
200498 -7.882988E-06  4.378521E-06
200499 -4.465571E-06  2.778162E-06
200500 -3.867761E-07  1.441272E-06
200501  2.141556E-06  4.082101E-07
200502  3.987094E-06 -1.081538E-06
200503  5.534160E-06 -2.305482E-06
200504  5.891448E-06 -2.578334E-06
200505 -3.514557E-06  1.001699E-07
200506 -2.692022E-06  1.412835E-08
200507 -1.438180E-06 -6.828795E-07
200508 -2.401679E-07 -1.979218E-06
200509  2.232101E-06 -3.208700E-06
200510  5.546912E-06 -4.231854E-06
200511  7.277169E-06 -4.069788E-06
200512  6.818235E-06 -1.878791E-06
200513  3.460685E-06  6.572881E-07
200514 -3.617354E-06  2.505105E-06
200515 -8.891766E-06  3.550649E-06
200516 -5.308743E-06  1.520832E-06
200517  4.223886E-06 -2.430180E-06
200518  8.936555E-06 -2.772045E-06
200519  1.821728E-06  6.235140E-07
200520 -8.308938E-06  2.420480E-06
200521 -4.232439E-06  1.527754E-07
200522  7.939670E-06 -2.060724E-06
200523  4.035912E-06 -1.157038E-07
200524 -8.643309E-06  1.456166E-06
200525 -1.631004E-06 -5.636824E-07
200526  9.510503E-06 -5.805478E-07
200527 -3.521613E-06  1.118643E-06
200528 -8.855627E-06 -3.900208E-07
200529  9.322522E-06 -8.191565E-07
200530  3.199056E-06  8.007426E-07
200531 -1.166287E-05 -3.534916E-07
200532  8.137002E-06 -8.822261E-07
200533  6.822821E-06  9.450497E-07
200534 -1.710518E-05  1.483690E-06
200535  6.615551E-06 -2.492601E-06
200536  1.679824E-05 -3.347952E-06
200537 -2.127670E-05  9.607627E-06
200538 -1.505375E-05  9.968379E-06
200539  2.359826E-05 -1.968978E-05
200540  2.812845E-05 -4.267332E-05
200541  2.024798E-05 -4.582802E-05
200542  2.799707E-05 -4.272213E-05
200543  2.356706E-05 -1.973187E-05
200544 -1.492317E-05  9.960907E-06
200545 -2.114007E-05  9.568395E-06
200546  1.683991E-05 -3.411547E-06
200547  6.613679E-06 -2.478948E-06
200548 -1.706184E-05  1.529707E-06
200549  6.878012E-06  9.029696E-07
200550  8.090583E-06 -9.633284E-07
200551 -1.182219E-05 -3.388116E-07
200552  3.031177E-06  9.482088E-07
200553  9.300220E-06 -5.872095E-07
200554 -8.636622E-06 -2.026050E-07
200555 -3.211253E-06  1.078449E-06
200556  9.593187E-06 -8.245268E-07
200557 -1.852404E-06 -7.194505E-07
200558 -8.864480E-06  1.566814E-06
200559  4.052487E-06  1.059872E-07
200560  8.060200E-06 -1.999099E-06
200561 -4.250114E-06  1.449472E-08
200562 -8.559576E-06  2.334300E-06
200563  1.449426E-06  7.349575E-07
200564  8.705728E-06 -2.619944E-06
200565  4.199592E-06 -2.356889E-06
200566 -5.404196E-06  1.575117E-06
200567 -9.164773E-06  3.621492E-06
200568 -3.778831E-06  2.578926E-06
200569  3.546086E-06  7.410323E-07
200570  6.910933E-06 -1.808513E-06
200571  7.204975E-06 -4.072494E-06
200572  5.395686E-06 -4.333628E-06
200573  2.055011E-06 -3.351022E-06
200574 -5.302146E-07 -2.067335E-06
200575 -1.813779E-06 -6.996171E-07
200576 -2.954552E-06  2.057641E-08
200577 -2.125748E-06  2.876236E-06
200578 -2.493079E-06  3.236588E-06
200579 -3.602965E-06  3.739487E-06
200580 -5.687480E-06  3.980341E-06
200581 -7.943691E-06  4.546651E-06
200582 -8.583128E-06  4.072870E-06
200583 -6.952922E-06  1.420726E-06
200584 -2.116983E-06 -1.680347E-06
200585  4.871696E-06 -3.856437E-06
200586  8.398565E-06 -3.534866E-06
200587  5.028718E-06  4.257023E-07
200588 -3.209369E-06  3.285853E-06
200589 -9.188944E-06  1.759599E-06
200590 -2.661661E-06 -9.201811E-07
200591  9.072453E-06 -2.023280E-06
200592  4.897281E-06  3.941073E-07
200593 -8.238109E-06  2.045712E-06
200594 -4.327077E-06 -1.258969E-06
200595  8.741786E-06 -1.305308E-06
200596  1.445079E-06  1.686099E-06
200597 -9.376896E-06 -6.897968E-07
200598  4.268757E-06 -1.290088E-06
200599  6.152561E-06  2.229619E-06
200600 -1.024773E-05 -1.229049E-06
200601  2.486735E-06 -1.419407E-06
200602  8.944383E-06  3.282737E-06
200603 -1.125815E-05 -2.680245E-06
200604  4.762142E-06 -3.798415E-07
200605  7.708254E-06  4.247836E-06
200606 -1.719166E-05 -4.501723E-06
200607  1.329833E-05 -3.285919E-07
200608  4.883156E-06  5.701323E-06
200609 -2.942908E-05 -1.667246E-06
200610  2.670520E-05 -1.242555E-05
200611  3.026864E-05 -9.382009E-06
200612 -3.328146E-05  3.389735E-05
200613 -5.236557E-05  6.773354E-05
200614 -3.382275E-05  3.401468E-05
200615  2.981937E-05 -9.263720E-06
200616  2.666703E-05 -1.231895E-05
200617 -2.930724E-05 -1.640363E-06
200618  4.900913E-06  5.644894E-06
200619  1.323537E-05 -3.285020E-07
200620 -1.717473E-05 -4.480237E-06
200621  7.767391E-06  4.176034E-06
200622  4.697491E-06 -5.135618E-07
200623 -1.143798E-05 -2.783718E-06
200624  8.737104E-06  3.291653E-06
200625  2.393784E-06 -1.253122E-06
200626 -1.009591E-05 -1.024837E-06
200627  6.388310E-06  2.232374E-06
200628  4.286789E-06 -1.460990E-06
200629 -9.599430E-06 -7.204827E-07
200630  1.300795E-06  1.898269E-06
200631  8.865684E-06 -1.077528E-06
200632 -4.151784E-06 -1.263531E-06
200633 -8.243406E-06  1.868517E-06
200634  4.718690E-06  3.978532E-07
200635  8.858320E-06 -1.784949E-06
200636 -2.731585E-06 -7.487454E-07
200637 -9.080369E-06  1.842353E-06
200638 -3.136010E-06  3.466244E-06
200639  5.000278E-06  6.193796E-07
200640  8.490394E-06 -3.498245E-06
200641  5.115893E-06 -3.926468E-06
200642 -1.932648E-06 -1.739811E-06
200643 -6.926037E-06  1.411694E-06
200644 -8.623780E-06  4.109572E-06
200645 -7.967284E-06  4.701196E-06
200646 -5.750702E-06  4.344711E-06
200647 -3.741015E-06  4.175539E-06
200648 -2.606358E-06  3.504375E-06
200649  7.678552E-06 -4.290195E-06
200650  7.491707E-06 -4.265006E-06
200651  8.125962E-06 -3.871737E-06
200652  8.861681E-06 -2.963038E-06
200653  7.756614E-06 -1.139179E-06
200654  4.865911E-06  1.233555E-06
200655 -2.812382E-07  2.882150E-06
200656 -6.885628E-06  3.633163E-06
200657 -9.938861E-06  2.625583E-06
200658 -5.384023E-06 -9.986489E-07
200659  4.473537E-06 -3.361011E-06
200660  1.008285E-05 -1.798611E-06
200661  1.717545E-06  1.795516E-06
200662 -9.526990E-06  3.143641E-06
200663 -4.610691E-06 -1.643797E-06
200664  7.922853E-06 -2.616071E-06
200665  5.236494E-06  2.676848E-06
200666 -8.589350E-06  5.291056E-07
200667 -2.355296E-06 -2.887483E-06
200668  9.858133E-06  1.326205E-06
200669 -4.174393E-06  1.193094E-06
200670 -5.844745E-06 -3.545681E-06
200671  9.444804E-06  2.315340E-06
200672 -3.873724E-06  1.215581E-06
200673 -5.953512E-06 -4.632639E-06
200674  1.104469E-05  5.387178E-06
200675 -7.400931E-06 -2.421815E-06
200676 -8.092983E-07 -2.734092E-06
200677  1.030477E-05  7.539096E-06
200678 -1.624212E-05 -8.852812E-06
200679  1.432671E-05  3.986069E-06
200680 -2.994945E-06  6.355077E-06
200681 -1.952728E-05 -1.696201E-05
200682  4.877421E-05  1.003088E-05
200683 -3.967531E-05  3.015316E-05
200684 -6.811802E-05  1.679211E-05
200685  1.855679E-05  1.158449E-05
200686 -6.867998E-05  1.708401E-05
200687 -4.016389E-05  3.039888E-05
200688  4.867907E-05  1.017048E-05
200689 -1.947356E-05 -1.694909E-05
200690 -2.989303E-06  6.294294E-06
200691  1.430200E-05  4.006708E-06
200692 -1.618467E-05 -8.854033E-06
200693  1.037992E-05  7.458605E-06
200694 -8.594254E-07 -2.840819E-06
200695 -7.511583E-06 -2.576115E-06
200696  1.088276E-05  5.284768E-06
200697 -6.078965E-06 -4.541113E-06
200698 -3.812802E-06  1.378255E-06
200699  9.530449E-06  2.305770E-06
200700 -5.919486E-06 -3.647311E-06
200701 -4.368103E-06  1.247998E-06
200702  9.750102E-06  1.532859E-06
200703 -2.256789E-06 -2.699365E-06
200704 -8.488126E-06  5.151380E-07
200705  5.143089E-06  2.489035E-06
200706  7.729145E-06 -2.605123E-06
200707 -4.713552E-06 -1.357605E-06
200708 -9.489268E-06  3.407213E-06
200709  1.883234E-06  1.959209E-06
200710  1.032761E-05 -1.666493E-06
200711  4.749125E-06 -3.381007E-06
200712 -5.088655E-06 -1.227068E-06
200713 -9.706729E-06  2.382962E-06
200714 -6.696517E-06  3.500749E-06
200715 -4.722780E-08  2.888724E-06
200716  5.152559E-06  1.353649E-06
200717  8.143141E-06 -9.300105E-07
200718  9.335383E-06 -2.628729E-06
200719  8.518241E-06 -3.540158E-06
200720  7.677995E-06 -4.089005E-06
200721 -6.946005E-06 -5.827405E-07
200722 -6.922406E-06 -1.270088E-06
200723 -5.698818E-06 -2.302536E-06
200724 -3.097222E-06 -3.474450E-06
200725  4.405625E-07 -5.046789E-06
200726  4.948351E-06 -5.499125E-06
200727  8.771164E-06 -3.722902E-06
200728  8.316584E-06 -1.435775E-07
200729  2.018917E-06  3.896361E-06
200730 -6.259856E-06  4.152397E-06
200731 -9.738783E-06 -2.287715E-08
200732 -1.479332E-06 -3.365058E-06
200733  9.212470E-06 -2.078978E-06
200734  4.963824E-06  3.078425E-06
200735 -8.041468E-06  1.634746E-06
200736 -6.117256E-06 -3.214826E-06
200737  9.475962E-06  1.690214E-07
200738  2.571838E-06  2.770649E-06
200739 -1.035742E-05 -1.736934E-06
200740  4.783506E-06 -2.177995E-06
200741  5.918571E-06  4.257831E-06
200742 -8.748522E-06 -2.551454E-06
200743  3.333614E-06 -1.794276E-06
200744  4.714400E-06  5.708225E-06
200745 -9.650398E-06 -6.900418E-06
200746  7.634458E-06  3.891460E-06
200747 -7.652151E-07  1.602078E-06
200748 -6.157873E-06 -6.958471E-06
200749  1.189496E-05  1.045184E-05
200750 -1.400204E-05 -9.945130E-06
200751  1.161347E-05  4.800075E-06
200752 -4.454079E-06  5.899139E-06
200753 -1.051518E-05 -2.240260E-05
200754  4.325290E-05  3.811344E-05
200755 -1.040511E-04 -2.641395E-06
200756  1.836766E-05 -1.646902E-04
200757  2.841172E-04 -2.355768E-04
200758  1.818824E-05 -1.646507E-04
200759 -1.041777E-04 -2.608826E-06
200760  4.326115E-05  3.820790E-05
200761 -1.055147E-05 -2.239165E-05
200762 -4.493059E-06  5.839566E-06
200763  1.163172E-05  4.849575E-06
200764 -1.393060E-05 -9.956931E-06
200765  1.195506E-05  1.037932E-05
200766 -6.174820E-06 -6.990305E-06
200767 -7.775333E-07  1.502516E-06
200768  7.574152E-06  3.777784E-06
200769 -9.702813E-06 -6.880651E-06
200770  4.769027E-06  5.759936E-06
200771  3.335606E-06 -1.863391E-06
200772 -8.849620E-06 -2.589271E-06
200773  5.778288E-06  4.358692E-06
200774  4.696275E-06 -2.034806E-06
200775 -1.028600E-05 -1.591934E-06
200776  2.646942E-06  2.825824E-06
200777  9.367517E-06  9.773651E-08
200778 -6.313506E-06 -3.159941E-06
200779 -8.089110E-06  1.863127E-06
200780  5.069309E-06  3.283335E-06
200781  9.407473E-06 -2.015000E-06
200782 -1.220241E-06 -3.409060E-06
200783 -9.486589E-06 -1.990282E-07
200784 -6.075318E-06  3.842091E-06
200785  2.083903E-06  3.628259E-06
200786  8.385816E-06 -3.386050E-07
200787  8.942956E-06 -3.820613E-06
200788  5.160755E-06 -5.490218E-06
200789  7.286338E-07 -5.024453E-06
200790 -2.665422E-06 -3.426344E-06
200791 -5.294986E-06 -2.250401E-06
200792 -6.758925E-06 -1.228715E-06
200793 -4.953005E-06  5.324371E-06
200794 -5.503312E-06  5.069829E-06
200795 -7.081457E-06  4.825463E-06
200796 -9.438091E-06  4.233955E-06
200797 -1.079040E-05  2.424622E-06
200798 -9.854645E-06 -4.621554E-07
200799 -4.954772E-06 -3.102547E-06
200800  3.886073E-06 -4.754286E-06
200801  1.041530E-05 -2.868533E-06
200802  8.711756E-06  1.864236E-06
200803 -3.211757E-06  3.781834E-06
200804 -1.164469E-05  1.150109E-06
200805 -2.649044E-06 -3.829521E-06
200806  9.935144E-06 -1.481517E-06
200807  4.264677E-06  4.044246E-06
200808 -1.058827E-05  3.324393E-07
200809 -1.229932E-06 -3.848857E-06
200810  1.002160E-05  1.718683E-06
200811 -4.664188E-06  3.348627E-06
200812 -5.060337E-06 -5.767886E-06
200813  8.182940E-06  2.991426E-06
200814 -2.510720E-06  2.810455E-06
200815 -4.868520E-06 -7.088922E-06
200816  8.453248E-06  7.550779E-06
200817 -6.746943E-06 -4.342682E-06
200818  1.221458E-06 -1.444036E-06
200819  4.885941E-06  7.087407E-06
200820 -8.798841E-06 -1.006537E-05
200821  1.060730E-05  1.050593E-05
200822 -1.008436E-05 -7.237189E-06
200823  7.106013E-06  8.755667E-07
200824 -2.190268E-06  9.000829E-06
200825 -7.760638E-06 -2.435612E-05
200826  3.398445E-05  4.561728E-05
200827 -1.117031E-04 -3.514657E-05
200828  9.417683E-05 -2.160631E-04
200829  4.357001E-04 -2.533632E-04
200830  9.417605E-05 -2.162976E-04
200831 -1.116974E-04 -3.524787E-05
200832  3.405586E-05  4.572049E-05
200833 -7.806856E-06 -2.435514E-05
200834 -2.269032E-06  8.923432E-06
200835  7.121621E-06  9.165505E-07
200836 -1.003242E-05 -7.251635E-06
200837  1.063699E-05  1.046214E-05
200838 -8.792735E-06 -1.005467E-05
200839  4.902856E-06  7.046507E-06
200840  1.215344E-06 -1.512793E-06
200841 -6.717368E-06 -4.359538E-06
200842  8.502020E-06  7.539326E-06
200843 -4.886217E-06 -7.156144E-06
200844 -2.558790E-06  2.820249E-06
200845  8.094954E-06  3.069080E-06
200846 -5.137549E-06 -5.690539E-06
200847 -4.599832E-06  3.446980E-06
200848  1.007676E-05  1.791116E-06
200849 -1.313094E-06 -3.810380E-06
200850 -1.069936E-05  4.084140E-07
200851  4.287397E-06  4.118577E-06
200852  1.003458E-05 -1.441828E-06
200853 -2.554422E-06 -3.901212E-06
200854 -1.157616E-05  1.092255E-06
200855 -3.158157E-06  3.760842E-06
200856  8.776500E-06  1.744098E-06
200857  1.042887E-05 -3.016496E-06
200858  3.882311E-06 -4.906806E-06
200859 -4.909226E-06 -3.195893E-06
200860 -9.752056E-06 -4.851988E-07
200861 -1.062917E-05  2.387780E-06
200862 -9.175443E-06  4.215141E-06
200863 -6.812389E-06  4.819736E-06
200864 -5.418096E-06  5.104892E-06
200865  9.069874E-06  2.062316E-06
200866  8.800072E-06  2.599663E-06
200867  7.505452E-06  3.739112E-06
200868  4.338060E-06  5.084033E-06
200869 -1.575888E-08  6.570062E-06
200870 -5.783644E-06  6.041440E-06
200871 -1.074924E-05  2.970727E-06
200872 -9.375743E-06 -2.255672E-06
200873 -1.735515E-06 -6.094677E-06
200874  8.388745E-06 -3.431927E-06
200875  9.721055E-06  2.503056E-06
200876 -2.170292E-06  5.265203E-06
200877 -1.033866E-05 -1.046631E-06
200878 -1.307762E-06 -5.554262E-06
200879  1.039892E-05  1.973483E-06
200880 -6.464575E-07  4.796659E-06
200881 -9.508085E-06 -4.182411E-06
200882  5.266917E-06 -2.893210E-06
200883  4.964835E-06  7.242127E-06
200884 -8.179679E-06 -4.458274E-06
200885  2.708526E-06 -2.642957E-06
200886  4.924093E-06  7.856689E-06
200887 -8.168120E-06 -8.176943E-06
200888  6.243613E-06  4.137376E-06
200889 -1.308620E-06  1.919694E-06
200890 -3.723069E-06 -7.268758E-06
200891  6.862148E-06  1.008842E-05
200892 -7.937026E-06 -9.527401E-06
200893  7.195327E-06  6.597778E-06
200894 -5.516368E-06 -1.452492E-06
200895  3.039144E-06 -5.583877E-06
200896  5.363477E-07  1.415082E-05
200897 -7.488141E-06 -2.539138E-05
200898  2.693254E-05  3.912303E-05
200899 -7.974084E-05 -2.953940E-05
200900  7.242372E-05 -1.261357E-04
200901  3.326783E-04 -7.494712E-05
200902  7.236007E-05 -1.261679E-04
200903 -7.985897E-05 -2.936493E-05
200904  2.702521E-05  3.925315E-05
200905 -7.434006E-06 -2.549482E-05
200906  4.525220E-07  1.405514E-05
200907  3.035910E-06 -5.548229E-06
200908 -5.478626E-06 -1.449898E-06
200909  7.193355E-06  6.594362E-06
200910 -7.920821E-06 -9.529328E-06
200911  6.856649E-06  1.006230E-05
200912 -3.729401E-06 -7.271988E-06
200913 -1.246229E-06  1.917008E-06
200914  6.246148E-06  4.134822E-06
200915 -8.186174E-06 -8.190189E-06
200916  4.941847E-06  7.866982E-06
200917  2.641412E-06 -2.655866E-06
200918 -8.273070E-06 -4.429938E-06
200919  5.015341E-06  7.283646E-06
200920  5.277595E-06 -2.903168E-06
200921 -9.588342E-06 -4.134040E-06
200922 -6.607430E-07  4.837643E-06
200923  1.045618E-05  1.936001E-06
200924 -1.294234E-06 -5.539193E-06
200925 -1.038065E-05 -1.068978E-06
200926 -2.225428E-06  5.336770E-06
200927  9.772284E-06  2.624348E-06
200928  8.544096E-06 -3.461999E-06
200929 -1.641485E-06 -6.199067E-06
200930 -9.350386E-06 -2.337012E-06
200931 -1.067323E-05  2.977430E-06
200932 -5.580731E-06  6.043773E-06
200933  2.144363E-07  6.541042E-06
200934  4.541218E-06  5.088423E-06
200935  7.694829E-06  3.699630E-06
200936  8.886937E-06  2.580148E-06
200937  9.349609E-06 -3.966638E-06
200938  9.765494E-06 -3.313123E-06
200939  1.102955E-05 -2.170541E-06
200940  1.199079E-05 -5.234505E-07
200941  1.151433E-05  2.861299E-06
200942  7.617402E-06  5.626054E-06
200943 -7.175854E-07  6.069585E-06
200944 -9.072060E-06  3.226431E-06
200945 -1.198352E-05 -2.810712E-06
200946 -3.848402E-06 -5.574991E-06
200947  9.587060E-06 -1.853191E-06
200948  9.763306E-06  4.941022E-06
200949 -4.870365E-06  3.526810E-06
200950 -1.069544E-05 -5.358483E-06
200951  4.911775E-06 -2.929636E-06
200952  8.822894E-06  5.971753E-06
200953 -7.957388E-06 -6.302024E-08
200954 -3.117660E-06 -6.877766E-06
200955  8.902321E-06  6.064096E-06
200956 -4.751254E-06  1.125041E-06
200957 -3.143428E-06 -7.656911E-06
200958  7.761227E-06  8.492715E-06
200959 -6.561645E-06 -4.132400E-06
200960  2.133387E-06 -2.251497E-06
200961  2.336029E-06  7.639680E-06
200962 -5.086062E-06 -1.007711E-05
200963  5.706345E-06  9.037275E-06
200964 -5.201111E-06 -5.461548E-06
200965  3.766406E-06  5.249946E-07
200966 -2.192809E-06  5.049136E-06
200967  8.660145E-07 -1.129084E-05
200968  1.450373E-06  1.782294E-05
200969 -5.991758E-06 -2.417464E-05
200970  1.828424E-05  2.831089E-05
200971 -4.049630E-05 -1.151486E-05
200972  1.034549E-05 -4.989690E-05
200973  1.283139E-04  4.727739E-05
200974  1.021156E-05 -4.948989E-05
200975 -4.073271E-05 -1.098370E-05
200976  1.839952E-05  2.838030E-05
200977 -5.830264E-06 -2.442033E-05
200978  1.362671E-06  1.773582E-05
200979  8.453748E-07 -1.124111E-05
200980 -2.161517E-06  5.072752E-06
200981  3.736570E-06  5.416103E-07
200982 -5.174305E-06 -5.500713E-06
200983  5.680792E-06  9.004432E-06
200984 -5.111035E-06 -1.002753E-05
200985  2.390315E-06  7.661835E-06
200986  2.089953E-06 -2.235498E-06
200987 -6.577584E-06 -4.096266E-06
200988  7.813154E-06  8.493074E-06
200989 -3.197912E-06 -7.740022E-06
200990 -4.860578E-06  1.137408E-06
200991  8.933856E-06  6.066041E-06
200992 -3.136753E-06 -6.973751E-06
200993 -8.039432E-06 -3.990979E-08
200994  8.860231E-06  5.981985E-06
200995  4.947310E-06 -2.979455E-06
200996 -1.077024E-05 -5.251639E-06
200997 -4.957664E-06  3.630428E-06
200998  9.742731E-06  5.090537E-06
200999  9.777802E-06 -1.778922E-06
201000 -3.577792E-06 -5.685946E-06
201001 -1.185602E-05 -2.961096E-06
201002 -9.016942E-06  3.175733E-06
201003 -5.693416E-07  6.147282E-06
201004  7.907063E-06  5.625098E-06
201005  1.176864E-05  2.819218E-06
201006  1.210973E-05 -5.382640E-07
201007  1.111623E-05 -2.310014E-06
201008  9.858104E-06 -3.444703E-06
201009 -2.702015E-08 -6.887032E-06
201010  5.747507E-07 -6.669267E-06
201011  3.075899E-06 -6.401362E-06
201012  7.014452E-06 -5.732374E-06
201013  1.081898E-05 -2.933260E-06
201014  1.268029E-05  1.197562E-06
201015  9.100116E-06  5.093303E-06
201016 -3.119110E-07  6.843877E-06
201017 -1.051688E-05  2.586251E-06
201018 -1.160642E-05 -4.233562E-06
201019  1.421683E-06 -5.694913E-06
201020  1.228643E-05  1.418374E-06
201021  3.641438E-06  6.677936E-06
201022 -1.088251E-05 -1.674738E-06
201023 -2.858758E-06 -6.926419E-06
201024  1.079887E-05  3.542617E-06
201025 -2.280796E-06  4.992688E-06
201026 -7.635214E-06 -7.561527E-06
201027  7.541964E-06  1.360446E-06
201028 -4.914307E-07  6.722689E-06
201029 -5.571896E-06 -9.074933E-06
201030  6.748703E-06  5.188020E-06
201031 -3.697053E-06  1.789572E-06
201032 -4.184620E-07 -7.720175E-06
201033  3.179406E-06  1.023726E-05
201034 -4.037282E-06 -9.290248E-06
201035  3.625492E-06  5.405093E-06
201036 -2.829273E-06 -2.730992E-07
201037  1.794367E-06 -4.933111E-06
201038 -9.601634E-07  9.744221E-06
201039  6.350858E-07 -1.420232E-05
201040  4.513352E-07  1.826496E-05
201041 -2.948329E-06 -2.051920E-05
201042  8.975850E-06  1.804296E-05
201043 -1.245246E-05  2.123153E-06
201044 -2.653156E-05 -3.002990E-05
201045 -1.596978E-05  5.668772E-05
201046 -2.669638E-05 -2.938359E-05
201047 -1.272301E-05  2.750038E-06
201048  9.109885E-06  1.801057E-05
201049 -2.738853E-06 -2.082150E-05
201050  3.580996E-07  1.820216E-05
201051  6.055700E-07 -1.414460E-05
201052 -9.354361E-07  9.775415E-06
201053  1.753136E-06 -4.921532E-06
201054 -2.788723E-06 -3.322953E-07
201055  3.599132E-06  5.371145E-06
201056 -4.075731E-06 -9.222397E-06
201057  3.209792E-06  1.026589E-05
201058 -4.774788E-07 -7.705238E-06
201059 -3.712659E-06  1.845913E-06
201060  6.798572E-06  5.194385E-06
201061 -5.603940E-06 -9.166298E-06
201062 -5.939209E-07  6.737483E-06
201063  7.558220E-06  1.347575E-06
201064 -7.654346E-06 -7.683404E-06
201065 -2.352268E-06  5.004097E-06
201066  1.084227E-05  3.547941E-06
201067 -2.865615E-06 -6.947713E-06
201068 -1.099855E-05 -1.509187E-06
201069  3.583343E-06  6.839053E-06
201070  1.233879E-05  1.554011E-06
201071  1.695510E-06 -5.723977E-06
201072 -1.133112E-05 -4.418337E-06
201073 -1.042986E-05  2.412400E-06
201074 -2.603637E-07  6.804047E-06
201075  9.253055E-06  5.186130E-06
201076  1.292581E-05  1.177952E-06
201077  1.098698E-05 -2.986323E-06
201078  7.028635E-06 -5.777048E-06
201079  3.068823E-06 -6.609866E-06
201080  6.543809E-07 -6.857425E-06
201081 -7.342025E-06 -7.220023E-06
201082 -6.922891E-06 -7.504817E-06
201083 -4.776332E-06 -8.087186E-06
201084 -5.698475E-07 -8.445160E-06
201085  4.627837E-06 -7.123906E-06
201086  1.006344E-05 -3.104211E-06
201087  1.197431E-05  2.735179E-06
201088  6.366815E-06  8.078363E-06
201089 -4.493714E-06  6.856254E-06
201090 -1.201912E-05 -1.675509E-06
201091 -5.101885E-06 -7.870054E-06
201092  8.945262E-06 -2.607580E-06
201093  8.080978E-06  7.760952E-06
201094 -6.901802E-06  2.744455E-06
201095 -6.952753E-06 -8.653770E-06
201096  8.566261E-06 -1.020654E-07
201097  1.795630E-06  8.393113E-06
201098 -8.227735E-06 -5.866441E-06
201099  5.124714E-06 -3.448333E-06
201100  1.564438E-06  9.863372E-06
201101 -5.457741E-06 -7.799317E-06
201102  4.967519E-06  8.907363E-07
201103 -2.072557E-06  6.433679E-06
201104 -8.584944E-07 -1.049773E-05
201105  2.474429E-06  1.011192E-05
201106 -2.627700E-06 -6.738805E-06
201107  2.268724E-06  1.623842E-06
201108 -1.826807E-06  3.678787E-06
201109  1.386305E-06 -8.120590E-06
201110 -1.220408E-06  1.164691E-05
201111  1.386135E-06 -1.425471E-05
201112 -1.157599E-06  1.613756E-05
201113  5.347808E-08 -1.586188E-05
201114  2.164042E-06  1.038359E-05
201115  9.207339E-07  9.152683E-06
201116 -3.091275E-05 -3.278766E-05
201117 -6.866310E-05  2.348539E-05
201118 -3.108672E-05 -3.222187E-05
201119  6.831597E-07  9.619647E-06
201120  2.292213E-06  1.030829E-05
201121  2.491625E-07 -1.610135E-05
201122 -1.237744E-06  1.609436E-05
201123  1.356933E-06 -1.420887E-05
201124 -1.203052E-06  1.167264E-05
201125  1.352862E-06 -8.120343E-06
201126 -1.782731E-06  3.630432E-06
201127  2.252038E-06  1.597891E-06
201128 -2.665444E-06 -6.684339E-06
201129  2.482974E-06  1.013207E-05
201130 -9.055804E-07 -1.049408E-05
201131 -2.087172E-06  6.482150E-06
201132  4.995597E-06  9.057152E-07
201133 -5.466660E-06 -7.862445E-06
201134  1.487942E-06  9.877605E-06
201135  5.131903E-06 -3.462280E-06
201136 -8.231629E-06 -5.964012E-06
201137  1.744463E-06  8.401876E-06
201138  8.593785E-06 -9.392090E-08
201139 -6.984722E-06 -8.658689E-06
201140 -7.011583E-06  2.885634E-06
201141  8.059851E-06  7.901322E-06
201142  9.019530E-06 -2.516252E-06
201143 -4.856136E-06 -7.937217E-06
201144 -1.181423E-05 -1.840784E-06
201145 -4.453560E-06  6.714504E-06
201146  6.403033E-06  8.051336E-06
201147  1.207893E-05  2.810254E-06
201148  1.020760E-05 -3.131938E-06
201149  4.696251E-06 -7.170275E-06
201150 -6.091891E-07 -8.499478E-06
201151 -4.813918E-06 -8.280322E-06
201152 -6.861368E-06 -7.662924E-06
201153 -9.952224E-06 -7.230550E-06
201154 -9.683549E-06 -7.838655E-06
201155 -8.199368E-06 -8.936970E-06
201156 -4.722430E-06 -9.855903E-06
201157  2.467470E-07 -9.571788E-06
201158  6.586687E-06 -5.812577E-06
201159  1.119475E-05  1.129136E-06
201160  8.675363E-06  8.538419E-06
201161 -4.932258E-07  9.483775E-06
201162 -9.918924E-06  1.898944E-07
201163 -7.426330E-06 -9.168160E-06
201164  5.780676E-06 -5.497592E-06
201165  8.695770E-06  8.026283E-06
201166 -4.049244E-06  6.006549E-06
201167 -7.599694E-06 -9.134279E-06
201168  6.498656E-06 -2.823271E-06
201169  2.952223E-06  1.006962E-05
201170 -7.492472E-06 -4.035914E-06
201171  4.115774E-06 -6.443349E-06
201172  1.529269E-06  1.088747E-05
201173 -4.652984E-06 -6.110315E-06
201174  4.170794E-06 -2.064559E-06
201175 -2.076503E-06  8.734941E-06
201176 -8.338137E-08 -1.111509E-05
201177  1.515280E-06  8.984892E-06
201178 -1.912185E-06 -4.502893E-06
201179  2.006719E-06 -6.865737E-07
201180 -1.934572E-06  5.439205E-06
201181  1.824521E-06 -8.912333E-06
201182 -1.899833E-06  1.128979E-05
201183  2.045955E-06 -1.256422E-05
201184 -2.169766E-06  1.303317E-05
201185  1.823473E-06 -1.176166E-05
201186 -1.292440E-06  6.098780E-06
201187  4.478309E-06  1.000368E-05
201188 -2.169855E-05 -3.291923E-05
201189 -6.728674E-05  1.260700E-06
201190 -2.182631E-05 -3.263082E-05
201191  4.338506E-06  1.021486E-05
201192 -1.215144E-06  6.055749E-06
201193  1.949706E-06 -1.187237E-05
201194 -2.212792E-06  1.300372E-05
201195  2.024105E-06 -1.254517E-05
201196 -1.887436E-06  1.130410E-05
201197  1.808808E-06 -8.916620E-06
201198 -1.907508E-06  5.418036E-06
201199  2.002479E-06 -7.010356E-07
201200 -1.933375E-06 -4.477109E-06
201201  1.510055E-06  8.993516E-06
201202 -1.049259E-07 -1.111924E-05
201203 -2.082912E-06  8.758730E-06
201204  4.175470E-06 -2.052546E-06
201205 -4.648196E-06 -6.140546E-06
201206  1.488484E-06  1.089400E-05
201207  4.117426E-06 -6.452698E-06
201208 -7.482589E-06 -4.086369E-06
201209  2.926179E-06  1.007639E-05
201210  6.508175E-06 -2.815542E-06
201211 -7.626086E-06 -9.138258E-06
201212 -4.115975E-06  6.072963E-06
201213  8.691615E-06  8.106385E-06
201214  5.819770E-06 -5.447483E-06
201215 -7.287706E-06 -9.207970E-06
201216 -9.807554E-06  1.116384E-07
201217 -4.757817E-07  9.405265E-06
201218  8.697400E-06  8.525731E-06
201219  1.124400E-05  1.173090E-06
201220  6.645464E-06 -5.830859E-06
201221  2.601991E-07 -9.596554E-06
201222 -4.753300E-06 -9.899148E-06
201223 -8.219067E-06 -9.046573E-06
201224 -9.645256E-06 -7.919834E-06
