Mesh2HRTF 0.1.2
    1
    1  1225
200000  1.501772E-05  1.630276E-05
200001 -1.112510E-05 -1.202420E-05
200002 -1.115460E-05 -1.208234E-05
200003 -1.125478E-05 -1.224509E-05
200004 -1.140482E-05 -1.248901E-05
200005 -1.156945E-05 -1.277464E-05
200006 -1.169879E-05 -1.304601E-05
200007 -1.172878E-05 -1.323071E-05
200008 -1.158281E-05 -1.324113E-05
200009 -1.117534E-05 -1.297782E-05
200010 -1.041825E-05 -1.233580E-05
200011 -9.230550E-06 -1.121440E-05
200012 -7.551197E-06 -9.530826E-06
200013 -5.354419E-06 -7.236694E-06
200014 -2.665377E-06 -4.335874E-06
200015  4.267815E-07 -9.005059E-07
200016  3.762218E-06  2.918683E-06
200017  7.113771E-06  6.891997E-06
200018  1.020291E-05  1.072363E-05
200019  1.272858E-05  1.407897E-05
200020  1.440619E-05  1.662445E-05
200021  1.501061E-05  1.807414E-05
200022  1.441508E-05  1.823488E-05
200023  1.261710E-05  1.704029E-05
200024  9.744646E-06  1.456542E-05
200025  6.039904E-06  1.101789E-05
200026  1.823149E-06  6.706534E-06
200027 -2.555921E-06  1.993950E-06
200028 -6.769056E-06 -2.756717E-06
200029 -1.055218E-05 -7.229878E-06
200030 -1.373225E-05 -1.119149E-05
200031 -1.623504E-05 -1.450417E-05
200032 -1.807522E-05 -1.712363E-05
200033 -1.933357E-05 -1.908031E-05
200034 -2.012796E-05 -2.045250E-05
200035 -2.058399E-05 -2.133731E-05
200036 -2.080983E-05 -2.182445E-05
200037 -2.087766E-05 -2.197609E-05
200038 -2.081256E-05 -2.181454E-05
200039 -2.058883E-05 -2.131799E-05
200040 -2.013371E-05 -2.042470E-05
200041 -1.933856E-05 -1.904543E-05
200042 -1.807751E-05 -1.708346E-05
200043 -1.623261E-05 -1.446082E-05
200044 -1.372321E-05 -1.114730E-05
200045 -1.053505E-05 -7.187344E-06
200046 -6.742927E-06 -2.718321E-06
200047 -2.520616E-06  2.025862E-06
200048  1.866967E-06  6.729908E-06
200049  6.090718E-06  1.103111E-05
200050  9.800153E-06  1.456741E-05
200051  1.267436E-05  1.703065E-05
200052  1.447070E-05  1.821389E-05
200053  1.506103E-05  1.804276E-05
200054  1.444792E-05  1.658428E-05
200055  1.275851E-05  1.403211E-05
200056  1.021849E-05  1.067253E-05
200057  7.113257E-06  6.839308E-06
200058  3.744742E-06  2.866993E-06
200059  3.924142E-07 -9.488240E-07
200060 -2.715665E-06 -4.378824E-06
200061 -5.418856E-06 -7.272782E-06
200062 -7.627346E-06 -9.559120E-06
200063 -9.315467E-06 -1.123455E-05
200064 -1.050865E-05 -1.234802E-05
200065 -1.126772E-05 -1.298283E-05
200066 -1.167363E-05 -1.324008E-05
200067 -1.181455E-05 -1.322509E-05
200068 -1.177619E-05 -1.303752E-05
200069 -1.163545E-05 -1.276505E-05
200070 -1.145680E-05 -1.248004E-05
200071 -1.129066E-05 -1.223821E-05
200072 -1.117292E-05 -1.207861E-05
200073  8.330480E-06  1.014113E-05
200074  8.373317E-06  1.018751E-05
200075  8.479080E-06  1.034392E-05
200076  8.626848E-06  1.054886E-05
200077  8.771031E-06  1.070599E-05
200078  8.827482E-06  1.068998E-05
200079  8.662801E-06  1.034836E-05
200080  8.096858E-06  9.503278E-06
200081  6.928380E-06  7.964506E-06
200082  4.988535E-06  5.567564E-06
200083  2.218190E-06  2.244818E-06
200084 -1.247180E-06 -1.877817E-06
200085 -5.012627E-06 -6.387503E-06
200086 -8.415349E-06 -1.054355E-05
200087 -1.060944E-05 -1.334557E-05
200088 -1.076428E-05 -1.374924E-05
200089 -8.357857E-06 -1.101730E-05
200090 -3.488390E-06 -5.117523E-06
200091  2.928017E-06  2.992742E-06
200092  9.219176E-06  1.137760E-05
200093  1.335980E-05  1.754258E-05
200094  1.365287E-05  1.921403E-05
200095  9.455734E-06  1.522804E-05
200096  1.618807E-06  6.148794E-06
200097 -7.632165E-06 -5.720485E-06
200098 -1.540529E-05 -1.703011E-05
200099 -1.917880E-05 -2.453683E-05
200100 -1.770793E-05 -2.622377E-05
200101 -1.139280E-05 -2.189493E-05
200102 -1.969940E-06 -1.301865E-05
200103  8.270112E-06 -1.973643E-06
200104  1.733432E-05  8.886340E-06
200105  2.407842E-05  1.792491E-05
200106  2.830584E-05  2.445675E-05
200107  3.050020E-05  2.856807E-05
200108  3.140147E-05  3.072619E-05
200109  3.161884E-05  3.138820E-05
200110  3.138311E-05  3.073673E-05
200111  3.046422E-05  2.858952E-05
200112  2.825402E-05  2.449003E-05
200113  2.401409E-05  1.797154E-05
200114  1.726281E-05  8.948119E-06
200115  8.198734E-06 -1.895506E-06
200116 -2.032377E-06 -1.292464E-05
200117 -1.143713E-05 -2.178813E-05
200118 -1.772614E-05 -2.611005E-05
200119 -1.916539E-05 -2.442424E-05
200120 -1.535834E-05 -1.692768E-05
200121 -7.553559E-06 -5.636783E-06
200122  1.723675E-06  6.206727E-06
200123  9.578618E-06  1.525541E-05
200124  1.378341E-05  1.920874E-05
200125  1.348625E-05  1.750563E-05
200126  9.329309E-06  1.131351E-05
200127  3.010346E-06  2.909821E-06
200128 -3.442973E-06 -5.207609E-06
200129 -8.354365E-06 -1.110084E-05
200130 -1.080238E-05 -1.381274E-05
200131 -1.068328E-05 -1.337831E-05
200132 -8.514655E-06 -1.053966E-05
200133 -5.124997E-06 -6.346823E-06
200134 -1.360803E-06 -1.805180E-06
200135  2.112199E-06  2.341568E-06
200136  4.894897E-06  5.679992E-06
200137  6.847793E-06  8.085498E-06
200138  8.027293E-06  9.627748E-06
200139  8.601355E-06  1.047263E-05
200140  8.772119E-06  1.081029E-05
200141  8.721629E-06  1.081708E-05
200142  8.585308E-06  1.064345E-05
200143  8.448586E-06  1.041357E-05
200144  8.357075E-06  1.022461E-05
200145 -6.172360E-06 -9.320820E-06
200146 -6.251035E-06 -9.233248E-06
200147 -6.486323E-06 -9.000082E-06
200148 -6.890750E-06 -8.770113E-06
200149 -7.363244E-06 -8.619799E-06
200150 -7.646564E-06 -8.427387E-06
200151 -7.397040E-06 -7.859312E-06
200152 -6.319533E-06 -6.477102E-06
200153 -4.281778E-06 -3.922103E-06
200154 -1.372361E-06 -1.278877E-07
200155  2.066507E-06  4.488748E-06
200156  5.400888E-06  8.929202E-06
200157  7.707502E-06  1.171501E-05
200158  7.941528E-06  1.130303E-05
200159  5.377055E-06  6.828356E-06
200160  2.489353E-07 -1.048356E-06
200161 -5.768922E-06 -9.698182E-06
200162 -9.805449E-06 -1.508377E-05
200163 -9.091224E-06 -1.355509E-05
200164 -2.911821E-06 -4.291303E-06
200165  6.048816E-06  9.066555E-06
200166  1.241613E-05  1.922037E-05
200167  1.122798E-05  1.897233E-05
200168  1.806220E-06  6.274849E-06
200169 -1.056981E-05 -1.290521E-05
200170 -1.727784E-05 -2.691580E-05
200171 -1.222646E-05 -2.555433E-05
200172  3.146363E-06 -7.417260E-06
200173  1.996289E-05  1.829701E-05
200174  2.755564E-05  3.748067E-05
200175  2.050606E-05  4.017784E-05
200176  1.663936E-06  2.610063E-05
200177 -2.076070E-05  2.982732E-06
200178 -3.903050E-05 -1.970636E-05
200179 -4.989736E-05 -3.611066E-05
200180 -5.452987E-05 -4.506483E-05
200181 -5.564162E-05 -4.778430E-05
200182 -5.453018E-05 -4.506194E-05
200183 -4.990361E-05 -3.611351E-05
200184 -3.905225E-05 -1.972513E-05
200185 -2.080862E-05  2.945657E-06
200186  1.581674E-06  2.605602E-05
200187  2.038775E-05  4.014672E-05
200188  2.740912E-05  3.748461E-05
200189  1.980523E-05  1.834731E-05
200190  2.998915E-06 -7.324872E-06
200191 -1.234584E-05 -2.543668E-05
200192 -1.736074E-05 -2.679365E-05
200193 -1.061774E-05 -1.279493E-05
200194  1.786446E-06  6.364466E-06
200195  1.122975E-05  1.903749E-05
200196  1.243497E-05  1.925718E-05
200197  6.079698E-06  9.068494E-06
200198 -2.879018E-06 -4.330391E-06
200199 -9.073660E-06 -1.363356E-05
200200 -9.823699E-06 -1.518528E-05
200201 -5.838361E-06 -9.790998E-06
200202  1.276458E-07 -1.093263E-06
200203  5.222917E-06  6.864359E-06
200204  7.789858E-06  1.143382E-05
200205  7.598805E-06  1.192956E-05
200206  5.366807E-06  9.195512E-06
200207  2.119454E-06  4.765312E-06
200208 -1.241497E-06  1.216713E-07
200209 -4.097991E-06 -3.721980E-06
200210 -6.114134E-06 -6.329997E-06
200211 -7.198825E-06 -7.753152E-06
200212 -7.476379E-06 -8.343086E-06
200213 -7.232095E-06 -8.541812E-06
200214 -6.800525E-06 -8.694390E-06
200215 -6.432454E-06 -8.935443E-06
200216 -6.226569E-06 -9.195109E-06
200217  4.204221E-06  6.952452E-06
200218  4.664386E-06  7.182580E-06
200219  5.673600E-06  7.598097E-06
200220  6.417132E-06  7.743962E-06
200221  6.413417E-06  7.350423E-06
200222  5.796937E-06  6.384612E-06
200223  4.897257E-06  4.779362E-06
200224  3.693698E-06  2.320977E-06
200225  1.816334E-06 -1.096804E-06
200226 -9.347520E-07 -5.114570E-06
200227 -4.119653E-06 -8.719644E-06
200228 -6.608115E-06 -1.033361E-05
200229 -6.944413E-06 -8.375265E-06
200230 -4.138191E-06 -2.431138E-06
200231  1.221160E-06  5.573029E-06
200232  6.376487E-06  1.148029E-05
200233  7.595189E-06  1.100926E-05
200234  3.118816E-06  2.986942E-06
200235 -4.392094E-06 -8.460017E-06
200236 -8.820663E-06 -1.506921E-05
200237 -5.438959E-06 -9.878403E-06
200238  3.872489E-06  5.601594E-06
200239  1.050921E-05  1.906088E-05
200240  6.461599E-06  1.580554E-05
200241 -6.201394E-06 -5.726160E-06
200242 -1.428903E-05 -2.675385E-05
200243 -5.944231E-06 -2.259754E-05
200244  1.371855E-05  9.861300E-06
200245  2.294992E-05  4.144261E-05
200246  5.150681E-06  3.573214E-05
200247 -2.900097E-05 -1.141447E-05
200248 -4.675256E-05 -6.279881E-05
200249 -2.457464E-05 -7.546050E-05
200250  2.856119E-05 -4.171210E-05
200251  8.238774E-05  1.002095E-05
200252  1.151535E-04  4.844382E-05
200253  1.250073E-04  6.150551E-05
200254  1.152035E-04  4.850955E-05
200255  8.246850E-05  1.011635E-05
200256  2.865068E-05 -4.164186E-05
200257 -2.449147E-05 -7.546023E-05
200258 -4.669048E-05 -6.287735E-05
200259 -2.898073E-05 -1.153954E-05
200260  5.113772E-06  3.561250E-05
200261  2.286466E-05  4.136732E-05
200262  1.361901E-05  9.836999E-06
200263 -6.020622E-06 -2.259051E-05
200264 -1.432562E-05 -2.674040E-05
200265 -6.206967E-06 -5.719879E-06
200266  6.467143E-06  1.580513E-05
200267  1.051150E-05  1.906165E-05
200268  3.868928E-06  5.610366E-06
200269 -5.443236E-06 -9.862438E-06
200270 -8.820770E-06 -1.505607E-05
200271 -4.390257E-06 -8.461314E-06
200272  3.111461E-06  2.972542E-06
200273  7.565370E-06  1.100517E-05
200274  6.322892E-06  1.152388E-05
200275  1.166477E-06  5.692680E-06
200276 -4.149501E-06 -2.238120E-06
200277 -6.866343E-06 -8.147757E-06
200278 -6.420175E-06 -1.013074E-05
200279 -3.841083E-06 -8.593972E-06
200280 -6.139046E-07 -5.091383E-06
200281  2.129583E-06 -1.171141E-06
200282  3.970616E-06  2.172392E-06
200283  5.132350E-06  4.584954E-06
200284  5.993973E-06  6.173630E-06
200285  6.572594E-06  7.153696E-06
200286  6.534301E-06  7.589263E-06
200287  5.747140E-06  7.499707E-06
200288  4.698493E-06  7.137712E-06
200289 -4.404148E-06 -5.930321E-06
200290 -4.034771E-06 -5.678426E-06
200291 -3.475309E-06 -5.406703E-06
200292 -3.650122E-06 -5.559746E-06
200293 -4.559580E-06 -5.486037E-06
200294 -5.017400E-06 -4.087674E-06
200295 -3.986253E-06 -1.312694E-06
200296 -1.818604E-06  1.916318E-06
200297  4.353662E-07  5.022241E-06
200298  2.520879E-06  7.755814E-06
200299  4.604021E-06  8.824045E-06
200300  5.575600E-06  6.237515E-06
200301  3.530225E-06 -4.037174E-08
200302 -1.271219E-06 -6.848003E-06
200303 -5.372548E-06 -1.003305E-05
200304 -5.311862E-06 -7.314259E-06
200305 -1.220051E-06  5.621010E-07
200306  3.342807E-06  9.214510E-06
200307  4.470430E-06  1.123675E-05
200308  1.018066E-06  1.954805E-06
200309 -3.789074E-06 -1.213757E-05
200310 -4.245636E-06 -1.496995E-05
200311  1.358839E-06  1.250464E-06
200312  6.113992E-06  2.009307E-05
200313  1.668777E-06  1.456028E-05
200314 -7.558708E-06 -1.506588E-05
200315 -5.686910E-06 -2.945488E-05
200316  1.002239E-05  1.514827E-06
200317  1.489645E-05  4.298838E-05
200318 -1.117254E-05  2.549838E-05
200319 -3.790890E-05 -5.031191E-05
200320 -5.973910E-06 -8.250917E-05
200321  8.172160E-05  8.031915E-06
200322  1.230837E-04  1.515544E-04
200323  2.503424E-05  2.033337E-04
200324 -1.570236E-04  1.398343E-04
200325 -2.498072E-04  8.976815E-05
200326 -1.569138E-04  1.399127E-04
200327  2.517576E-05  2.034579E-04
200328  1.231981E-04  1.516653E-04
200329  8.182303E-05  8.072559E-06
200330 -5.853668E-06 -8.255214E-05
200331 -3.778695E-05 -5.039615E-05
200332 -1.109683E-05  2.543450E-05
200333  1.490909E-05  4.297285E-05
200334  9.999200E-06  1.525564E-06
200335 -5.716087E-06 -2.945500E-05
200336 -7.589321E-06 -1.508577E-05
200337  1.631511E-06  1.453914E-05
200338  6.075934E-06  2.007940E-05
200339  1.329182E-06  1.228893E-06
200340 -4.271413E-06 -1.500775E-05
200341 -3.822132E-06 -1.216701E-05
200342  9.824087E-07  1.967571E-06
200343  4.454383E-06  1.129471E-05
200344  3.362325E-06  9.289202E-06
200345 -1.170349E-06  6.283196E-07
200346 -5.245375E-06 -7.255938E-06
200347 -5.288778E-06 -9.968681E-06
200348 -1.151441E-06 -6.780456E-06
200349  3.705665E-06 -8.244884E-09
200350  5.801164E-06  6.173117E-06
200351  4.835373E-06  8.622660E-06
200352  2.694152E-06  7.436079E-06
200353  5.119978E-07  4.654689E-06
200354 -1.823419E-06  1.571844E-06
200355 -4.022107E-06 -1.608878E-06
200356 -5.042363E-06 -4.351494E-06
200357 -4.564014E-06 -5.729699E-06
200358 -3.646654E-06 -5.762740E-06
200359 -3.475787E-06 -5.538429E-06
200360 -4.038378E-06 -5.735762E-06
200361  2.954121E-06  3.912012E-06
200362  3.006988E-06  4.338544E-06
200363  3.195955E-06  4.796688E-06
200364  3.363658E-06  4.038852E-06
200365  3.114658E-06  2.437236E-06
200366  2.714710E-06  1.162016E-06
200367  2.695332E-06 -2.960838E-07
200368  2.123090E-06 -3.488227E-06
200369 -6.023811E-07 -7.356566E-06
200370 -4.329048E-06 -8.090556E-06
200371 -5.317060E-06 -4.160079E-06
200372 -2.366553E-06  1.448039E-06
200373  1.271288E-06  5.589521E-06
200374  2.752892E-06  7.670462E-06
200375  2.685253E-06  6.340854E-06
200376  1.708828E-06 -6.487198E-07
200377 -1.035920E-06 -9.641847E-06
200378 -3.827985E-06 -1.044601E-05
200379 -2.455386E-06  9.827170E-07
200380  2.462262E-06  1.293669E-05
200381  4.052185E-06  9.192864E-06
200382 -5.789741E-07 -8.501714E-06
200383 -4.268477E-06 -1.678706E-05
200384 -5.321733E-07  2.665768E-07
200385  4.246230E-06  2.136389E-05
200386  2.890139E-07  9.772097E-06
200387 -5.733976E-06 -2.466615E-05
200388  1.118774E-06 -2.236751E-05
200389  1.101649E-05  2.889987E-05
200390 -4.097206E-06  4.234182E-05
200391 -2.829234E-05 -3.573075E-05
200392  5.370476E-06 -8.657907E-05
200393  9.243299E-05  3.404998E-05
200394  7.099953E-05  2.164711E-04
200395 -2.128036E-04  1.819695E-04
200396 -6.368225E-04 -8.789228E-05
200397 -8.446463E-04 -2.529831E-04
200398 -6.368096E-04 -8.784052E-05
200399 -2.128399E-04  1.819968E-04
200400  7.091603E-05  2.163965E-04
200401  9.238872E-05  3.388180E-05
200402  5.410954E-06 -8.674199E-05
200403 -2.822041E-05 -3.578977E-05
200404 -4.052894E-06  4.240259E-05
200405  1.104532E-05  2.901488E-05
200406  1.165538E-06 -2.228785E-05
200407 -5.686120E-06 -2.467244E-05
200408  2.936100E-07  9.704980E-06
200409  4.204131E-06  2.130727E-05
200410 -5.777286E-07  2.530190E-07
200411 -4.287804E-06 -1.679623E-05
200412 -5.896921E-07 -8.537243E-06
200413  4.030819E-06  9.178750E-06
200414  2.463852E-06  1.300846E-05
200415 -2.379869E-06  1.118969E-06
200416 -3.691044E-06 -1.033984E-05
200417 -9.069123E-07 -9.638433E-06
200418  1.787804E-06 -7.494533E-07
200419  2.728242E-06  6.185519E-06
200420  2.782867E-06  7.517245E-06
200421  1.291515E-06  5.460651E-06
200422 -2.359763E-06  1.317409E-06
200423 -5.332539E-06 -4.325198E-06
200424 -4.388088E-06 -8.273513E-06
200425 -7.189746E-07 -7.502684E-06
200426  1.962359E-06 -3.568845E-06
200427  2.512942E-06 -3.326226E-07
200428  2.524498E-06  1.129542E-06
200429  2.936951E-06  2.388631E-06
200430  3.225127E-06  3.997017E-06
200431  3.105620E-06  4.799868E-06
200432  2.961152E-06  4.369588E-06
200433 -2.144408E-06 -1.796625E-06
200434 -2.532394E-06 -1.689000E-06
200435 -2.871634E-06 -1.163353E-06
200436 -2.199601E-06 -3.241952E-07
200437 -1.442237E-06  5.652787E-07
200438 -1.662872E-06  1.997661E-06
200439 -1.723582E-06  4.444047E-06
200440 -1.187093E-07  6.540515E-06
200441  2.112475E-06  6.289190E-06
200442  2.989625E-06  3.790941E-06
200443  2.570942E-06  1.921577E-07
200444  1.477475E-06 -4.253524E-06
200445 -9.058625E-07 -7.627762E-06
200446 -3.487520E-06 -5.515293E-06
200447 -2.833848E-06  2.419473E-06
200448  1.010944E-06  8.903845E-06
200449  3.192437E-06  6.797535E-06
200450  1.346892E-06 -2.460769E-06
200451 -1.328602E-06 -9.778400E-06
200452 -1.726109E-06 -6.134411E-06
200453 -3.833394E-07  6.537355E-06
200454  7.228377E-07  1.160676E-05
200455  5.615765E-07 -2.175708E-06
200456  2.269878E-08 -1.600353E-05
200457  4.695249E-07 -2.908402E-06
200458  1.345522E-07  2.000860E-05
200459 -2.560436E-06  7.671654E-06
200460 -1.428619E-06 -2.592313E-05
200461  6.917509E-06 -1.178655E-05
200462  5.757046E-06  3.908915E-05
200463 -1.588694E-05  1.980350E-05
200464 -1.989757E-05 -6.745139E-05
200465  3.485513E-05 -5.348547E-05
200466  8.790934E-05  1.072336E-04
200467  1.789912E-05  1.979103E-04
200468 -1.613671E-04  9.319438E-05
200469 -2.613095E-04 -3.833505E-07
200470 -1.615540E-04  9.310953E-05
200471  1.761540E-05  1.976596E-04
200472  8.768449E-05  1.068248E-04
200473  3.478684E-05 -5.385292E-05
200474 -1.985810E-05 -6.754915E-05
200475 -1.583947E-05  1.997991E-05
200476  5.790404E-06  3.932697E-05
200477  6.963879E-06 -1.167090E-05
200478 -1.382382E-06 -2.593723E-05
200479 -2.551963E-06  7.616029E-06
200480  1.140766E-07  1.997247E-05
200481  4.659731E-07 -2.919952E-06
200482  4.714445E-08 -1.601332E-05
200483  5.674256E-07 -2.202705E-06
200484  6.541834E-07  1.158614E-05
200485 -5.132267E-07  6.593600E-06
200486 -1.799947E-06 -5.984606E-06
200487 -1.244392E-06 -9.647676E-06
200488  1.518798E-06 -2.475368E-06
200489  3.291062E-06  6.641485E-06
200490  9.947480E-07  8.708020E-06
200491 -2.885736E-06  2.267674E-06
200492 -3.522249E-06 -5.595114E-06
200493 -9.304980E-07 -7.641089E-06
200494  1.450631E-06 -4.239846E-06
200495  2.534187E-06  1.891970E-07
200496  2.931609E-06  3.799926E-06
200497  2.040767E-06  6.373607E-06
200498 -1.788761E-07  6.675841E-06
200499 -1.789145E-06  4.554082E-06
200500 -1.786251E-06  2.073054E-06
200501 -1.602544E-06  6.182468E-07
200502 -2.321214E-06 -3.037063E-07
200503 -2.949225E-06 -1.139221E-06
200504 -2.586317E-06 -1.644830E-06
200505  2.245407E-06 -1.466741E-06
200506  2.201895E-06 -2.153169E-06
200507  1.936188E-06 -3.238506E-06
200508  1.727935E-06 -3.621115E-06
200509  1.674745E-06 -4.012225E-06
200510  1.153067E-06 -5.443902E-06
200511 -2.698208E-07 -6.543383E-06
200512 -1.698848E-06 -5.134725E-06
200513 -2.074503E-06 -1.699647E-06
200514 -1.807246E-06  1.788217E-06
200515 -1.482291E-06  4.551150E-06
200516 -4.832946E-07  5.876133E-06
200517  1.276473E-06  3.991057E-06
200518  2.409700E-06 -1.356957E-06
200519  1.662001E-06 -6.601369E-06
200520 -8.832009E-07 -6.183157E-06
200521 -2.994913E-06  1.681444E-06
200522 -1.589922E-06  9.414862E-06
200523  2.162162E-06  5.660799E-06
200524  2.845497E-06 -7.251801E-06
200525 -5.710059E-07 -1.070365E-05
200526 -2.536431E-06  3.184996E-06
200527 -3.960890E-07  1.331608E-05
200528  1.725855E-06 -9.741810E-08
200529  8.598001E-07 -1.627747E-05
200530 -7.966181E-07 -2.371427E-06
200531 -1.311588E-06  2.081756E-05
200532 -9.278337E-07  4.404108E-06
200533  1.428651E-06 -2.828744E-05
200534  4.422105E-06 -6.771008E-06
200535 -8.156607E-08  4.114840E-05
200536 -1.277470E-05  1.533984E-05
200537 -1.368983E-05 -6.025862E-05
200538  1.414505E-05 -5.679204E-05
200539  5.535270E-05  3.400663E-05
200540  8.227696E-05  1.043885E-04
200541  8.952473E-05  1.207249E-04
200542  8.214219E-05  1.040306E-04
200543  5.516740E-05  3.343039E-05
200544  1.400614E-05 -5.730922E-05
200545 -1.377513E-05 -6.042148E-05
200546 -1.284410E-05  1.559105E-05
200547 -9.482796E-08  4.155349E-05
200548  4.520192E-06 -6.535926E-06
200549  1.561134E-06 -2.831419E-05
200550 -9.062625E-07  4.261703E-06
200551 -1.419410E-06  2.073501E-05
200552 -8.996200E-07 -2.348956E-06
200553  8.720680E-07 -1.624358E-05
200554  1.804591E-06 -1.444162E-07
200555 -3.735783E-07  1.322975E-05
200556 -2.622102E-06  3.165884E-06
200557 -7.196325E-07 -1.060725E-05
200558  2.768584E-06 -7.102472E-06
200559  2.256947E-06  5.706394E-06
200560 -1.437635E-06  9.268566E-06
200561 -2.963006E-06  1.437488E-06
200562 -9.609293E-07 -6.352229E-06
200563  1.577904E-06 -6.630598E-06
200564  2.350827E-06 -1.303983E-06
200565  1.254177E-06  4.099126E-06
200566 -4.618417E-07  6.021881E-06
200567 -1.465120E-06  4.651739E-06
200568 -1.834402E-06  1.827727E-06
200569 -2.120754E-06 -1.627664E-06
200570 -1.698641E-06 -5.009170E-06
200571 -2.155738E-07 -6.432701E-06
200572  1.160416E-06 -5.330385E-06
200573  1.612763E-06 -3.884923E-06
200574  1.678802E-06 -3.582044E-06
200575  1.866783E-06 -3.265214E-06
200576  2.097158E-06 -2.143805E-06
200577 -2.648524E-06  5.146262E-06
200578 -2.082380E-06  5.421739E-06
200579 -1.460830E-06  5.746104E-06
200580 -1.653219E-06  5.719425E-06
200581 -1.667884E-06  5.860195E-06
200582 -2.154642E-07  5.551394E-06
200583  1.841210E-06  3.443454E-06
200584  2.722522E-06 -1.675779E-07
200585  2.416711E-06 -3.777819E-06
200586  1.674568E-06 -6.135588E-06
200587  2.994852E-07 -6.017931E-06
200588 -1.439312E-06 -2.403320E-06
200589 -2.297047E-06  3.313669E-06
200590 -1.607947E-06  6.669332E-06
200591  2.297799E-07  4.145866E-06
200592  1.967538E-06 -2.576941E-06
200593  1.967080E-06 -6.937466E-06
200594 -2.653087E-07 -3.217311E-06
200595 -2.664191E-06  5.484171E-06
200596 -1.771324E-06  7.724006E-06
200597  2.258439E-06 -1.769216E-06
200598  3.384725E-06 -9.927796E-06
200599 -1.357962E-06 -1.437765E-06
200600 -4.395459E-06  1.135309E-05
200601  3.903992E-07  3.081360E-06
200602  4.973764E-06 -1.402818E-05
200603  6.801993E-07 -4.086749E-06
200604 -5.154499E-06  1.820817E-05
200605 -2.301529E-06  4.918317E-06
200606  4.306462E-06 -2.434595E-05
200607  5.129328E-06 -7.505557E-06
200608  7.689699E-07  3.379316E-05
200609 -5.534642E-06  2.377828E-05
200610 -1.372908E-05 -3.083239E-05
200611 -1.906212E-05 -6.196398E-05
200612 -1.673310E-05 -5.467424E-05
200613 -1.362110E-05 -4.549608E-05
200614 -1.669577E-05 -5.497479E-05
200615 -1.905818E-05 -6.230368E-05
200616 -1.380044E-05 -3.090791E-05
200617 -5.676688E-06  2.405128E-05
200618  6.335888E-07  3.418934E-05
200619  5.118714E-06 -7.272510E-06
200620  4.421676E-06 -2.435251E-05
200621 -2.201007E-06  4.782898E-06
200622 -5.177536E-06  1.808006E-05
200623  5.711645E-07 -4.143549E-06
200624  4.894759E-06 -1.400831E-05
200625  4.191990E-07  3.120942E-06
200626 -4.310535E-06  1.132700E-05
200627 -1.333279E-06 -1.492911E-06
200628  3.335010E-06 -9.932824E-06
200629  2.194000E-06 -1.741798E-06
200630 -1.764740E-06  7.747539E-06
200631 -2.545413E-06  5.475826E-06
200632 -1.757650E-07 -3.268123E-06
200633  1.910797E-06 -7.009063E-06
200634  1.867090E-06 -2.582223E-06
200635  1.858613E-07  4.233589E-06
200636 -1.625287E-06  6.746662E-06
200637 -2.288584E-06  3.398269E-06
200638 -1.386897E-06 -2.262675E-06
200639  3.434841E-07 -5.894187E-06
200640  1.713529E-06 -6.073800E-06
200641  2.462110E-06 -3.749051E-06
200642  2.755571E-06 -1.345572E-07
200643  1.908063E-06  3.476249E-06
200644 -1.670747E-07  5.610285E-06
200645 -1.694965E-06  5.961163E-06
200646 -1.671253E-06  5.756111E-06
200647 -1.512452E-06  5.732768E-06
200648 -2.198486E-06  5.460980E-06
200649  1.733652E-06 -4.806767E-06
200650  1.683925E-06 -4.194776E-06
200651  1.593428E-06 -3.300778E-06
200652  1.288295E-06 -3.195090E-06
200653  1.984558E-07 -2.648837E-06
200654 -1.444528E-06 -2.741477E-07
200655 -2.692655E-06  3.022362E-06
200656 -3.251211E-06  5.261347E-06
200657 -3.045497E-06  5.661407E-06
200658 -1.466329E-06  4.346044E-06
200659  1.306737E-06  8.518286E-07
200660  3.587538E-06 -4.070424E-06
200661  3.225100E-06 -6.677715E-06
200662 -1.846130E-07 -3.750115E-06
200663 -3.757886E-06  3.139443E-06
200664 -3.399640E-06  7.189149E-06
200665  1.131267E-06  2.541963E-06
200666  4.361479E-06 -6.095527E-06
200667  1.492795E-06 -6.434953E-06
200668 -3.801050E-06  3.597021E-06
200669 -3.297127E-06  8.822370E-06
200670  2.688664E-06 -9.871040E-07
200671  4.302804E-06 -1.018823E-05
200672 -1.658880E-06 -8.672875E-07
200673 -4.757729E-06  1.150465E-05
200674  1.146301E-06  1.628605E-06
200675  5.119726E-06 -1.390824E-05
200676 -9.423369E-07 -1.889022E-06
200677 -5.533142E-06  1.820710E-05
200678  1.964098E-07  3.921731E-06
200679  4.942739E-06 -2.405360E-05
200680  9.787353E-07 -1.372084E-05
200681 -1.820559E-06  2.384360E-05
200682  1.420896E-06  3.737733E-05
200683  2.605804E-06  1.738858E-05
200684 -1.031476E-06 -7.217645E-06
200685 -3.407608E-06 -1.658330E-05
200686 -9.672846E-07 -7.211921E-06
200687  2.607708E-06  1.748739E-05
200688  1.334611E-06  3.761097E-05
200689 -1.903187E-06  2.412890E-05
200690  1.004761E-06 -1.355261E-05
200691  5.054344E-06 -2.404541E-05
200692  2.543739E-07  3.846896E-06
200693 -5.569944E-06  1.809460E-05
200694 -9.962519E-07 -1.977974E-06
200695  5.101243E-06 -1.393165E-05
200696  1.126646E-06  1.643534E-06
200697 -4.782751E-06  1.154843E-05
200698 -1.655442E-06 -8.333669E-07
200699  4.277736E-06 -1.019148E-05
200700  2.618624E-06 -1.020106E-06
200701 -3.352827E-06  8.722272E-06
200702 -3.795860E-06  3.472007E-06
200703  1.559526E-06 -6.487669E-06
200704  4.366308E-06 -6.053871E-06
200705  1.022144E-06  2.571711E-06
200706 -3.505977E-06  7.226280E-06
200707 -3.761155E-06  3.251761E-06
200708 -1.167014E-07 -3.659619E-06
200709  3.310824E-06 -6.578770E-06
200710  3.679843E-06 -3.983294E-06
200711  1.359558E-06  8.705086E-07
200712 -1.394842E-06  4.368287E-06
200713 -2.940954E-06  5.653582E-06
200714 -3.243968E-06  5.191931E-06
200715 -2.706131E-06  2.953721E-06
200716 -1.428206E-06 -3.136126E-07
200717  1.644184E-07 -2.654135E-06
200718  1.272929E-06 -3.191687E-06
200719  1.589419E-06 -3.280846E-06
200720  1.640325E-06 -4.128441E-06
200721  1.231957E-06 -2.260300E-06
200722  9.288289E-07 -2.687340E-06
200723  8.854470E-07 -3.336955E-06
200724  1.893674E-06 -3.840210E-06
200725  3.151491E-06 -4.782670E-06
200726  3.364016E-06 -5.894815E-06
200727  2.746500E-06 -5.652865E-06
200728  1.986981E-06 -3.491067E-06
200729  5.810872E-07 -2.129252E-07
200730 -1.737682E-06  3.377249E-06
200731 -3.627460E-06  5.613760E-06
200732 -3.153108E-06  4.274880E-06
200733 -7.517599E-08 -3.360670E-07
200734  3.473826E-06 -4.802079E-06
200735  3.928942E-06 -4.952825E-06
200736 -2.366014E-07  6.077379E-08
200737 -4.748750E-06  5.053200E-06
200738 -3.110441E-06  3.704412E-06
200739  3.667533E-06 -2.948063E-06
200740  5.357054E-06 -5.602085E-06
200741 -2.099104E-06  9.860824E-07
200742 -6.492567E-06  6.975913E-06
200743  1.251424E-06  8.459353E-07
200744  7.441902E-06 -7.989892E-06
200745 -9.646295E-07 -1.828849E-06
200746 -8.354725E-06  9.430398E-06
200747  7.909638E-07  2.188591E-06
200748  8.965047E-06 -1.172545E-05
200749 -2.200385E-07 -2.950414E-06
200750 -8.973701E-06  1.480392E-05
200751 -1.769691E-06  6.587908E-06
200752  6.680153E-06 -1.698654E-05
200753  3.791109E-06 -1.898870E-05
200754 -1.317845E-06  3.114122E-06
200755 -3.219537E-07  2.394442E-05
200756  3.305672E-06  3.152156E-05
200757  4.914859E-06  3.235627E-05
200758  3.320803E-06  3.165257E-05
200759 -3.583343E-07  2.412411E-05
200760 -1.366644E-06  3.221633E-06
200761  3.825446E-06 -1.899047E-05
200762  6.835481E-06 -1.705660E-05
200763 -1.628192E-06  6.561934E-06
200764 -8.988693E-06  1.482925E-05
200765 -2.855056E-07 -3.000638E-06
200766  8.978290E-06 -1.180756E-05
200767  8.555594E-07  2.194217E-06
200768 -8.359042E-06  9.446448E-06
200769 -1.057989E-06 -1.833045E-06
200770  7.395305E-06 -7.967388E-06
200771  1.239971E-06  8.413066E-07
200772 -6.551215E-06  6.930995E-06
200773 -2.152156E-06  8.943447E-07
200774  5.344728E-06 -5.695415E-06
200775  3.688691E-06 -2.964260E-06
200776 -3.124144E-06  3.766374E-06
200777 -4.813723E-06  5.064423E-06
200778 -3.034686E-07  6.756346E-08
200779  3.948450E-06 -4.858721E-06
200780  3.590321E-06 -4.716206E-06
200781  3.557031E-08 -2.283238E-07
200782 -3.061420E-06  4.296836E-06
200783 -3.599717E-06  5.517428E-06
200784 -1.757393E-06  3.334408E-06
200785  6.017387E-07 -2.291542E-07
200786  1.939051E-06 -3.571422E-06
200787  2.665810E-06 -5.733366E-06
200788  3.320692E-06 -5.929765E-06
200789  3.073706E-06 -4.809117E-06
200790  1.840293E-06 -3.832057E-06
200791  8.848843E-07 -3.293753E-06
200792  9.509288E-07 -2.638147E-06
200793 -4.653572E-06  6.219708E-06
200794 -4.674989E-06  5.666581E-06
200795 -4.669864E-06  4.992685E-06
200796 -4.588728E-06  5.099775E-06
200797 -3.661381E-06  4.695409E-06
200798 -1.717649E-06  2.400924E-06
200799  7.765268E-07 -9.993357E-07
200800  3.421197E-06 -3.989052E-06
200801  5.297635E-06 -5.778683E-06
200802  4.884083E-06 -5.349391E-06
200803  1.400842E-06 -1.871446E-06
200804 -3.365180E-06  3.233861E-06
200805 -5.806097E-06  6.066526E-06
200806 -2.912624E-06  3.463411E-06
200807  3.456523E-06 -2.904731E-06
200808  6.112655E-06 -6.245819E-06
200809  8.301996E-07 -1.861325E-06
200810 -6.043700E-06  5.142817E-06
200811 -3.885369E-06  4.638319E-06
200812  4.952745E-06 -3.344586E-06
200813  5.717662E-06 -5.848554E-06
200814 -3.971479E-06  2.325039E-06
200815 -6.703069E-06  6.911492E-06
200816  3.617540E-06 -1.731835E-06
200817  7.230417E-06 -7.937686E-06
200818 -3.867547E-06  1.531547E-06
200819 -7.610277E-06  9.317885E-06
200820  4.367472E-06 -1.505067E-06
200821  8.394710E-06 -1.175374E-05
200822 -3.688224E-06  6.583244E-08
200823 -9.153463E-06  1.543888E-05
200824  8.194622E-07  7.866218E-06
200825  8.751060E-06 -1.353909E-05
200826  4.840883E-06 -2.341339E-05
200827 -2.904245E-06 -1.675289E-05
200828 -7.070882E-06 -6.192403E-06
200829 -7.976874E-06 -1.737551E-06
200830 -7.082171E-06 -6.119272E-06
200831 -2.927935E-06 -1.668320E-05
200832  4.854789E-06 -2.344021E-05
200833  8.832392E-06 -1.363813E-05
200834  9.419527E-07  7.769654E-06
200835 -9.102972E-06  1.542645E-05
200836 -3.746374E-06  1.126237E-07
200837  8.381225E-06 -1.176328E-05
200838  4.432459E-06 -1.548918E-06
200839 -7.563614E-06  9.346080E-06
200840 -3.898302E-06  1.548386E-06
200841  7.143922E-06 -7.987899E-06
200842  3.615337E-06 -1.737797E-06
200843 -6.643266E-06  6.899535E-06
200844 -4.002979E-06  2.303634E-06
200845  5.670611E-06 -5.859224E-06
200846  4.934995E-06 -3.349998E-06
200847 -3.883711E-06  4.670047E-06
200848 -6.056809E-06  5.195528E-06
200849  7.940568E-07 -1.849159E-06
200850  6.078453E-06 -6.195294E-06
200851  3.503091E-06 -2.805113E-06
200852 -2.781344E-06  3.516974E-06
200853 -5.735125E-06  6.098791E-06
200854 -3.340811E-06  3.161737E-06
200855  1.372105E-06 -1.982886E-06
200856  4.759498E-06 -5.398059E-06
200857  5.236165E-06 -5.772745E-06
200858  3.375648E-06 -4.008682E-06
200859  6.885304E-07 -1.043571E-06
200860 -1.812521E-06  2.419728E-06
200861 -3.778287E-06  4.715431E-06
200862 -4.652773E-06  5.147887E-06
200863 -4.663001E-06  5.067740E-06
200864 -4.608404E-06  5.705954E-06
200865 -6.606560E-09  2.865585E-06
200866  8.969916E-08  3.137519E-06
200867 -9.870848E-08  3.650623E-06
200868 -1.540809E-06  4.313997E-06
200869 -3.459025E-06  5.234101E-06
200870 -4.702087E-06  5.877651E-06
200871 -5.029244E-06  5.208743E-06
200872 -4.303792E-06  2.724705E-06
200873 -1.794494E-06 -9.449956E-07
200874  2.329983E-06 -4.272582E-06
200875  5.540302E-06 -5.269462E-06
200876  5.039476E-06 -2.523848E-06
200877  1.444793E-07  2.189925E-06
200878 -5.412322E-06  4.766648E-06
200879 -5.445926E-06  2.390109E-06
200880  1.275914E-06 -2.659109E-06
200881  6.916760E-06 -4.187285E-06
200882  2.723455E-06 -2.076521E-07
200883 -6.185558E-06  3.725588E-06
200884 -5.326064E-06  1.768561E-06
200885  5.134213E-06 -2.960809E-06
200886  6.661913E-06 -2.648774E-06
200887 -4.878805E-06  2.281063E-06
200888 -7.477729E-06  3.210277E-06
200889  5.267591E-06 -1.969260E-06
200890  8.067533E-06 -4.012559E-06
200891 -5.816637E-06  2.083084E-06
200892 -8.620571E-06  5.455033E-06
200893  5.762887E-06 -1.994974E-06
200894  9.758315E-06 -7.712492E-06
200895 -3.381130E-06  6.692914E-08
200896 -1.072438E-05  1.062742E-05
200897 -3.197746E-06  8.467142E-06
200898  6.191600E-06 -3.888347E-06
200899  8.465547E-06 -1.422014E-05
200900  6.555670E-06 -1.820081E-05
200901  5.348593E-06 -1.878342E-05
200902  6.545401E-06 -1.819377E-05
200903  8.460916E-06 -1.421395E-05
200904  6.215863E-06 -3.908998E-06
200905 -3.145266E-06  8.440103E-06
200906 -1.068195E-05  1.059780E-05
200907 -3.398681E-06  5.098962E-08
200908  9.710359E-06 -7.706999E-06
200909  5.768315E-06 -1.985159E-06
200910 -8.597026E-06  5.447434E-06
200911 -5.843374E-06  2.091338E-06
200912  8.025083E-06 -3.992104E-06
200913  5.252096E-06 -2.003419E-06
200914 -7.421344E-06  3.208494E-06
200915 -4.794838E-06  2.270096E-06
200916  6.616391E-06 -2.657860E-06
200917  5.077692E-06 -2.934865E-06
200918 -5.349142E-06  1.779895E-06
200919 -6.193810E-06  3.756951E-06
200920  2.701956E-06 -1.820713E-07
200921  6.857433E-06 -4.167554E-06
200922  1.237702E-06 -2.558524E-06
200923 -5.386542E-06  2.481544E-06
200924 -5.300706E-06  4.803909E-06
200925  1.636119E-07  2.164449E-06
200926  4.985823E-06 -2.647926E-06
200927  5.456056E-06 -5.307981E-06
200928  2.185265E-06 -4.269925E-06
200929 -1.853381E-06 -9.107858E-07
200930 -4.327037E-06  2.757087E-06
200931 -5.103433E-06  5.185382E-06
200932 -4.797502E-06  5.918653E-06
200933 -3.559659E-06  5.273599E-06
200934 -1.567439E-06  4.370699E-06
200935 -6.501615E-08  3.731943E-06
200936  1.749001E-07  3.170046E-06
200937  6.714861E-06 -4.115847E-06
200938  6.737716E-06 -3.434911E-06
200939  6.800971E-06 -2.527510E-06
200940  6.149181E-06 -2.165520E-06
200941  4.259339E-06 -1.239617E-06
200942  1.165914E-06  1.098187E-06
200943 -2.598302E-06  3.719519E-06
200944 -6.261373E-06  4.879725E-06
200945 -7.980218E-06  4.137839E-06
200946 -5.601891E-06  1.736637E-06
200947  5.081594E-07 -1.758239E-06
200948  6.839026E-06 -3.982800E-06
200949  7.811347E-06 -3.012471E-06
200950  9.605965E-07  6.583310E-07
200951 -7.531083E-06  3.523481E-06
200952 -7.041909E-06  2.139311E-06
200953  3.388596E-06 -1.730312E-06
200954  9.335540E-06 -3.152723E-06
200955  4.501894E-07 -1.201688E-07
200956 -9.797762E-06  2.840129E-06
200957 -2.796021E-06  1.050008E-06
200958  9.965508E-06 -2.617742E-06
200959  3.736065E-06 -1.897019E-06
200960 -1.046673E-05  2.461854E-06
200961 -3.786283E-06  2.678546E-06
200962  1.125796E-05 -2.627501E-06
200963  3.487054E-06 -3.449029E-06
200964 -1.227846E-05  3.242703E-06
200965 -4.530818E-06  4.981526E-06
200966  1.234180E-05 -3.437198E-06
200967  8.208820E-06 -8.331878E-06
200968 -8.868252E-06 -2.064390E-07
200969 -1.397799E-05  1.086677E-05
200970 -4.737126E-06  1.236659E-05
200971  5.880075E-06  5.644324E-06
200972  1.121581E-05 -1.423658E-06
200973  1.246667E-05 -4.107216E-06
200974  1.121939E-05 -1.437979E-06
200975  5.889497E-06  5.638922E-06
200976 -4.730745E-06  1.237076E-05
200977 -1.396377E-05  1.088684E-05
200978 -8.866472E-06 -1.977039E-07
200979  8.187075E-06 -8.333174E-06
200980  1.232984E-05 -3.438395E-06
200981 -4.544306E-06  4.991299E-06
200982 -1.231698E-05  3.226487E-06
200983  3.430948E-06 -3.489291E-06
200984  1.124348E-05 -2.601254E-06
200985 -3.733245E-06  2.690462E-06
200986 -1.039892E-05  2.469761E-06
200987  3.786967E-06 -1.913294E-06
200988  9.897638E-06 -2.634892E-06
200989 -2.849628E-06  1.077648E-06
200990 -9.815117E-06  2.839106E-06
200991  4.432073E-07 -9.836865E-08
200992  9.319347E-06 -3.145717E-06
200993  3.318560E-06 -1.723153E-06
200994 -7.087712E-06  2.236431E-06
200995 -7.483984E-06  3.578888E-06
200996  1.019782E-06  7.007920E-07
200997  7.796824E-06 -3.026402E-06
200998  6.753299E-06 -4.086832E-06
200999  4.000891E-07 -1.718689E-06
201000 -5.704529E-06  1.791557E-06
201001 -8.001501E-06  4.190241E-06
201002 -6.283483E-06  4.925287E-06
201003 -2.651565E-06  3.701560E-06
201004  1.120138E-06  1.134188E-06
201005  4.213080E-06 -1.220458E-06
201006  6.158993E-06 -2.142716E-06
201007  6.840104E-06 -2.482347E-06
201008  6.802727E-06 -3.429565E-06
201009  6.264559E-06 -6.258696E-06
201010  6.233981E-06 -5.847022E-06
201011  6.724213E-06 -5.420909E-06
201012  7.814492E-06 -5.409435E-06
201013  8.315412E-06 -5.001040E-06
201014  6.992352E-06 -3.202572E-06
201015  3.863585E-06 -1.359224E-07
201016 -7.366507E-07  2.914093E-06
201017 -5.717020E-06  4.850503E-06
201018 -8.373763E-06  4.699883E-06
201019 -6.083600E-06  1.589514E-06
201020  1.089863E-06 -2.630309E-06
201021  8.004029E-06 -4.482424E-06
201022  7.243030E-06 -1.914763E-06
201023 -1.910003E-06  2.575764E-06
201024 -9.061597E-06  3.494847E-06
201025 -3.811391E-06 -1.064059E-07
201026  7.466948E-06 -3.142047E-06
201027  7.088921E-06 -1.179924E-06
201028 -5.524335E-06  2.242126E-06
201029 -8.465071E-06  1.465137E-06
201030  4.710332E-06 -1.575539E-06
201031  9.174542E-06 -1.547030E-06
201032 -4.787486E-06  1.090676E-06
201033 -9.608116E-06  1.747835E-06
201034  5.227671E-06 -6.731261E-07
201035  9.767853E-06 -2.220159E-06
201036 -5.691334E-06  1.905853E-07
201037 -1.091462E-05  3.203305E-06
201038  4.106827E-06  8.371142E-07
201039  1.270626E-05 -4.748112E-06
201040  2.078598E-06 -4.744252E-06
201041 -1.099566E-05  2.526333E-06
201042 -1.246914E-05  9.248906E-06
201043 -6.051227E-06  1.051536E-05
201044  3.165022E-08  8.518319E-06
201045  2.189864E-06  7.305399E-06
201046  4.779950E-08  8.507576E-06
201047 -6.028346E-06  1.051142E-05
201048 -1.246810E-05  9.250353E-06
201049 -1.099380E-05  2.540956E-06
201050  2.075055E-06 -4.731002E-06
201051  1.269620E-05 -4.721027E-06
201052  4.115058E-06  8.598314E-07
201053 -1.094366E-05  3.200575E-06
201054 -5.746976E-06  1.480113E-07
201055  9.737198E-06 -2.288303E-06
201056  5.247788E-06 -6.401807E-07
201057 -9.530233E-06  1.791466E-06
201058 -4.741451E-06  1.095180E-06
201059  9.187035E-06 -1.571021E-06
201060  4.646149E-06 -1.602836E-06
201061 -8.500269E-06  1.491166E-06
201062 -5.529922E-06  2.242490E-06
201063  7.087375E-06 -1.155388E-06
201064  7.465419E-06 -3.134765E-06
201065 -3.860100E-06 -1.146390E-07
201066 -9.100841E-06  3.559294E-06
201067 -1.884055E-06  2.594740E-06
201068  7.249013E-06 -1.870878E-06
201069  7.975617E-06 -4.465009E-06
201070  1.015927E-06 -2.688167E-06
201071 -6.183374E-06  1.656860E-06
201072 -8.428730E-06  4.771048E-06
201073 -5.714816E-06  4.904716E-06
201074 -7.633159E-07  2.946806E-06
201075  3.839497E-06 -1.502221E-07
201076  6.999404E-06 -3.175650E-06
201077  8.317942E-06 -5.005840E-06
201078  7.838286E-06 -5.422963E-06
201079  6.749161E-06 -5.420158E-06
201080  6.264233E-06 -5.873237E-06
201081  1.453145E-06 -5.261718E-06
201082  1.461051E-06 -5.300643E-06
201083  2.186204E-06 -5.453343E-06
201084  4.229791E-06 -5.412909E-06
201085  6.693192E-06 -5.098026E-06
201086  8.077770E-06 -4.146496E-06
201087  7.760016E-06 -1.876440E-06
201088  5.207877E-06  1.302985E-06
201089  1.261089E-07  4.032451E-06
201090 -5.774645E-06  4.760221E-06
201091 -8.605542E-06  2.281616E-06
201092 -4.965728E-06 -1.923926E-06
201093  3.486740E-06 -4.180327E-06
201094  8.846767E-06 -1.957361E-06
201095  4.236143E-06  2.431764E-06
201096 -5.906617E-06  3.205401E-06
201097 -8.090915E-06 -5.813564E-07
201098  1.961576E-06 -3.003614E-06
201099  9.146082E-06 -8.458597E-08
201100  8.223276E-07  2.635940E-06
201101 -9.063880E-06  7.847837E-08
201102 -1.908104E-06 -2.153553E-06
201103  9.228795E-06  4.460059E-07
201104  2.063286E-06  1.765917E-06
201105 -9.760944E-06 -1.012334E-06
201106 -2.033958E-06 -1.253887E-06
201107  1.020029E-05  1.264079E-06
201108  2.355978E-06  4.121949E-07
201109 -1.077021E-05 -1.227626E-06
201110 -4.792037E-06  4.627933E-07
201111  9.781944E-06  1.080142E-06
201112  1.046121E-05 -1.726409E-06
201113 -1.668191E-06 -2.705026E-06
201114 -1.155720E-05  3.064437E-07
201115 -1.336742E-05  4.049286E-06
201116 -1.116572E-05  6.030212E-06
201117 -9.878734E-06  6.489841E-06
201118 -1.114752E-05  6.028180E-06
201119 -1.334020E-05  4.048835E-06
201120 -1.155079E-05  2.996714E-07
201121 -1.663107E-06 -2.704866E-06
201122  1.046150E-05 -1.718629E-06
201123  9.772203E-06  1.120375E-06
201124 -4.786014E-06  4.989591E-07
201125 -1.079484E-05 -1.241550E-06
201126  2.321122E-06  3.622487E-07
201127  1.020306E-05  1.204695E-06
201128 -2.004286E-06 -1.218709E-06
201129 -9.698215E-06 -9.628291E-07
201130  2.085908E-06  1.762398E-06
201131  9.225084E-06  4.225056E-07
201132 -1.948761E-06 -2.182664E-06
201133 -9.082281E-06  1.014575E-07
201134  8.222993E-07  2.644469E-06
201135  9.145911E-06 -5.699113E-08
201136  1.967212E-06 -2.991224E-06
201137 -8.111535E-06 -5.954649E-07
201138 -5.932903E-06  3.237139E-06
201139  4.247667E-06  2.429111E-06
201140  8.825068E-06 -1.924432E-06
201141  3.458197E-06 -4.151809E-06
201142 -5.012410E-06 -1.948053E-06
201143 -8.679348E-06  2.331247E-06
201144 -5.799721E-06  4.815359E-06
201145  1.312330E-07  4.074754E-06
201146  5.186035E-06  1.317791E-06
201147  7.760263E-06 -1.883461E-06
201148  8.106076E-06 -4.126387E-06
201149  6.717784E-06 -5.109156E-06
201150  4.252108E-06 -5.437863E-06
201151  2.200262E-06 -5.473793E-06
201152  1.470609E-06 -5.338775E-06
201153 -2.780667E-06 -4.496291E-06
201154 -2.680293E-06 -4.832067E-06
201155 -1.869467E-06 -5.268825E-06
201156  3.341861E-07 -4.967231E-06
201157  3.583516E-06 -4.317031E-06
201158  6.727970E-06 -3.504915E-06
201159  8.714633E-06 -1.596953E-06
201160  8.374250E-06  1.445237E-06
201161  4.487498E-06  4.045638E-06
201162 -2.345185E-06  4.369521E-06
201163 -8.256447E-06  1.560702E-06
201164 -8.088506E-06 -2.603854E-06
201165 -5.978245E-07 -4.214697E-06
201166  7.814171E-06 -1.105420E-06
201167  7.467100E-06  3.440165E-06
201168 -2.368037E-06  3.119061E-06
201169 -9.086462E-06 -1.963804E-06
201170 -2.146442E-06 -3.721519E-06
201171  8.382626E-06  1.297856E-06
201172  4.701973E-06  4.029467E-06
201173 -7.416436E-06 -1.155143E-06
201174 -5.662556E-06 -3.846437E-06
201175  7.162187E-06  1.869541E-06
201176  5.845334E-06  3.629516E-06
201177 -7.590278E-06 -2.906279E-06
201178 -6.007161E-06 -3.225344E-06
201179  8.088937E-06  3.694365E-06
201180  6.789691E-06  2.479512E-06
201181 -8.084048E-06 -4.153103E-06
201182 -9.237893E-06 -2.132911E-06
201183  5.428854E-06  4.188697E-06
201184  1.325384E-05  2.879454E-06
201185  5.100595E-06 -3.132716E-06
201186 -7.610878E-06 -5.296122E-06
201187 -1.457067E-05 -2.885619E-06
201188 -1.583365E-05  1.426403E-07
201189 -1.560555E-05  1.301704E-06
201190 -1.582287E-05  1.456306E-07
201191 -1.455258E-05 -2.885000E-06
201192 -7.602733E-06 -5.305503E-06
201193  5.108052E-06 -3.139674E-06
201194  1.325597E-05  2.879372E-06
201195  5.415250E-06  4.217963E-06
201196 -9.239132E-06 -2.106262E-06
201197 -8.091604E-06 -4.167660E-06
201198  6.781089E-06  2.447743E-06
201199  8.103008E-06  3.662321E-06
201200 -5.992244E-06 -3.199770E-06
201201 -7.560328E-06 -2.871768E-06
201202  5.854018E-06  3.622886E-06
201203  7.159351E-06  1.857470E-06
201204 -5.676445E-06 -3.868413E-06
201205 -7.424577E-06 -1.141665E-06
201206  4.700166E-06  4.038515E-06
201207  8.379800E-06  1.319629E-06
201208 -2.143108E-06 -3.712313E-06
201209 -9.089179E-06 -1.977788E-06
201210 -2.380803E-06  3.125972E-06
201211  7.474968E-06  3.427634E-06
201212  7.791321E-06 -1.087513E-06
201213 -6.164884E-07 -4.195030E-06
201214 -8.110501E-06 -2.611210E-06
201215 -8.296529E-06  1.576659E-06
201216 -2.353513E-06  4.395998E-06
201217  4.485928E-06  4.068139E-06
201218  8.363228E-06  1.447269E-06
201219  8.721966E-06 -1.594776E-06
201220  6.746185E-06 -3.493327E-06
201221  3.604838E-06 -4.320149E-06
201222  3.441339E-07 -4.980819E-06
201223 -1.858366E-06 -5.282725E-06
201224 -2.674883E-06 -4.856481E-06
