Mesh2HRTF 0.1.2
    1
    1  1225
200000 -1.584460E-05 -2.935341E-05
200001  8.428051E-07  1.453878E-05
200002  7.772373E-07  1.442350E-05
200003  5.849589E-07  1.407656E-05
200004  2.653472E-07  1.349094E-05
200005 -1.823443E-07  1.265561E-05
200006 -7.585525E-07  1.155655E-05
200007 -1.462801E-06  1.017825E-05
200008 -2.292937E-06  8.505492E-06
200009 -3.244242E-06  6.525629E-06
200010 -4.308458E-06  4.231104E-06
200011 -5.472806E-06  1.622178E-06
200012 -6.719105E-06 -1.290315E-06
200013 -8.023102E-06 -4.482436E-06
200014 -9.354155E-06 -7.915085E-06
200015 -1.067541E-05 -1.153276E-05
200016 -1.194455E-05 -1.526344E-05
200017 -1.311526E-05 -1.901985E-05
200018 -1.413932E-05 -2.270228E-05
200019 -1.496933E-05 -2.620309E-05
200020 -1.556183E-05 -2.941250E-05
200021 -1.588064E-05 -3.222566E-05
200022 -1.590006E-05 -3.455012E-05
200023 -1.560755E-05 -3.631315E-05
200024 -1.500567E-05 -3.746818E-05
200025 -1.411284E-05 -3.799945E-05
200026 -1.296293E-05 -3.792440E-05
200027 -1.160362E-05 -3.729343E-05
200028 -1.009363E-05 -3.618688E-05
200029 -8.499159E-06 -3.470972E-05
200030 -6.889900E-06 -3.298429E-05
200031 -5.335107E-06 -3.114207E-05
200032 -3.899993E-06 -2.931521E-05
200033 -2.642834E-06 -2.762856E-05
200034 -1.612876E-06 -2.619283E-05
200035 -8.490299E-07 -2.509917E-05
200036 -3.792357E-07 -2.441523E-05
200037 -2.202425E-07 -2.418254E-05
200038 -3.775979E-07 -2.441510E-05
200039 -8.456661E-07 -2.509892E-05
200040 -1.607615E-06 -2.619249E-05
200041 -2.635432E-06 -2.762816E-05
200042 -3.890146E-06 -2.931479E-05
200043 -5.322471E-06 -3.114164E-05
200044 -6.874116E-06 -3.298384E-05
200045 -8.479875E-06 -3.470924E-05
200046 -1.007054E-05 -3.618631E-05
200047 -1.157646E-05 -3.729269E-05
200048 -1.293154E-05 -3.792339E-05
200049 -1.407716E-05 -3.799804E-05
200050 -1.496579E-05 -3.746623E-05
200051 -1.556367E-05 -3.631053E-05
200052 -1.585251E-05 -3.454671E-05
200053 -1.582989E-05 -3.222137E-05
200054 -1.550846E-05 -2.940725E-05
200055 -1.491401E-05 -2.619685E-05
200056 -1.408279E-05 -2.269508E-05
200057 -1.305828E-05 -1.901173E-05
200058 -1.188789E-05 -1.525452E-05
200059 -1.061983E-05 -1.152319E-05
200060 -9.300375E-06 -7.905042E-06
200061 -7.971758E-06 -4.472133E-06
200062 -6.670763E-06 -1.279978E-06
200063 -5.427940E-06  1.632322E-06
200064 -4.267454E-06  4.240831E-06
200065 -3.207398E-06  6.534736E-06
200066 -2.260469E-06  8.513798E-06
200067 -1.434854E-06  1.018560E-05
200068 -7.352164E-07  1.156283E-05
200069 -1.636649E-07  1.266072E-05
200070  2.793530E-07  1.349482E-05
200071  5.942906E-07  1.407917E-05
200072  7.819008E-07  1.442481E-05
200073  1.006200E-05  2.030893E-05
200074  1.006566E-05  2.042744E-05
200075  1.007467E-05  2.077622E-05
200076  1.008028E-05  2.132812E-05
200077  1.006662E-05  2.203676E-05
200078  1.000918E-05  2.283471E-05
200079  9.873409E-06  2.363150E-05
200080  9.614225E-06  2.431195E-05
200081  9.177000E-06  2.473574E-05
200082  8.500572E-06  2.473966E-05
200083  7.522682E-06  2.414373E-05
200084  6.187911E-06  2.276278E-05
200085  4.457856E-06  2.042409E-05
200086  2.322796E-06  1.699118E-05
200087 -1.864752E-07  1.239212E-05
200088 -2.988556E-06  6.649377E-06
200089 -5.945426E-06 -9.349732E-08
200090 -8.862989E-06 -7.554180E-06
200091 -1.150022E-05 -1.530908E-05
200092 -1.358797E-05 -2.281124E-05
200093 -1.485683E-05 -2.943138E-05
200094 -1.507137E-05 -3.452099E-05
200095 -1.406624E-05 -3.749121E-05
200096 -1.177770E-05 -3.789674E-05
200097 -8.264148E-06 -3.551010E-05
200098 -3.709903E-06 -3.037081E-05
200099  1.590861E-06 -2.279672E-05
200100  7.269268E-06 -1.335133E-05
200101  1.293100E-05 -2.769978E-06
200102  1.821093E-05  8.142231E-06
200103  2.282222E-05  1.862020E-05
200104  2.658952E-05  2.803280E-05
200105  2.945869E-05  3.594070E-05
200106  3.148097E-05  4.210684E-05
200107  3.277550E-05  4.646135E-05
200108  3.347962E-05  4.903512E-05
200109  3.369985E-05  4.988542E-05
200110  3.347612E-05  4.903839E-05
200111  3.276869E-05  4.646749E-05
200112  3.147132E-05  4.211517E-05
200113  2.944691E-05  3.595030E-05
200114  2.657667E-05  2.804272E-05
200115  2.280969E-05  1.862955E-05
200116  1.820040E-05  8.150339E-06
200117  1.292437E-05 -2.763469E-06
200118  7.268459E-06 -1.334645E-05
200119  1.597696E-06 -2.279317E-05
200120 -3.693919E-06 -3.036804E-05
200121 -8.237979E-06 -3.550736E-05
200122 -1.174090E-05 -3.789320E-05
200123 -1.401901E-05 -3.748603E-05
200124 -1.501455E-05 -3.451338E-05
200125 -1.479182E-05 -2.942069E-05
200126 -1.351667E-05 -2.279696E-05
200127 -1.142480E-05 -1.529090E-05
200128 -8.785806E-06 -7.532010E-06
200129 -5.868812E-06 -6.747686E-08
200130 -2.914684E-06  6.678851E-06
200131 -1.172315E-07  1.242440E-05
200132  2.385909E-06  1.702539E-05
200133  4.513780E-06  2.045917E-05
200134  6.236049E-06  2.279756E-05
200135  7.562883E-06  2.417703E-05
200136  8.533086E-06  2.477041E-05
200137  9.202404E-06  2.476308E-05
200138  9.633338E-06  2.433529E-05
200139  9.887199E-06  2.365059E-05
200140  1.001867E-05  2.284960E-05
200141  1.007281E-05  2.204778E-05
200142  1.008406E-05  2.133573E-05
200143  1.007676E-05  2.078093E-05
200144  1.006657E-05  2.042968E-05
200145 -2.459166E-08 -1.006159E-05
200146  3.616618E-08 -9.850798E-06
200147  2.210432E-07 -9.215495E-06
200148  5.555998E-07 -8.141147E-06
200149  1.073203E-06 -6.602979E-06
200150  1.803289E-06 -4.568460E-06
200151  2.758710E-06 -2.005047E-06
200152  3.924234E-06  1.104471E-06
200153  5.247503E-06  4.738364E-06
200154  6.633089E-06  8.806054E-06
200155  7.940391E-06  1.311708E-05
200156  8.986880E-06  1.735703E-05
200157  9.559277E-06  2.108031E-05
200158  9.435683E-06  2.372975E-05
200159  8.420611E-06  2.469060E-05
200160  6.391834E-06  2.338148E-05
200161  3.353287E-06  1.937738E-05
200162 -5.168942E-07  1.254956E-05
200163 -4.838006E-06  3.196720E-06
200164 -9.033699E-06 -7.867824E-06
200165 -1.238602E-05 -1.931162E-05
200166 -1.413959E-05 -2.939364E-05
200167 -1.364606E-05 -3.620266E-05
200168 -1.052451E-05 -3.800384E-05
200169 -4.801343E-06 -3.363437E-05
200170  3.011660E-06 -2.285509E-05
200171  1.193671E-05 -6.549685E-06
200172  2.066398E-05  1.331879E-05
200173  2.778890E-05  3.403121E-05
200174  3.211006E-05  5.267236E-05
200175  3.291903E-05  6.680107E-05
200176  3.020433E-05  7.504711E-05
200177  2.470420E-05  7.744866E-05
200178  1.777748E-05  7.540519E-05
200179  1.111039E-05  7.123327E-05
200180  6.324992E-06  6.744202E-05
200181  4.587929E-06  6.594464E-05
200182  6.322924E-06  6.745366E-05
200183  1.110541E-05  7.125492E-05
200184  1.776826E-05  7.543395E-05
200185  2.468949E-05  7.748086E-05
200186  3.018361E-05  7.507901E-05
200187  3.289297E-05  6.682949E-05
200188  3.208070E-05  5.269518E-05
200189  2.775943E-05  3.404762E-05
200190  2.063824E-05  1.332926E-05
200191  1.191851E-05 -6.543681E-06
200192  3.004130E-06 -2.285148E-05
200193 -4.796246E-06 -3.363093E-05
200194 -1.050623E-05 -3.799858E-05
200195 -1.361542E-05 -3.619407E-05
200196 -1.409855E-05 -2.938066E-05
200197 -1.233735E-05 -1.929362E-05
200198 -8.980599E-06 -7.844369E-06
200199 -4.783819E-06  3.225963E-06
200200 -4.648266E-07  1.258490E-05
200201  3.400370E-06  1.941904E-05
200202  6.431574E-06  2.342941E-05
200203  8.451282E-06  2.474423E-05
200204  9.456280E-06  2.378784E-05
200205  9.569545E-06  2.114086E-05
200206  8.987273E-06  1.741740E-05
200207  7.931980E-06  1.317426E-05
200208  6.617414E-06  8.857101E-06
200209  5.226425E-06  4.780848E-06
200210  3.899778E-06  1.136901E-06
200211  2.732936E-06 -1.982960E-06
200212  1.778191E-06 -4.555762E-06
200213  1.050616E-06 -6.597674E-06
200214  5.371245E-07 -8.140607E-06
200215  2.079667E-07 -9.217018E-06
200216  2.939383E-08 -9.852178E-06
200217 -6.650864E-06 -1.651039E-05
200218 -6.721831E-06 -1.657927E-05
200219 -6.913860E-06 -1.679575E-05
200220 -7.146517E-06 -1.715476E-05
200221 -7.308786E-06 -1.762358E-05
200222 -7.283686E-06 -1.811420E-05
200223 -6.967632E-06 -1.845900E-05
200224 -6.279743E-06 -1.840115E-05
200225 -5.163421E-06 -1.761087E-05
200226 -3.588459E-06 -1.573324E-05
200227 -1.562971E-06 -1.246609E-05
200228  8.408522E-07 -7.657581E-06
200229  3.453040E-06 -1.406718E-06
200230  5.980073E-06  5.855001E-06
200231  8.008106E-06  1.332469E-05
200232  9.052865E-06  1.985765E-05
200233  8.661859E-06  2.409033E-05
200234  6.556554E-06  2.467365E-05
200235  2.783171E-06  2.061158E-05
200236 -2.173858E-06  1.166053E-05
200237 -7.366960E-06 -1.307400E-06
200238 -1.149158E-05 -1.611940E-05
200239 -1.314063E-05 -2.944738E-05
200240 -1.118303E-05 -3.738374E-05
200241 -5.191339E-06 -3.642274E-05
200242  4.201341E-06 -2.465002E-05
200243  1.515411E-05 -2.781375E-06
200244  2.479422E-05  2.537770E-05
200245  2.975362E-05  5.339237E-05
200246  2.699031E-05  7.365799E-05
200247  1.470227E-05  7.956822E-05
200248 -6.932967E-06  6.775666E-05
200249 -3.545450E-05  3.961695E-05
200250 -6.641204E-05  1.440841E-06
200251 -9.424888E-05 -3.705912E-05
200252 -1.135747E-04 -6.549369E-05
200253 -1.204874E-04 -7.594922E-05
200254 -1.135651E-04 -6.547497E-05
200255 -9.423321E-05 -3.702500E-05
200256 -6.639584E-05  1.484501E-06
200257 -3.544374E-05  3.966296E-05
200258 -6.931982E-06  6.779808E-05
200259  1.469220E-05  7.959975E-05
200260  2.697135E-05  7.367699E-05
200261  2.973066E-05  5.339920E-05
200262  2.477328E-05  2.537542E-05
200263  1.514052E-05 -2.788021E-06
200264  4.198281E-06 -2.465588E-05
200265 -5.183494E-06 -3.642352E-05
200266 -1.116644E-05 -3.737688E-05
200267 -1.311901E-05 -2.943239E-05
200268 -1.146900E-05 -1.609750E-05
200269 -7.346831E-06 -1.280720E-06
200270 -2.158455E-06  1.168991E-05
200271  2.792687E-06  2.064246E-05
200272  6.559807E-06  2.470619E-05
200273  8.658876E-06  2.412592E-05
200274  9.043829E-06  1.989829E-05
200275  7.993311E-06  1.337213E-05
200276  5.959990E-06  5.909827E-06
200277  3.428387E-06 -1.345687E-06
200278  8.125741E-07 -7.593403E-06
200279 -1.593824E-06 -1.240328E-05
200280 -3.620875E-06 -1.567694E-05
200281 -5.196526E-06 -1.756575E-05
200282 -6.312766E-06 -1.837044E-05
200283 -6.999767E-06 -1.844372E-05
200284 -7.313925E-06 -1.811289E-05
200285 -7.335824E-06 -1.763249E-05
200286 -7.168809E-06 -1.716868E-05
200287 -6.929833E-06 -1.680905E-05
200288 -6.730185E-06 -1.658726E-05
200289 -3.792993E-07  5.448352E-06
200290 -5.572650E-07  5.308222E-06
200291 -1.060427E-06  4.837054E-06
200292 -1.789804E-06  3.927905E-06
200293 -2.629221E-06  2.437686E-06
200294 -3.490118E-06  2.385506E-07
200295 -4.331141E-06 -2.715616E-06
200296 -5.138904E-06 -6.322910E-06
200297 -5.877957E-06 -1.028890E-05
200298 -6.437932E-06 -1.412256E-05
200299 -6.613324E-06 -1.717989E-05
200300 -6.140999E-06 -1.874932E-05
200301 -4.795451E-06 -1.816816E-05
200302 -2.513161E-06 -1.496361E-05
200303  5.016968E-07 -9.018029E-06
200304  3.738800E-06 -7.498117E-07
200305  6.442420E-06  8.731311E-06
200306  7.776664E-06  1.758359E-05
200307  7.072023E-06  2.342809E-05
200308  4.102790E-06  2.387410E-05
200309 -6.810628E-07  1.735931E-05
200310 -6.064686E-06  4.106957E-06
200311 -1.021958E-05 -1.318233E-05
200312 -1.115253E-05 -2.936662E-05
200313 -7.416053E-06 -3.796467E-05
200314  1.086263E-06 -3.329839E-05
200315  1.248380E-05 -1.313574E-05
200316  2.283262E-05  1.916483E-05
200317  2.674186E-05  5.414283E-05
200318  1.872533E-05  7.811377E-05
200319 -5.024536E-06  7.732106E-05
200320 -4.498509E-05  4.317352E-05
200321 -9.738820E-05 -2.340162E-05
200322 -1.544913E-04 -1.104867E-04
200323 -2.061193E-04 -1.976737E-04
200324 -2.421210E-04 -2.620692E-04
200325 -2.550304E-04 -2.857797E-04
200326 -2.421065E-04 -2.620536E-04
200327 -2.060953E-04 -1.976465E-04
200328 -1.544660E-04 -1.104543E-04
200329 -9.736979E-05 -2.337212E-05
200330 -4.497885E-05  4.319287E-05
200331 -5.030936E-06  7.732533E-05
200332  1.871083E-05  7.810167E-05
200333  2.672704E-05  5.411715E-05
200334  2.282552E-05  1.913190E-05
200335  1.248953E-05 -1.316763E-05
200336  1.104910E-06 -3.332110E-05
200337 -7.389475E-06 -3.797237E-05
200338 -1.112621E-05 -2.935725E-05
200339 -1.020184E-05 -1.315790E-05
200340 -6.061129E-06  4.141170E-06
200341 -6.930556E-07  1.739645E-05
200342  4.077828E-06  2.390772E-05
200343  7.039013E-06  2.345391E-05
200344  7.740906E-06  1.760057E-05
200345  6.408143E-06  8.741676E-06
200346  3.708641E-06 -7.414843E-07
200347  4.769244E-07 -9.006472E-06
200348 -2.532099E-06 -1.494465E-05
200349 -4.808518E-06 -1.814005E-05
200350 -6.148498E-06 -1.871323E-05
200351 -6.616118E-06 -1.713955E-05
200352 -6.437684E-06 -1.408320E-05
200353 -5.877098E-06 -1.025594E-05
200354 -5.140140E-06 -6.300736E-06
200355 -4.336614E-06 -2.706620E-06
200356 -3.500564E-06  2.345491E-07
200357 -2.643537E-06  2.423583E-06
200358 -1.805269E-06  3.908866E-06
200359 -1.073519E-06  4.819382E-06
200360 -5.647634E-07  5.297665E-06
200361  5.599454E-06  1.443271E-05
200362  5.499910E-06  1.455926E-05
200363  5.230041E-06  1.489804E-05
200364  4.886274E-06  1.534105E-05
200365  4.550529E-06  1.569020E-05
200366  4.217808E-06  1.566002E-05
200367  3.766163E-06  1.491955E-05
200368  2.994870E-06  1.316925E-05
200369  1.723627E-06  1.022483E-05
200370 -8.749772E-08  6.077527E-06
200371 -2.254448E-06  9.223650E-07
200372 -4.369053E-06 -4.826580E-06
200373 -5.895051E-06 -1.050980E-05
200374 -6.330855E-06 -1.519510E-05
200375 -5.382982E-06 -1.771617E-05
200376 -3.095804E-06 -1.687614E-05
200377  9.496172E-08 -1.187519E-05
200378  3.398441E-06 -2.894049E-06
200379  5.806294E-06  8.403757E-06
200380  6.347613E-06  1.880354E-05
200381  4.452933E-06  2.421349E-05
200382  3.466214E-07  2.113186E-05
200383 -4.709861E-06  8.532939E-06
200384 -8.549969E-06 -1.062817E-05
200385 -8.759084E-06 -2.927100E-05
200386 -3.785899E-06 -3.809261E-05
200387  5.849632E-06 -2.938947E-05
200388  1.681179E-05 -1.570343E-06
200389  2.319640E-05  3.772661E-05
200390  1.798053E-05  7.201159E-05
200391 -4.620493E-06  8.075592E-05
200392 -4.665927E-05  4.752824E-05
200393 -1.048018E-04 -3.168568E-05
200394 -1.702930E-04 -1.439535E-04
200395 -2.307736E-04 -2.615211E-04
200396 -2.734921E-04 -3.506351E-04
200397 -2.889075E-04 -3.838511E-04
200398 -2.734895E-04 -3.506333E-04
200399 -2.307709E-04 -2.615194E-04
200400 -1.702941E-04 -1.439552E-04
200401 -1.048097E-04 -3.169442E-05
200402 -4.667455E-05  4.750930E-05
200403 -4.640509E-06  8.072500E-05
200404  1.796141E-05  7.196914E-05
200405  2.318523E-05  3.767608E-05
200406  1.681450E-05 -1.622433E-06
200407  5.867964E-06 -2.943464E-05
200408 -3.756242E-06 -3.812263E-05
200409 -8.727940E-06 -2.928034E-05
200410 -8.529362E-06 -1.061569E-05
200411 -4.709213E-06  8.563705E-06
200412  3.243132E-07  2.117372E-05
200413  4.411985E-06  2.425734E-05
200414  6.297311E-06  1.884037E-05
200415  5.756869E-06  8.426685E-06
200416  3.357625E-06 -2.888202E-06
200417  6.660191E-08 -1.188525E-05
200418 -3.111099E-06 -1.689723E-05
200419 -5.386274E-06 -1.774149E-05
200420 -6.323548E-06 -1.521815E-05
200421 -5.878367E-06 -1.052604E-05
200422 -4.344285E-06 -4.834154E-06
200423 -2.223672E-06  9.230149E-07
200424 -5.424950E-08  6.084471E-06
200425  1.754297E-06  1.023544E-05
200426  3.017356E-06  1.318061E-05
200427  3.776089E-06  1.492858E-05
200428  4.213827E-06  1.566399E-05
200429  4.535142E-06  1.568769E-05
200430  4.865219E-06  1.533308E-05
200431  5.210496E-06  1.488832E-05
200432  5.488274E-06  1.455267E-05
200433  2.647732E-06 -3.157218E-08
200434  2.672908E-06  1.779317E-07
200435  2.769990E-06  8.453738E-07
200436  3.031829E-06  2.064829E-06
200437  3.535017E-06  3.891192E-06
200438  4.263761E-06  6.251972E-06
200439  5.067533E-06  8.914614E-06
200440  5.677782E-06  1.151928E-05
200441  5.784930E-06  1.363971E-05
200442  5.150347E-06  1.482289E-05
200443  3.708455E-06  1.459678E-05
200444  1.614457E-06  1.249779E-05
200445 -7.806684E-07  8.199457E-06
200446 -3.008240E-06  1.777256E-06
200447 -4.574030E-06 -5.971867E-06
200448 -5.044623E-06 -1.335819E-05
200449 -4.147705E-06 -1.801409E-05
200450 -1.915059E-06 -1.761867E-05
200451  1.160286E-06 -1.100393E-05
200452  4.075246E-06  7.795083E-07
200453  5.535818E-06  1.404581E-05
200454  4.500732E-06  2.324542E-05
200455  8.779670E-07  2.305364E-05
200456 -4.015299E-06  1.121488E-05
200457 -7.647950E-06 -9.129395E-06
200458 -7.291662E-06 -2.919665E-05
200459 -1.572001E-06 -3.743463E-05
200460  8.149439E-06 -2.509342E-05
200461  1.737353E-05  7.739818E-06
200462  1.952013E-05  4.902204E-05
200463  8.255568E-06  7.734272E-05
200464 -1.976387E-05  7.045871E-05
200465 -6.289616E-05  1.654837E-05
200466 -1.141938E-04 -7.742635E-05
200467 -1.630194E-04 -1.853707E-04
200468 -1.980791E-04 -2.711983E-04
200469 -2.108282E-04 -3.038770E-04
200470 -1.980912E-04 -2.712119E-04
200471 -1.630402E-04 -1.853970E-04
200472 -1.142172E-04 -7.746317E-05
200473 -6.291471E-05  1.650442E-05
200474 -1.977213E-05  7.041116E-05
200475  8.259080E-06  7.729408E-05
200476  1.953310E-05  4.897362E-05
200477  1.739221E-05  7.693010E-06
200478  8.170707E-06 -2.513558E-05
200479 -1.550852E-06 -3.746728E-05
200480 -7.274788E-06 -2.921472E-05
200481 -7.641832E-06 -9.129863E-06
200482 -4.026679E-06  1.123167E-05
200483  8.462344E-07  2.308438E-05
200484  4.452845E-06  2.328490E-05
200485  5.482385E-06  1.408767E-05
200486  4.028743E-06  8.166244E-07
200487  1.129512E-06 -1.097861E-05
200488 -1.927872E-06 -1.761030E-05
200489 -4.145658E-06 -1.802421E-05
200490 -5.032551E-06 -1.338437E-05
200491 -4.555520E-06 -6.009051E-06
200492 -2.984862E-06  1.734735E-06
200493 -7.527753E-07  8.156443E-06
200494  1.646582E-06  1.245793E-05
200495  3.743597E-06  1.456298E-05
200496  5.185440E-06  1.479785E-05
200497  5.814731E-06  1.362587E-05
200498  5.695968E-06  1.151777E-05
200499  5.069221E-06  8.923623E-06
200500  4.248084E-06  6.266071E-06
200501  3.506129E-06  3.903224E-06
200502  2.997797E-06  2.069890E-06
200503  2.740298E-06  8.439187E-07
200504  2.655725E-06  1.748707E-07
200505 -3.203615E-06 -1.238933E-05
200506 -3.157264E-06 -1.245476E-05
200507 -3.012348E-06 -1.255863E-05
200508 -2.706447E-06 -1.243384E-05
200509 -2.168550E-06 -1.176112E-05
200510 -1.351708E-06 -1.029157E-05
200511 -2.602849E-07 -7.913015E-06
200512  1.029163E-06 -4.644243E-06
200513  2.359704E-06 -6.034411E-07
200514  3.510140E-06  3.976720E-06
200515  4.236888E-06  8.657164E-06
200516  4.326109E-06  1.268214E-05
200517  3.640773E-06  1.498138E-05
200518  2.169206E-06  1.440723E-05
200519  9.374913E-08  1.022107E-05
200520 -2.136304E-06  2.677518E-06
200521 -3.811391E-06 -6.583482E-06
200522 -4.156898E-06 -1.465220E-05
200523 -2.731213E-06 -1.815683E-05
200524  1.499436E-07 -1.466731E-05
200525  3.280220E-06 -4.233095E-06
200526  4.966336E-06  9.723761E-06
200527  3.909688E-06  2.098453E-05
200528  1.378524E-07  2.294867E-05
200529 -4.616730E-06  1.226963E-05
200530 -7.503293E-06 -8.037230E-06
200531 -6.003492E-06 -2.825065E-05
200532  4.257855E-07 -3.570152E-05
200533  9.455922E-06 -2.169202E-05
200534  1.640001E-05  1.189430E-05
200535  1.607084E-05  5.071923E-05
200536  5.147238E-06  7.339728E-05
200537 -1.611120E-05  6.251644E-05
200538 -4.362311E-05  1.550551E-05
200539 -7.076989E-05 -5.144291E-05
200540 -9.056106E-05 -1.098167E-04
200541 -9.779812E-05 -1.329000E-04
200542 -9.057132E-05 -1.098390E-04
200543 -7.078235E-05 -5.148528E-05
200544 -4.362356E-05  1.544849E-05
200545 -1.608500E-05  6.245309E-05
200546  5.206517E-06  7.333644E-05
200547  1.615535E-05  5.066710E-05
200548  1.648995E-05  1.185313E-05
200549  9.529354E-06 -2.172250E-05
200550  4.687780E-07 -3.572143E-05
200551 -5.993363E-06 -2.825874E-05
200552 -7.520863E-06 -8.032357E-06
200553 -4.654898E-06  1.228639E-05
200554  8.558919E-08  2.297375E-05
200555  3.850665E-06  2.101413E-05
200556  4.910748E-06  9.755909E-06
200557  3.239935E-06 -4.199131E-06
200558  1.335612E-07 -1.463371E-05
200559 -2.723409E-06 -1.812851E-05
200560 -4.133198E-06 -1.463500E-05
200561 -3.783115E-06 -6.581070E-06
200562 -2.110925E-06  2.664862E-06
200563  1.151870E-07  1.019527E-05
200564  2.189426E-06  1.437074E-05
200565  3.662321E-06  1.493673E-05
200566  4.349741E-06  1.263240E-05
200567  4.261859E-06  8.606464E-06
200568  3.534126E-06  3.930449E-06
200569  2.378214E-06 -6.389023E-07
200570  1.036415E-06 -4.663207E-06
200571 -2.684819E-07 -7.914026E-06
200572 -1.375226E-06 -1.028044E-05
200573 -2.202566E-06 -1.174929E-05
200574 -2.743166E-06 -1.243104E-05
200575 -3.043205E-06 -1.256541E-05
200576 -3.174876E-06 -1.246258E-05
200577 -4.408402E-06 -7.306472E-06
200578 -4.412801E-06 -7.613460E-06
200579 -4.443951E-06 -8.488438E-06
200580 -4.501248E-06 -9.734410E-06
200581 -4.565843E-06 -1.108101E-05
200582 -4.570741E-06 -1.225060E-05
200583 -4.382388E-06 -1.298712E-05
200584 -3.831107E-06 -1.303128E-05
200585 -2.792015E-06 -1.207986E-05
200586 -1.271877E-06 -9.802579E-06
200587  5.485280E-07 -5.971552E-06
200588  2.331794E-06 -6.886848E-07
200589  3.645508E-06  5.387263E-06
200590  4.059843E-06  1.096306E-05
200591  3.295571E-06  1.431794E-05
200592  1.416240E-06  1.384052E-05
200593 -1.026408E-06  8.793360E-06
200594 -3.058006E-06  3.405725E-08
200595 -3.662645E-06 -9.707577E-06
200596 -2.364923E-06 -1.639666E-05
200597  3.291032E-07 -1.625364E-05
200598  2.995268E-06 -7.904823E-06
200599  3.964521E-06  5.945061E-06
200600  2.318180E-06  1.867749E-05
200601 -1.365404E-06  2.251345E-05
200602 -5.055512E-06  1.305689E-05
200603 -6.254403E-06 -6.858126E-06
200604 -3.475866E-06 -2.697144E-05
200605  2.661865E-06 -3.433846E-05
200606  9.501445E-06 -2.104375E-05
200607  1.365366E-05  9.807666E-06
200608  1.278959E-05  4.437489E-05
200609  6.809220E-06  6.555574E-05
200610 -2.271332E-06  6.351129E-05
200611 -1.145919E-05  4.230361E-05
200612 -1.807244E-05  1.769287E-05
200613 -2.045183E-05  7.004937E-06
200614 -1.806142E-05  1.767099E-05
200615 -1.143085E-05  4.226085E-05
200616 -2.213272E-06  6.345173E-05
200617  6.909618E-06  6.548754E-05
200618  1.293291E-05  4.430811E-05
200619  1.381940E-05  9.750665E-06
200620  9.652891E-06 -2.108639E-05
200621  2.763793E-06 -3.436511E-05
200622 -3.440009E-06 -2.698132E-05
200623 -6.278102E-06 -6.850502E-06
200624 -5.117758E-06  1.308089E-05
200625 -1.442931E-06  2.254844E-05
200626  2.243457E-06  1.871477E-05
200627  3.904643E-06  5.977687E-06
200628  2.958566E-06 -7.877643E-06
200629  3.210660E-07 -1.622799E-05
200630 -2.344413E-06 -1.636989E-05
200631 -3.622745E-06 -9.682012E-06
200632 -3.014946E-06  5.345152E-08
200633 -9.945677E-07  8.803372E-06
200634  1.433157E-06  1.384064E-05
200635  3.304633E-06  1.430794E-05
200636  4.070641E-06  1.094153E-05
200637  3.662605E-06  5.353088E-06
200638  2.354240E-06 -7.343673E-07
200639  5.734323E-07 -6.025304E-06
200640 -1.247949E-06 -9.859360E-06
200641 -2.774133E-06 -1.213266E-05
200642 -3.825149E-06 -1.307138E-05
200643 -4.391347E-06 -1.300844E-05
200644 -4.592493E-06 -1.225626E-05
200645 -4.594958E-06 -1.108408E-05
200646 -4.531809E-06 -9.747969E-06
200647 -4.470023E-06 -8.512440E-06
200648 -4.428131E-06 -7.633124E-06
200649 -1.141183E-06  5.435084E-06
200650 -1.176029E-06  5.217936E-06
200651 -1.317501E-06  4.507553E-06
200652 -1.612813E-06  3.263744E-06
200653 -2.113520E-06  1.464060E-06
200654 -2.813034E-06 -8.746927E-07
200655 -3.582606E-06 -3.670586E-06
200656 -4.174424E-06 -6.730198E-06
200657 -4.310415E-06 -9.689311E-06
200658 -3.802688E-06 -1.197858E-05
200659 -2.634652E-06 -1.286641E-05
200660 -9.766558E-07 -1.162343E-05
200661  8.402198E-07 -7.818391E-06
200662  2.367978E-06 -1.684166E-06
200663  3.124917E-06  5.600851E-06
200664  2.764250E-06  1.193500E-05
200665  1.307199E-06  1.480638E-05
200666 -7.076280E-07  1.231059E-05
200667 -2.348610E-06  4.376941E-06
200668 -2.728869E-06 -6.434308E-06
200669 -1.546598E-06 -1.532616E-05
200670  6.162107E-07 -1.722736E-05
200671  2.487074E-06 -9.748950E-06
200672  2.779559E-06  4.493051E-06
200673  1.036171E-06  1.809829E-05
200674 -1.893107E-06  2.241207E-05
200675 -4.180608E-06  1.289560E-05
200676 -4.112601E-06 -6.997644E-06
200677 -1.264707E-06 -2.657128E-05
200678  3.135468E-06 -3.365098E-05
200679  7.025020E-06 -2.206579E-05
200680  8.921160E-06  4.263559E-06
200681  8.814627E-06  3.381144E-05
200682  7.849886E-06  5.500563E-05
200683  7.178082E-06  6.340281E-05
200684  7.089737E-06  6.315170E-05
200685  7.170789E-06  6.184177E-05
200686  7.128208E-06  6.313701E-05
200687  7.252453E-06  6.337160E-05
200688  7.960225E-06  5.495753E-05
200689  8.962743E-06  3.375003E-05
200690  9.098938E-06  4.195792E-06
200691  7.204159E-06 -2.213157E-05
200692  3.274083E-06 -3.370668E-05
200693 -1.200159E-06 -2.661004E-05
200694 -4.128522E-06 -7.014302E-06
200695 -4.255612E-06  1.290389E-05
200696 -1.992600E-06  2.244377E-05
200697  9.437289E-07  1.814503E-05
200698  2.713791E-06  4.541063E-06
200699  2.454815E-06 -9.711253E-06
200700  6.156957E-07 -1.720213E-05
200701 -1.520737E-06 -1.530753E-05
200702 -2.684505E-06 -6.417149E-06
200703 -2.298677E-06  4.391717E-06
200704 -6.689291E-07  1.231973E-05
200705  1.323340E-06  1.480997E-05
200706  2.761349E-06  1.193555E-05
200707  3.118707E-06  5.597899E-06
200708  2.373097E-06 -1.695522E-06
200709  8.604188E-07 -7.843004E-06
200710 -9.461887E-07 -1.166202E-05
200711 -2.599974E-06 -1.291666E-05
200712 -3.769344E-06 -1.203770E-05
200713 -4.285981E-06 -9.752632E-06
200714 -4.166727E-06 -6.788138E-06
200715 -3.593455E-06 -3.712104E-06
200716 -2.836600E-06 -8.978521E-07
200717 -2.142377E-06  1.446674E-06
200718 -1.642775E-06  3.235928E-06
200719 -1.344772E-06  4.468674E-06
200720 -1.193278E-06  5.187809E-06
200721  2.334238E-06  1.155438E-05
200722  2.312290E-06  1.163530E-05
200723  2.205950E-06  1.174599E-05
200724  1.970114E-06  1.166280E-05
200725  1.521262E-06  1.111917E-05
200726  7.871146E-07  9.874544E-06
200727 -2.121458E-07  7.757919E-06
200728 -1.330547E-06  4.700393E-06
200729 -2.340389E-06  7.797154E-07
200730 -3.012050E-06 -3.707467E-06
200731 -3.174189E-06 -8.157755E-06
200732 -2.738475E-06 -1.162399E-05
200733 -1.719116E-06 -1.294271E-05
200734 -2.817450E-07 -1.110960E-05
200735  1.202590E-06 -5.850016E-06
200736  2.196775E-06  1.850859E-06
200737  2.212829E-06  9.614175E-06
200738  1.134398E-06  1.424515E-05
200739 -5.815966E-07  1.306794E-05
200740 -2.031554E-06  5.581111E-06
200741 -2.319778E-06 -5.489725E-06
200742 -1.122531E-06 -1.474976E-05
200743  9.695711E-07 -1.663098E-05
200744  2.640448E-06 -8.837465E-06
200745  2.628942E-06  5.378728E-06
200746  6.821450E-07  1.810278E-05
200747 -2.072087E-06  2.102035E-05
200748 -3.796898E-06  1.078031E-05
200749 -3.269825E-06 -8.164980E-06
200750 -7.917462E-07 -2.562599E-05
200751  2.132527E-06 -3.168036E-05
200752  4.081539E-06 -2.260176E-05
200753  4.802020E-06 -2.559806E-06
200754  5.111663E-06  1.988195E-05
200755  5.813453E-06  3.741692E-05
200756  6.804667E-06  4.730870E-05
200757  7.305285E-06  5.032105E-05
200758  6.862414E-06  4.730408E-05
200759  5.914576E-06  3.740323E-05
200760  5.239529E-06  1.985401E-05
200761  4.944713E-06 -2.604680E-06
200762  4.224187E-06 -2.266237E-05
200763  2.247800E-06 -3.175036E-05
200764 -7.368484E-07 -2.569410E-05
200765 -3.293004E-06 -8.218354E-06
200766 -3.886445E-06  1.075162E-05
200767 -2.193399E-06  2.102129E-05
200768  5.677187E-07  1.813214E-05
200769  2.549124E-06  5.427243E-06
200770  2.606518E-06 -8.786116E-06
200771  9.771432E-07 -1.659186E-05
200772 -1.087753E-06 -1.472718E-05
200773 -2.272835E-06 -5.478051E-06
200774 -1.983079E-06  5.586994E-06
200775 -5.410335E-07  1.306684E-05
200776  1.155878E-06  1.423548E-05
200777  2.209268E-06  9.600821E-06
200778  2.176887E-06  1.841418E-06
200779  1.186223E-06 -5.854690E-06
200780 -2.792714E-07 -1.111711E-05
200781 -1.696839E-06 -1.296112E-05
200782 -2.704157E-06 -1.165527E-05
200783 -3.134735E-06 -8.200290E-06
200784 -2.973779E-06 -3.761131E-06
200785 -2.314205E-06  7.158753E-07
200786 -1.328001E-06  4.635183E-06
200787 -2.343717E-07  7.706555E-06
200788  7.508875E-07  9.844691E-06
200789  1.481838E-06  1.109999E-05
200790  1.930460E-06  1.163483E-05
200791  2.168477E-06  1.170527E-05
200792  2.287522E-06  1.160268E-05
200793  3.569655E-06  7.960516E-06
200794  3.573845E-06  8.271203E-06
200795  3.554396E-06  9.073004E-06
200796  3.504275E-06  1.013044E-05
200797  3.358030E-06  1.114984E-05
200798  3.007405E-06  1.183592E-05
200799  2.368918E-06  1.191264E-05
200800  1.433557E-06  1.111661E-05
200801  2.767551E-07  9.195388E-06
200802 -9.501143E-07  5.964769E-06
200803 -2.030709E-06  1.467020E-06
200804 -2.701671E-06 -3.806994E-06
200805 -2.702976E-06 -8.780431E-06
200806 -1.892562E-06 -1.192618E-05
200807 -4.099972E-07 -1.176474E-05
200808  1.226247E-06 -7.615208E-06
200809  2.250658E-06 -2.867771E-07
200810  2.044842E-06  7.723008E-06
200811  5.838054E-07  1.289501E-05
200812 -1.389205E-06  1.224723E-05
200813 -2.653501E-06  5.209560E-06
200814 -2.210058E-06 -5.313091E-06
200815 -5.170588E-08 -1.377454E-05
200816  2.563258E-06 -1.483177E-05
200817  3.771987E-06 -6.818514E-06
200818  2.447850E-06  6.464499E-06
200819 -7.897566E-07  1.732646E-05
200820 -3.860731E-06  1.866173E-05
200821 -4.733993E-06  8.567382E-06
200822 -2.953063E-06 -8.168441E-06
200823  1.304433E-07 -2.294727E-05
200824  2.583617E-06 -2.863734E-05
200825  3.421365E-06 -2.349587E-05
200826  3.074412E-06 -1.122090E-05
200827  2.559088E-06  2.194251E-06
200828  2.400253E-06  1.186005E-05
200829  2.436898E-06  1.529834E-05
200830  2.463461E-06  1.186498E-05
200831  2.661757E-06  2.198059E-06
200832  3.186468E-06 -1.122674E-05
200833  3.520316E-06 -2.351939E-05
200834  2.651978E-06 -2.868329E-05
200835  1.483913E-07 -2.301239E-05
200836 -3.001892E-06 -8.239564E-06
200837 -4.846442E-06  8.507530E-06
200838 -4.008230E-06  1.862601E-05
200839 -9.320230E-07  1.732017E-05
200840  2.343322E-06  6.486447E-06
200841  3.720936E-06 -6.776653E-06
200842  2.565233E-06 -1.478564E-05
200843 -1.115509E-08 -1.373996E-05
200844 -2.153988E-06 -5.295770E-06
200845 -2.601908E-06  5.214036E-06
200846 -1.350660E-06  1.224246E-05
200847  6.074241E-07  1.287845E-05
200848  2.049905E-06  7.694236E-06
200849  2.235080E-06 -3.183001E-07
200850  1.199262E-06 -7.636803E-06
200851 -4.300892E-07 -1.177367E-05
200852 -1.893387E-06 -1.193173E-05
200853 -2.686287E-06 -8.792946E-06
200854 -2.675253E-06 -3.829248E-06
200855 -1.998771E-06  1.436201E-06
200856 -9.173536E-07  5.923274E-06
200857  2.968176E-07  9.140639E-06
200858  1.425130E-06  1.105579E-05
200859  2.330739E-06  1.186343E-05
200860  2.954815E-06  1.181070E-05
200861  3.305246E-06  1.114025E-05
200862  3.453012E-06  1.011472E-05
200863  3.505468E-06  9.042519E-06
200864  3.540884E-06  8.243892E-06
200865  2.954006E-06  5.250531E-08
200866  2.974839E-06  3.960243E-07
200867  3.015212E-06  1.353737E-06
200868  3.103560E-06  2.812566E-06
200869  3.210979E-06  4.627064E-06
200870  3.242188E-06  6.628302E-06
200871  3.073798E-06  8.609025E-06
200872  2.592272E-06  1.028310E-05
200873  1.737139E-06  1.123832E-05
200874  5.540905E-07  1.094248E-05
200875 -7.709220E-07  8.882114E-06
200876 -1.921242E-06  4.852332E-06
200877 -2.513078E-06 -7.131435E-07
200878 -2.229738E-06 -6.578345E-06
200879 -1.025539E-06 -1.089407E-05
200880  6.940794E-07 -1.179977E-05
200881  2.109364E-06 -8.310826E-06
200882  2.360851E-06 -1.146220E-06
200883  1.109766E-06  7.017679E-06
200884 -1.083895E-06  1.233141E-05
200885 -2.887252E-06  1.160651E-05
200886 -2.909671E-06  4.416867E-06
200887 -7.263839E-07 -5.923303E-06
200888  2.498966E-06 -1.360683E-05
200889  4.523541E-06 -1.357795E-05
200890  3.596100E-06 -4.950942E-06
200891 -5.480237E-08  7.820562E-06
200892 -4.152849E-06  1.725100E-05
200893 -5.967359E-06  1.738424E-05
200894 -4.336465E-06  7.526916E-06
200895 -4.419905E-07 -7.499822E-06
200896  3.262047E-06 -2.066738E-05
200897  4.944027E-06 -2.704877E-05
200898  4.474131E-06 -2.611113E-05
200899  2.989061E-06 -2.093561E-05
200900  1.712698E-06 -1.571949E-05
200901  1.264232E-06 -1.360548E-05
200902  1.769978E-06 -1.570779E-05
200903  3.076003E-06 -2.091896E-05
200904  4.554767E-06 -2.609959E-05
200905  4.991323E-06 -2.705347E-05
200906  3.259475E-06 -2.069728E-05
200907 -5.050344E-07 -7.554453E-06
200908 -4.460334E-06  7.461195E-06
200909 -6.132371E-06  1.732676E-05
200910 -4.321314E-06  1.721521E-05
200911 -1.890367E-07  7.810486E-06
200912  3.517025E-06 -4.937120E-06
200913  4.502341E-06 -1.354675E-05
200914  2.526372E-06 -1.357099E-05
200915 -6.694201E-07 -5.896955E-06
200916 -2.848782E-06  4.427771E-06
200917 -2.842562E-06  1.160493E-05
200918 -1.059774E-06  1.231902E-05
200919  1.118732E-06  6.990584E-06
200920  2.356959E-06 -1.187688E-06
200921  2.091811E-06 -8.354215E-06
200922  6.690382E-07 -1.182912E-05
200923 -1.044779E-06 -1.090516E-05
200924 -2.235092E-06 -6.580985E-06
200925 -2.507641E-06 -7.187798E-07
200926 -1.910337E-06  4.840439E-06
200927 -7.541416E-07  8.864706E-06
200928  5.751799E-07  1.091595E-05
200929  1.748151E-06  1.119765E-05
200930  2.574374E-06  1.023363E-05
200931  3.024928E-06  8.568768E-06
200932  3.180238E-06  6.612260E-06
200933  3.152172E-06  4.629667E-06
200934  3.048152E-06  2.812004E-06
200935  2.961842E-06  1.337617E-06
200936  2.938228E-06  3.773883E-07
200937  1.785605E-06 -6.619919E-06
200938  1.814228E-06 -6.393192E-06
200939  1.882729E-06 -5.713858E-06
200940  2.029096E-06 -4.534402E-06
200941  2.248067E-06 -2.801634E-06
200942  2.479135E-06 -4.989386E-07
200943  2.614776E-06  2.311922E-06
200944  2.508026E-06  5.438074E-06
200945  2.023566E-06  8.487465E-06
200946  1.127992E-06  1.082490E-05
200947 -4.695043E-08  1.163862E-05
200948 -1.208010E-06  1.018544E-05
200949 -1.965377E-06  6.177933E-06
200950 -1.955451E-06  1.584697E-07
200951 -1.031226E-06 -6.351510E-06
200952  5.309279E-07 -1.111802E-05
200953  1.987880E-06 -1.195736E-05
200954  2.430168E-06 -7.842758E-06
200955  1.351521E-06  1.198980E-07
200956 -8.671319E-07  8.557993E-06
200957 -2.939908E-06  1.308060E-05
200958 -3.314101E-06  1.066077E-05
200959 -1.279427E-06  1.864180E-06
200960  2.184122E-06 -8.746240E-06
200961  4.726270E-06 -1.482718E-05
200962  4.226860E-06 -1.211339E-05
200963  5.474363E-07 -1.453457E-06
200964 -4.087908E-06  1.129148E-05
200965 -6.581375E-06  1.872595E-05
200966 -5.212306E-06  1.646283E-05
200967 -8.260550E-07  5.543702E-06
200968  3.962149E-06 -8.801938E-06
200969  6.760889E-06 -2.080166E-05
200970  6.892558E-06 -2.737270E-05
200971  5.354891E-06 -2.896332E-05
200972  3.704228E-06 -2.815435E-05
200973  3.051011E-06 -2.753278E-05
200974  3.749571E-06 -2.813961E-05
200975  5.419646E-06 -2.894067E-05
200976  6.942485E-06 -2.735228E-05
200977  6.770067E-06 -2.079529E-05
200978  3.916841E-06 -8.820223E-06
200979 -9.292678E-07  5.499607E-06
200980 -5.363559E-06  1.640599E-05
200981 -6.753249E-06  1.867553E-05
200982 -4.242510E-06  1.125985E-05
200983  4.400145E-07 -1.464208E-06
200984  4.176245E-06 -1.210597E-05
200985  4.726271E-06 -1.480639E-05
200986  2.221992E-06 -8.721212E-06
200987 -1.221941E-06  1.882255E-06
200988 -3.260204E-06  1.066651E-05
200989 -2.906755E-06  1.307556E-05
200990 -8.552496E-07  8.542155E-06
200991  1.351921E-06  8.882337E-08
200992  2.424435E-06 -7.888076E-06
200993  1.974868E-06 -1.200355E-05
200994  5.126925E-07 -1.114855E-05
200995 -1.047090E-06 -6.361715E-06
200996 -1.964643E-06  1.592724E-07
200997 -1.970844E-06  6.178595E-06
200998 -1.211830E-06  1.018262E-05
200999 -4.468666E-08  1.163263E-05
201000  1.137770E-06  1.081146E-05
201001  2.027581E-06  8.460506E-06
201002  2.486868E-06  5.401281E-06
201003  2.565432E-06  2.281636E-06
201004  2.419248E-06 -5.075498E-07
201005  2.193716E-06 -2.791413E-06
201006  1.979268E-06 -4.524701E-06
201007  1.833980E-06 -5.718503E-06
201008  1.779987E-06 -6.404015E-06
201009  8.624086E-07 -1.003380E-05
201010  8.979377E-07 -9.969388E-06
201011  9.874696E-07 -9.718153E-06
201012  1.155168E-06 -9.100873E-06
201013  1.398633E-06 -7.903591E-06
201014  1.689881E-06 -5.957702E-06
201015  1.959527E-06 -3.195159E-06
201016  2.069043E-06  3.049795E-07
201017  1.854241E-06  4.254591E-06
201018  1.232669E-06  8.086535E-06
201019  2.837676E-07  1.094559E-05
201020 -7.481885E-07  1.183680E-05
201021 -1.513450E-06  9.967915E-06
201022 -1.657941E-06  5.209607E-06
201023 -9.794707E-07 -1.513161E-06
201024  3.697214E-07 -8.159743E-06
201025  1.777112E-06 -1.207873E-05
201026  2.373992E-06 -1.111018E-05
201027  1.554826E-06 -4.933986E-06
201028 -4.950504E-07  4.104722E-06
201029 -2.657013E-06  1.155687E-05
201030 -3.380209E-06  1.303709E-05
201031 -1.750267E-06  7.001538E-06
201032  1.543316E-06 -3.698225E-06
201033  4.313664E-06 -1.291803E-05
201034  4.327905E-06 -1.476859E-05
201035  1.106713E-06 -7.483164E-06
201036 -3.453164E-06  5.150632E-06
201037 -6.303833E-06  1.601834E-05
201038 -5.434596E-06  1.908160E-05
201039 -1.271248E-06  1.283367E-05
201040  3.801600E-06  5.306100E-07
201041  7.272325E-06 -1.251462E-05
201042  8.117446E-06 -2.223879E-05
201043  7.050060E-06 -2.747323E-05
201044  5.584899E-06 -2.938796E-05
201045  4.961300E-06 -2.975611E-05
201046  5.616750E-06 -2.937371E-05
201047  7.093400E-06 -2.745107E-05
201048  8.145090E-06 -2.221783E-05
201049  7.263182E-06 -1.250547E-05
201050  3.745046E-06  5.179707E-07
201051 -1.374919E-06  1.279770E-05
201052 -5.572121E-06  1.903401E-05
201053 -6.448445E-06  1.597640E-05
201054 -3.573275E-06  5.124734E-06
201055  1.031798E-06 -7.492636E-06
201056  4.300211E-06 -1.476507E-05
201057  4.323741E-06 -1.290508E-05
201058  1.579430E-06 -3.681798E-06
201059 -1.702543E-06  7.013490E-06
201060 -3.339089E-06  1.304013E-05
201061 -2.635324E-06  1.155124E-05
201062 -4.909305E-07  4.089228E-06
201063  1.552104E-06 -4.963268E-06
201064  2.370349E-06 -1.115149E-05
201065  1.770792E-06 -1.211969E-05
201066  3.594505E-07 -8.185921E-06
201067 -9.908198E-07 -1.520592E-06
201068 -1.668582E-06  5.212918E-06
201069 -1.525177E-06  9.972438E-06
201070 -7.604637E-07  1.183963E-05
201071  2.772273E-07  1.094672E-05
201072  1.234977E-06  8.081711E-06
201073  1.854772E-06  4.238021E-06
201074  2.050596E-06  2.791101E-07
201075  1.918586E-06 -3.217168E-06
201076  1.641318E-06 -5.962716E-06
201077  1.356249E-06 -7.892238E-06
201078  1.117231E-06 -9.088181E-06
201079  9.494304E-07 -9.716914E-06
201080  8.704010E-07 -9.975160E-06
201081  3.551673E-07 -1.081161E-05
201082  3.992306E-07 -1.088251E-05
201083  5.147190E-07 -1.099866E-05
201084  7.043881E-07 -1.089608E-05
201085  9.577209E-07 -1.026166E-05
201086  1.268710E-06 -8.836866E-06
201087  1.602198E-06 -6.478615E-06
201088  1.835549E-06 -3.191909E-06
201089  1.790787E-06  8.312607E-07
201090  1.349695E-06  5.142399E-06
201091  5.462744E-07  8.976588E-06
201092 -4.206629E-07  1.130762E-05
201093 -1.238184E-06  1.110834E-05
201094 -1.561745E-06  7.810846E-06
201095 -1.140057E-06  1.821456E-06
201096 -5.395514E-09 -5.197663E-06
201097  1.371958E-06 -1.060505E-05
201098  2.191256E-06 -1.176012E-05
201099  1.767598E-06 -7.465440E-06
201100  7.092990E-08  8.536855E-07
201101 -2.025175E-06  9.214475E-06
201102 -3.084109E-06  1.288503E-05
201103 -2.057825E-06  9.214602E-06
201104  7.133794E-07 -2.790199E-07
201105  3.405864E-06 -1.024115E-05
201106  3.905732E-06 -1.449144E-05
201107  1.483115E-06 -9.982352E-06
201108 -2.450094E-06  1.056964E-06
201109 -5.238569E-06  1.245173E-05
201110 -4.896652E-06  1.797376E-05
201111 -1.501238E-06  1.498065E-05
201112  3.022800E-06  5.360758E-06
201113  6.419720E-06 -6.429477E-06
201114  7.596324E-06 -1.634883E-05
201115  6.998368E-06 -2.260422E-05
201116  5.891333E-06 -2.554693E-05
201117  5.391375E-06 -2.633263E-05
201118  5.910451E-06 -2.553591E-05
201119  7.023803E-06 -2.258729E-05
201120  7.610707E-06 -1.633306E-05
201121  6.408598E-06 -6.422987E-06
201122  2.978197E-06  5.350114E-06
201123 -1.578505E-06  1.495165E-05
201124 -4.995285E-06  1.793596E-05
201125 -5.338150E-06  1.241916E-05
201126 -2.528668E-06  1.037575E-06
201127  1.437924E-06 -9.989277E-06
201128  3.892680E-06 -1.448960E-05
201129  3.416926E-06 -1.023330E-05
201130  7.403871E-07 -2.685924E-07
201131 -2.024684E-06  9.222685E-06
201132 -3.057415E-06  1.288744E-05
201133 -2.013100E-06  9.210332E-06
201134  7.118835E-08  8.411717E-07
201135  1.764990E-06 -7.488894E-06
201136  2.190701E-06 -1.179192E-05
201137  1.371628E-06 -1.063528E-05
201138 -8.636145E-09 -5.215981E-06
201139 -1.146637E-06  1.817399E-06
201140 -1.571163E-06  7.814993E-06
201141 -1.250624E-06  1.111389E-05
201142 -4.341507E-07  1.131260E-05
201143  5.374292E-07  8.980656E-06
201144  1.348634E-06  5.141820E-06
201145  1.790346E-06  8.215957E-07
201146  1.823012E-06 -3.208869E-06
201147  1.574436E-06 -6.493771E-06
201148  1.236280E-06 -8.840822E-06
201149  9.304908E-07 -1.025368E-05
201150  6.804006E-07 -1.088598E-05
201151  4.896132E-07 -1.099633E-05
201152  3.803106E-07 -1.088585E-05
201153  1.851839E-07 -1.030269E-05
201154  2.354801E-07 -1.045634E-05
201155  3.746006E-07 -1.079721E-05
201156  5.917982E-07 -1.101257E-05
201157  8.713380E-07 -1.073773E-05
201158  1.220831E-06 -9.676143E-06
201159  1.623817E-06 -7.665251E-06
201160  1.960198E-06 -4.695220E-06
201161  2.031550E-06 -9.179396E-07
201162  1.683915E-06  3.302770E-06
201163  9.133462E-07  7.311474E-06
201164 -1.103900E-07  1.015569E-05
201165 -1.087752E-06  1.077540E-05
201166 -1.662054E-06  8.429277E-06
201167 -1.525012E-06  3.244514E-06
201168 -5.971671E-07 -3.407320E-06
201169  7.822985E-07 -9.070060E-06
201170  1.881219E-06 -1.107783E-05
201171  1.946726E-06 -7.945252E-06
201172  7.368726E-07 -6.095086E-07
201173 -1.150579E-06  7.435304E-06
201174 -2.468754E-06  1.168405E-05
201175 -2.119992E-06  9.270114E-06
201176 -1.115626E-07  1.090970E-06
201177  2.201583E-06 -8.231895E-06
201178  3.017300E-06 -1.295258E-05
201179  1.512523E-06 -9.872992E-06
201180 -1.397149E-06 -5.218208E-07
201181 -3.663548E-06  9.812471E-06
201182 -3.626717E-06  1.548694E-05
201183 -1.204056E-06  1.383767E-05
201184  2.188255E-06  6.191748E-06
201185  4.795482E-06 -3.725758E-06
201186  5.722792E-06 -1.237190E-05
201187  5.275222E-06 -1.803482E-05
201188  4.420480E-06 -2.082877E-05
201189  4.029432E-06 -2.161004E-05
201190  4.428232E-06 -2.082298E-05
201191  5.286135E-06 -1.802612E-05
201192  5.730272E-06 -1.236411E-05
201193  4.792296E-06 -3.723571E-06
201194  2.168475E-06  6.183325E-06
201195 -1.241263E-06  1.381775E-05
201196 -3.675245E-06  1.546193E-05
201197 -3.712227E-06  9.791886E-06
201198 -1.434688E-06 -5.329159E-07
201199  1.491724E-06 -9.876008E-06
201200  3.011970E-06 -1.295097E-05
201201  2.207975E-06 -8.227601E-06
201202 -9.706756E-08  1.096684E-06
201203 -2.102920E-06  9.275247E-06
201204 -2.456284E-06  1.168658E-05
201205 -1.146350E-06  7.433555E-06
201206  7.355546E-07 -6.175356E-07
201207  1.945314E-06 -7.960358E-06
201208  1.882877E-06 -1.109678E-05
201209  7.859105E-07 -9.086426E-06
201210 -5.951940E-07 -3.416031E-06
201211 -1.527178E-06  3.243720E-06
201212 -1.668331E-06  8.432826E-06
201213 -1.096702E-06  1.078008E-05
201214 -1.197056E-07  1.016073E-05
201215  9.069591E-07  7.316001E-06
201216  1.682257E-06  3.303753E-06
201217  2.031031E-06 -9.227341E-07
201218  1.953976E-06 -4.703990E-06
201219  1.610214E-06 -7.673292E-06
201220  1.205688E-06 -9.678968E-06
201221  8.596308E-07 -1.073425E-05
201222  5.814548E-07 -1.100732E-05
201223  3.623742E-07 -1.079611E-05
201224  2.254976E-07 -1.045860E-05
