Mesh2HRTF 0.1.2
    1
    1  1225
200000  6.966890E-06 -6.646926E-06
200001  1.094623E-05  2.032181E-06
200002  1.097333E-05  2.009183E-06
200003  1.104791E-05  1.935981E-06
200004  1.116252E-05  1.811721E-06
200005  1.130505E-05  1.635109E-06
200006  1.145933E-05  1.404500E-06
200007  1.160586E-05  1.118045E-06
200008  1.172287E-05  7.739345E-07
200009  1.178751E-05  3.707655E-07
200010  1.177729E-05 -9.195655E-08
200011  1.167152E-05 -6.131841E-07
200012  1.145273E-05 -1.189601E-06
200013  1.110790E-05 -1.814882E-06
200014  1.062928E-05 -2.479046E-06
200015  1.001494E-05 -3.168046E-06
200016  9.268733E-06 -3.863731E-06
200017  8.399857E-06 -4.544298E-06
200018  7.422082E-06 -5.185273E-06
200019  6.352700E-06 -5.761038E-06
200020  5.211422E-06 -6.246725E-06
200021  4.019293E-06 -6.620339E-06
200022  2.797744E-06 -6.864808E-06
200023  1.567845E-06 -6.969706E-06
200024  3.497268E-07 -6.932410E-06
200025 -8.378242E-07 -6.758516E-06
200026 -1.977676E-06 -6.461483E-06
200027 -3.054588E-06 -6.061547E-06
200028 -4.055411E-06 -5.584085E-06
200029 -4.969232E-06 -5.057655E-06
200030 -5.787454E-06 -4.511962E-06
200031 -6.503761E-06 -3.975988E-06
200032 -7.113955E-06 -3.476456E-06
200033 -7.615655E-06 -3.036708E-06
200034 -8.007875E-06 -2.676014E-06
200035 -8.290533E-06 -2.409260E-06
200036 -8.463958E-06 -2.246882E-06
200037 -8.528468E-06 -2.194955E-06
200038 -8.484089E-06 -2.255298E-06
200039 -8.330456E-06 -2.425536E-06
200040 -8.066915E-06 -2.699083E-06
200041 -7.692812E-06 -3.065067E-06
200042 -7.207915E-06 -3.508285E-06
200043 -6.612920E-06 -4.009277E-06
200044 -5.909943E-06 -4.544664E-06
200045 -5.102955E-06 -5.087832E-06
200046 -4.198092E-06 -5.610043E-06
200047 -3.203826E-06 -6.081947E-06
200048 -2.131009E-06 -6.475427E-06
200049 -9.927989E-07 -6.765591E-06
200050  1.954850E-07 -6.932693E-06
200051  1.416556E-06 -6.963736E-06
200052  2.651409E-06 -6.853516E-06
200053  3.879629E-06 -6.604961E-06
200054  5.079825E-06 -6.228694E-06
200055  6.230209E-06 -5.741867E-06
200056  7.309376E-06 -5.166446E-06
200057  8.297265E-06 -4.527168E-06
200058  9.176258E-06 -3.849442E-06
200059  9.932316E-06 -3.157464E-06
200060  1.055602E-05 -2.472729E-06
200061  1.104338E-05 -1.813063E-06
200062  1.139624E-05 -1.192195E-06
200063  1.162232E-05 -6.198134E-07
200064  1.173467E-05 -1.019933E-07
200065  1.175086E-05  3.581493E-07
200066  1.169165E-05  7.597068E-07
200067  1.157965E-05  1.103249E-06
200068  1.143781E-05  1.390188E-06
200069  1.128802E-05  1.622278E-06
200070  1.114983E-05  1.801250E-06
200071  1.103949E-05  1.928582E-06
200072  1.096913E-05  2.005354E-06
200073 -4.534147E-06  4.095274E-06
200074 -4.370027E-06  4.109828E-06
200075 -3.881529E-06  4.134175E-06
200076 -3.074019E-06  4.171115E-06
200077 -1.961465E-06  4.225402E-06
200078 -5.730320E-07  4.302635E-06
200079  1.040133E-06  4.406852E-06
200080  2.800132E-06  4.536600E-06
200081  4.601832E-06  4.679851E-06
200082  6.318356E-06  4.808922E-06
200083  7.812952E-06  4.877292E-06
200084  8.955893E-06  4.820498E-06
200085  9.643260E-06  4.562852E-06
200086  9.813340E-06  4.030440E-06
200087  9.456341E-06  3.168952E-06
200088  8.614569E-06  1.962843E-06
200089  7.372631E-06  4.509111E-07
200090  5.840039E-06 -1.266819E-06
200091  4.130764E-06 -3.034598E-06
200092  2.345094E-06 -4.659722E-06
200093  5.582702E-07 -5.941942E-06
200094 -1.181957E-06 -6.707635E-06
200095 -2.849565E-06 -6.841099E-06
200096 -4.429576E-06 -6.305581E-06
200097 -5.906959E-06 -5.149058E-06
200098 -7.259317E-06 -3.493665E-06
200099 -8.455753E-06 -1.511768E-06
200100 -9.461897E-06  6.051324E-07
200101 -1.024885E-05  2.677331E-06
200102 -1.080260E-05  4.561152E-06
200103 -1.113060E-05  6.162519E-06
200104 -1.126337E-05  7.438998E-06
200105 -1.125075E-05  8.392178E-06
200106 -1.115383E-05  9.053915E-06
200107 -1.103480E-05  9.470337E-06
200108 -1.094667E-05  9.686858E-06
200109 -1.092487E-05  9.736406E-06
200110 -1.098176E-05  9.632018E-06
200111 -1.110472E-05  9.364240E-06
200112 -1.125801E-05  8.903454E-06
200113 -1.138819E-05  8.207042E-06
200114 -1.143250E-05  7.230944E-06
200115 -1.132911E-05  5.944474E-06
200116 -1.102739E-05  4.346223E-06
200117 -1.049590E-05  2.477795E-06
200118 -9.726320E-06  4.314806E-07
200119 -8.731818E-06 -1.651621E-06
200120 -7.540622E-06 -3.594943E-06
200121 -6.186645E-06 -5.210386E-06
200122 -4.700626E-06 -6.328900E-06
200123 -3.105168E-06 -6.831263E-06
200124 -1.415923E-06 -6.671723E-06
200125  3.510835E-07 -5.888386E-06
200126  2.168390E-06 -4.597377E-06
200127  3.986508E-06 -2.971871E-06
200128  5.728312E-06 -1.210971E-06
200129  7.291664E-06  4.942268E-07
200130  8.560984E-06  1.989779E-06
200131  9.425558E-06  3.177429E-06
200132  9.800095E-06  4.019948E-06
200133  9.642163E-06  4.534155E-06
200134  8.961934E-06  4.775335E-06
200135  7.821902E-06  4.818125E-06
200136  6.327011E-06  4.738765E-06
200137  4.608114E-06  4.602163E-06
200138  2.803043E-06  4.455208E-06
200139  1.039612E-06  4.325872E-06
200140 -5.763270E-07  4.226341E-06
200141 -1.966412E-06  4.158026E-06
200142 -3.079297E-06  4.116579E-06
200143 -3.885879E-06  4.095792E-06
200144 -4.372469E-06  4.090002E-06
200145 -1.445120E-05 -1.733971E-06
200146 -1.447513E-05 -1.726736E-06
200147 -1.450535E-05 -1.748444E-06
200148 -1.442620E-05 -1.812527E-06
200149 -1.406184E-05 -1.923616E-06
200150 -1.320774E-05 -2.057956E-06
200151 -1.168005E-05 -2.146112E-06
200152 -9.377988E-06 -2.068030E-06
200153 -6.344521E-06 -1.669994E-06
200154 -2.802705E-06 -8.073800E-07
200155  8.545383E-07  5.934444E-07
200156  4.131623E-06  2.472496E-06
200157  6.544128E-06  4.598623E-06
200158  7.747433E-06  6.580785E-06
200159  7.636818E-06  7.938930E-06
200160  6.381137E-06  8.224706E-06
200161  4.374044E-06  7.161202E-06
200162  2.116603E-06  4.757881E-06
200163  7.069244E-08  1.357881E-06
200164 -1.466484E-06 -2.408338E-06
200165 -2.424474E-06 -5.760413E-06
200166 -2.939556E-06 -7.962526E-06
200167 -3.264193E-06 -8.517903E-06
200168 -3.643115E-06 -7.301873E-06
200169 -4.204332E-06 -4.589771E-06
200170 -4.905824E-06 -9.710471E-07
200171 -5.555071E-06  2.819836E-06
200172 -5.888796E-06  6.097714E-06
200173 -5.677093E-06  8.383997E-06
200174 -4.809472E-06  9.484274E-06
200175 -3.332448E-06  9.477064E-06
200176 -1.431978E-06  8.636082E-06
200177  6.230544E-07  7.325462E-06
200178  2.548470E-06  5.905673E-06
200179  4.098769E-06  4.672629E-06
200180  5.095858E-06  3.833226E-06
200181  5.435506E-06  3.506198E-06
200182  5.083295E-06  3.731691E-06
200183  4.071829E-06  4.476006E-06
200184  2.503953E-06  5.626409E-06
200185  5.571247E-07  6.981160E-06
200186 -1.522922E-06  8.248343E-06
200187 -3.450966E-06  9.070072E-06
200188 -4.956493E-06  9.083155E-06
200189 -5.851595E-06  8.012942E-06
200190 -6.087715E-06  5.777935E-06
200191 -5.773366E-06  2.567504E-06
200192 -5.136607E-06 -1.146580E-06
200193 -4.439047E-06 -4.687092E-06
200194 -3.871808E-06 -7.327630E-06
200195 -3.475984E-06 -8.485718E-06
200196 -3.123399E-06 -7.890805E-06
200197 -2.570252E-06 -5.669410E-06
200198 -1.566320E-06 -2.317053E-06
200199  2.112240E-08  1.434335E-06
200200  2.117136E-06  4.809898E-06
200201  4.419791E-06  7.185050E-06
200202  6.463133E-06  8.221659E-06
200203  7.743495E-06  7.913507E-06
200204  7.866553E-06  6.538630E-06
200205  6.664661E-06  4.544600E-06
200206  4.245078E-06  2.409483E-06
200207  9.554692E-07  5.220855E-07
200208 -2.716969E-06 -8.880006E-07
200209 -6.274618E-06 -1.761044E-06
200210 -9.323328E-06 -2.169445E-06
200211 -1.163938E-05 -2.255419E-06
200212 -1.317937E-05 -2.169771E-06
200213 -1.404369E-05 -2.029981E-06
200214 -1.441584E-05 -1.904011E-06
200215 -1.450027E-05 -1.815756E-06
200216 -1.447321E-05 -1.762452E-06
200217  1.327958E-06 -1.516802E-06
200218  8.037788E-07 -1.422066E-06
200219 -7.333026E-07 -1.254484E-06
200220 -3.178099E-06 -1.159998E-06
200221 -6.266851E-06 -1.355574E-06
200222 -9.504899E-06 -2.069101E-06
200223 -1.216748E-05 -3.431451E-06
200224 -1.343103E-05 -5.348423E-06
200225 -1.263579E-05 -7.417083E-06
200226 -9.594524E-06 -8.958145E-06
200227 -4.797407E-06 -9.197081E-06
200228  6.268742E-07 -7.554295E-06
200229  5.233177E-06 -3.937124E-06
200230  7.760849E-06  1.097051E-06
200231  7.605113E-06  6.400166E-06
200232  5.049803E-06  1.052695E-05
200233  1.156950E-06  1.218307E-05
200234 -2.639755E-06  1.068303E-05
200235 -5.068972E-06  6.254925E-06
200236 -5.472760E-06  6.343497E-08
200237 -4.007313E-06 -6.093869E-06
200238 -1.525911E-06 -1.034753E-05
200239  8.050111E-07 -1.139311E-05
200240  2.005113E-06 -8.963181E-06
200241  1.692890E-06 -3.931807E-06
200242  2.360927E-07  2.010653E-06
200243 -1.429426E-06  6.985363E-06
200244 -2.230387E-06  9.587551E-06
200245 -1.430882E-06  9.305344E-06
200246  1.075839E-06  6.546379E-06
200247  4.784289E-06  2.319397E-06
200248  8.859752E-06 -2.232784E-06
200249  1.251224E-05 -6.224851E-06
200250  1.526673E-05 -9.208237E-06
200251  1.702565E-05 -1.113094E-05
200252  1.794603E-05 -1.216431E-05
200253  1.823624E-05 -1.250571E-05
200254  1.798527E-05 -1.223612E-05
200255  1.709830E-05 -1.126993E-05
200256  1.536240E-05 -9.405920E-06
200257  1.261817E-05 -6.470064E-06
200258  8.963304E-06 -2.512442E-06
200259  4.875014E-06  2.020241E-06
200260  1.146669E-06  6.244958E-06
200261 -1.383467E-06  9.021292E-06
200262 -2.206926E-06  9.341769E-06
200263 -1.428287E-06  6.797203E-06
200264  2.181221E-07  1.893835E-06
200265  1.660460E-06 -3.973245E-06
200266  1.964578E-06 -8.937265E-06
200267  7.648036E-07 -1.131936E-05
200268 -1.555236E-06 -1.025318E-05
200269 -4.013889E-06 -6.007702E-06
200270 -5.445357E-06  1.177438E-07
200271 -4.999890E-06  6.264186E-06
200272 -2.527745E-06  1.064702E-05
200273  1.305110E-06  1.211356E-05
200274  5.220268E-06  1.044370E-05
200275  7.780684E-06  6.324887E-06
200276  7.926243E-06  1.047068E-06
200277  5.379659E-06 -3.953911E-06
200278  7.540995E-07 -7.541698E-06
200279 -4.683206E-06 -9.169461E-06
200280 -9.485065E-06 -8.936118E-06
200281 -1.252567E-05 -7.421379E-06
200282 -1.332066E-05 -5.393764E-06
200283 -1.206272E-05 -3.522169E-06
200284 -9.413968E-06 -2.197611E-06
200285 -6.196283E-06 -1.503881E-06
200286 -3.130053E-06 -1.303682E-06
200287 -7.054296E-07 -1.368095E-06
200288  8.160061E-07 -1.484731E-06
200289  1.979303E-05  1.764895E-06
200290  1.964025E-05  2.089774E-06
200291  1.894041E-05  2.964199E-06
200292  1.709079E-05  4.340715E-06
200293  1.340740E-05  5.921493E-06
200294  7.594465E-06  7.035746E-06
200295  2.306285E-07  6.771530E-06
200296 -7.061914E-06  4.395958E-06
200297 -1.205293E-05 -1.256555E-07
200298 -1.289243E-05 -5.839686E-06
200299 -9.162873E-06 -1.099192E-05
200300 -2.331741E-06 -1.367342E-05
200301  4.767991E-06 -1.262955E-05
200302  9.209719E-06 -7.843046E-06
200303  9.309414E-06 -6.326220E-07
200304  5.321681E-06  6.752298E-06
200305 -7.992015E-07  1.186845E-05
200306 -6.353933E-06  1.290371E-05
200307 -9.056792E-06  9.355100E-06
200308 -7.912019E-06  2.344956E-06
200309 -3.534357E-06 -5.607282E-06
200310  2.139442E-06 -1.141841E-05
200311  6.642329E-06 -1.268001E-05
200312  8.027491E-06 -8.797543E-06
200313  5.787813E-06 -1.409868E-06
200314  1.189695E-06  6.263650E-06
200315 -3.263964E-06  1.091600E-05
200316 -5.087450E-06  1.070996E-05
200317 -3.141113E-06  6.036081E-06
200318  1.760108E-06 -9.126935E-07
200319  7.358482E-06 -7.406356E-06
200320  1.125710E-05 -1.148283E-05
200321  1.217029E-05 -1.260057E-05
200322  1.038522E-05 -1.146888E-05
200323  7.322012E-06 -9.390438E-06
200324  4.668372E-06 -7.604255E-06
200325  3.660133E-06 -6.914931E-06
200326  4.734065E-06 -7.590236E-06
200327  7.446330E-06 -9.358601E-06
200328  1.055516E-05 -1.141536E-05
200329  1.236931E-05 -1.252651E-05
200330  1.146847E-05 -1.139722E-05
200331  7.568482E-06 -7.324404E-06
200332  1.959818E-06 -8.497422E-07
200333 -2.955935E-06  6.072010E-06
200334 -4.917824E-06  1.072298E-05
200335 -3.109328E-06  1.092149E-05
200336  1.330352E-06  6.281477E-06
200337  5.915336E-06 -1.364962E-06
200338  8.142340E-06 -8.724027E-06
200339  6.745020E-06 -1.259212E-05
200340  2.231896E-06 -1.134192E-05
200341 -3.447129E-06 -5.570215E-06
200342 -7.821609E-06  2.322778E-06
200343 -8.954143E-06  9.269626E-06
200344 -6.234908E-06  1.276905E-05
200345 -6.699079E-07  1.171385E-05
200346  5.444212E-06  6.615036E-06
200347  9.403724E-06 -7.166826E-07
200348  9.261487E-06 -7.849397E-06
200349  4.780328E-06 -1.255318E-05
200350 -2.336165E-06 -1.353239E-05
200351 -9.150500E-06 -1.082415E-05
200352 -1.283442E-05 -5.693103E-06
200353 -1.193944E-05 -4.466190E-08
200354 -6.907204E-06  4.382793E-06
200355  3.947291E-07  6.658579E-06
200356  7.733222E-06  6.840828E-06
200357  1.349826E-05  5.680873E-06
200358  1.713158E-05  4.100807E-06
200359  1.894698E-05  2.771911E-06
200360  1.963549E-05  1.983036E-06
200361  7.377360E-06 -1.838228E-06
200362  8.733892E-06 -1.854575E-06
200363  1.236158E-05 -1.612054E-06
200364  1.705189E-05 -1.540154E-07
200365  2.058051E-05  3.225105E-06
200366  2.028289E-05  8.120083E-06
200367  1.456136E-05  1.274724E-05
200368  4.443175E-06  1.469021E-05
200369 -6.236702E-06  1.233311E-05
200370 -1.268468E-05  6.001894E-06
200371 -1.203769E-05 -2.045733E-06
200372 -5.239489E-06 -8.786017E-06
200373  3.527684E-06 -1.192259E-05
200374  9.439990E-06 -1.077222E-05
200375  9.779251E-06 -6.211088E-06
200376  5.065932E-06 -4.355866E-08
200377 -1.794443E-06  5.644657E-06
200378 -7.371496E-06  8.924621E-06
200379 -9.293299E-06  8.446281E-06
200380 -6.926803E-06  4.045819E-06
200381 -1.315104E-06 -2.704657E-06
200382  5.234088E-06 -8.663158E-06
200383  9.808084E-06 -1.045349E-05
200384  9.955545E-06 -6.520692E-06
200385  5.053910E-06  1.456553E-06
200386 -2.780087E-06  9.113273E-06
200387 -9.275410E-06  1.192984E-05
200388 -1.035389E-05  8.143270E-06
200389 -4.978827E-06 -7.903584E-08
200390  3.677378E-06 -8.094537E-06
200391  1.001730E-05 -1.175241E-05
200392  9.681260E-06 -9.689540E-06
200393  2.298295E-06 -3.515758E-06
200394 -8.760796E-06  3.793537E-06
200395 -1.908278E-05  9.785474E-06
200396 -2.579459E-05  1.339125E-05
200397 -2.803621E-05  1.456236E-05
200398 -2.577733E-05  1.342686E-05
200399 -1.904440E-05  9.874831E-06
200400 -8.698060E-06  3.960542E-06
200401  2.383775E-06 -3.259179E-06
200402  9.783169E-06 -9.356488E-06
200403  1.012840E-05 -1.138174E-05
200404  3.792637E-06 -7.738365E-06
200405 -4.862480E-06  2.165904E-07
200406 -1.023941E-05  8.354581E-06
200407 -9.165809E-06  1.206060E-05
200408 -2.676417E-06  9.187428E-06
200409  5.153672E-06  1.503165E-06
200410  1.005403E-05 -6.482336E-06
200411  9.904039E-06 -1.042141E-05
200412  5.320798E-06 -8.650066E-06
200413 -1.245506E-06 -2.727581E-06
200414 -6.876095E-06  3.977193E-06
200415 -9.254291E-06  8.336411E-06
200416 -7.334406E-06  8.791840E-06
200417 -1.759168E-06  5.516405E-06
200418  5.082286E-06 -1.362060E-07
200419  9.749179E-06 -6.238685E-06
200420  9.345767E-06 -1.071414E-05
200421  3.381639E-06 -1.177683E-05
200422 -5.391123E-06 -8.577100E-06
200423 -1.213382E-05 -1.823297E-06
200424 -1.268138E-05  6.177047E-06
200425 -6.132544E-06  1.240981E-05
200426  4.604126E-06  1.464355E-05
200427  1.471025E-05  1.258339E-05
200428  2.035862E-05  7.870148E-06
200429  2.055748E-05  2.934771E-06
200430  1.695039E-05 -4.337227E-07
200431  1.223714E-05 -1.832206E-06
200432  8.650606E-06 -1.975784E-06
200433 -2.413445E-05 -5.490738E-06
200434 -2.255541E-05 -6.847200E-06
200435 -1.728901E-05 -1.003934E-05
200436 -7.431411E-06 -1.252525E-05
200437  5.529401E-06 -1.134198E-05
200438  1.667952E-05 -5.202000E-06
200439  2.011498E-05  3.958903E-06
200440  1.352709E-05  1.178986E-05
200441  9.024148E-07  1.450430E-05
200442 -9.710650E-06  1.154640E-05
200443 -1.201555E-05  5.613095E-06
200444 -5.964522E-06  2.231679E-07
200445  2.855676E-06 -2.805236E-06
200446  8.051172E-06 -3.880257E-06
200447  7.041761E-06 -4.191976E-06
200448  1.914222E-06 -4.069219E-06
200449 -3.266765E-06 -2.794481E-06
200450 -5.693711E-06  7.952388E-08
200451 -5.015083E-06  3.415530E-06
200452 -2.344511E-06  4.789701E-06
200453  1.204766E-06  2.529408E-06
200454  4.865351E-06 -2.238856E-06
200455  7.452519E-06 -5.747624E-06
200456  6.975230E-06 -4.464511E-06
200457  1.944997E-06  1.502698E-06
200458 -6.259957E-06  7.754500E-06
200459 -1.262916E-05  8.892969E-06
200460 -1.148732E-05  3.211773E-06
200461 -1.747524E-06 -5.473781E-06
200462  1.041850E-05 -1.071835E-05
200463  1.524614E-05 -8.540187E-06
200464  7.257192E-06 -2.176014E-07
200465 -9.769926E-06  9.337945E-06
200466 -2.595205E-05  1.564986E-05
200467 -3.391294E-05  1.751414E-05
200468 -3.441156E-05  1.678681E-05
200469 -3.347840E-05  1.611952E-05
200470 -3.450193E-05  1.670897E-05
200471 -3.406281E-05  1.741207E-05
200472 -2.612041E-05  1.560334E-05
200473 -9.927572E-06  9.412818E-06
200474  7.122268E-06 -1.290736E-09
200475  1.513828E-05 -8.216483E-06
200476  1.034258E-05 -1.035805E-05
200477 -1.789324E-06 -5.152973E-06
200478 -1.150355E-05  3.440121E-06
200479 -1.263831E-05  9.011977E-06
200480 -6.278151E-06  7.779483E-06
200481  1.916123E-06  1.466727E-06
200482  6.947367E-06 -4.527478E-06
200483  7.436705E-06 -5.815228E-06
200484  4.858965E-06 -2.303519E-06
200485  1.192757E-06  2.467092E-06
200486 -2.374765E-06  4.731013E-06
200487 -5.059773E-06  3.367715E-06
200488 -5.734761E-06  5.075318E-08
200489 -3.291166E-06 -2.801874E-06
200490  1.894894E-06 -4.057291E-06
200491  6.993069E-06 -4.157926E-06
200492  7.943475E-06 -3.811930E-06
200493  2.696852E-06 -2.691804E-06
200494 -6.121677E-06  3.719868E-07
200495 -1.210298E-05  5.759277E-06
200496 -9.691842E-06  1.163952E-05
200497  1.003643E-06  1.451034E-05
200498  1.363618E-05  1.170875E-05
200499  2.014569E-05  3.818051E-06
200500  1.657649E-05 -5.368220E-06
200501  5.292982E-06 -1.150697E-05
200502 -7.743968E-06 -1.267087E-05
200503 -1.758312E-05 -1.014992E-05
200504 -2.273345E-05 -6.907574E-06
200505 -3.028303E-05  3.064520E-06
200506 -3.222794E-05  4.759568E-07
200507 -3.492192E-05 -6.654422E-06
200508 -3.132156E-05 -1.556518E-05
200509 -1.760957E-05 -2.092372E-05
200510  1.642885E-06 -1.826260E-05
200511  1.560441E-05 -8.600365E-06
200512  1.605297E-05  1.639880E-06
200513  5.012608E-06  6.311500E-06
200514 -6.817749E-06  4.922973E-06
200515 -9.755075E-06  2.113207E-06
200516 -3.340663E-06  2.285728E-06
200517  4.732793E-06  5.268403E-06
200518  6.893463E-06  7.038369E-06
200519  2.356418E-06  4.171516E-06
200520 -3.612577E-06 -2.510319E-06
200521 -5.602925E-06 -8.329229E-06
200522 -2.744407E-06 -8.662084E-06
200523  1.577461E-06 -2.987398E-06
200524  3.575478E-06  4.369843E-06
200525  2.493773E-06  7.646357E-06
200526  7.270249E-07  4.588492E-06
200527  7.623764E-07 -1.417986E-06
200528  1.952895E-06 -4.416340E-06
200529  8.097437E-07 -1.706220E-06
200530 -4.539040E-06  3.292306E-06
200531 -1.018019E-05  4.493391E-06
200532 -8.541900E-06 -2.657567E-07
200533  3.145078E-06 -6.506921E-06
200534  1.667582E-05 -7.491579E-06
200535  1.806154E-05 -1.186854E-06
200536  1.662921E-06  7.612918E-06
200537 -2.117432E-05  1.200232E-05
200538 -3.051622E-05  9.134387E-06
200539 -1.716187E-05  1.730500E-06
200540  6.780776E-06 -5.214828E-06
200541  1.848360E-05 -8.028303E-06
200542  6.599400E-06 -5.478366E-06
200543 -1.745921E-05  1.303138E-06
200544 -3.084858E-05  8.694822E-06
200545 -2.149419E-05  1.168665E-05
200546  1.366071E-06  7.490322E-06
200547  1.779379E-05 -1.127831E-06
200548  1.646095E-05 -7.319872E-06
200549  3.009408E-06 -6.308688E-06
200550 -8.601260E-06 -1.115745E-07
200551 -1.020375E-05  4.562404E-06
200552 -4.577854E-06  3.265655E-06
200553  7.302175E-07 -1.810895E-06
200554  1.844318E-06 -4.560781E-06
200555  6.538045E-07 -1.559762E-06
200556  6.362820E-07  4.478425E-06
200557  2.416290E-06  7.579250E-06
200558  3.497721E-06  4.348862E-06
200559  1.499499E-06 -2.959675E-06
200560 -2.801131E-06 -8.590963E-06
200561 -5.613927E-06 -8.239572E-06
200562 -3.579493E-06 -2.440347E-06
200563  2.397863E-06  4.197240E-06
200564  6.902267E-06  7.029978E-06
200565  4.704100E-06  5.258433E-06
200566 -3.365817E-06  2.292168E-06
200567 -9.727963E-06  2.118509E-06
200568 -6.734433E-06  4.895232E-06
200569  5.095176E-06  6.245685E-06
200570  1.605219E-05  1.572263E-06
200571  1.546485E-05 -8.620959E-06
200572  1.363281E-06 -1.821475E-05
200573 -1.798423E-05 -2.082517E-05
200574 -3.171975E-05 -1.545347E-05
200575 -3.525948E-05 -6.563223E-06
200576 -3.242320E-05  5.260670E-07
200577  6.532518E-06  1.984668E-05
200578 -1.484834E-06  1.814171E-05
200579 -1.950643E-05  1.110397E-05
200580 -3.310570E-05 -2.268812E-06
200581 -3.020201E-05 -1.535744E-05
200582 -1.176602E-05 -1.861345E-05
200583  7.824529E-06 -1.082523E-05
200584  1.369392E-05 -1.357756E-06
200585  4.664430E-06  3.354553E-07
200586 -6.636012E-06 -5.116290E-06
200587 -7.871069E-06 -8.883745E-06
200588  6.494692E-07 -4.371212E-06
200589  8.327686E-06  5.953587E-06
200590  6.867197E-06  1.350073E-05
200591 -1.621602E-06  1.182365E-05
200592 -8.359415E-06  2.033929E-06
200593 -7.301803E-06 -8.539615E-06
200594 -7.775131E-08 -1.228197E-05
200595  6.703565E-06 -6.919337E-06
200596  7.527861E-06  2.977255E-06
200597  2.179162E-06  9.561818E-06
200598 -4.342888E-06  8.007121E-06
200599 -6.065132E-06  6.089992E-07
200600 -1.785670E-06 -5.420982E-06
200601  2.998571E-06 -5.092034E-06
200602  1.712322E-06 -5.716733E-07
200603 -4.548434E-06  1.808206E-06
200604 -6.126955E-06 -6.063732E-07
200605  3.755761E-06 -3.503110E-06
200606  1.703799E-05 -1.316145E-06
200607  1.570245E-05  4.917544E-06
200608 -6.745246E-06  7.763923E-06
200609 -3.072738E-05  1.929945E-06
200610 -2.452597E-05 -9.515371E-06
200611  2.255657E-05 -1.901957E-05
200612  8.265875E-05 -2.300950E-05
200613  1.100261E-04 -2.377416E-05
200614  8.246172E-05 -2.340857E-05
200615  2.225820E-05 -1.967825E-05
200616 -2.482398E-05 -1.022802E-05
200617 -3.099696E-05  1.341289E-06
200618 -7.018653E-06  7.389994E-06
200619  1.541153E-05  4.756321E-06
200620  1.678059E-05 -1.323989E-06
200621  3.609156E-06 -3.429260E-06
200622 -6.134956E-06 -5.118195E-07
200623 -4.470076E-06  1.870874E-06
200624  1.785027E-06 -5.846049E-07
200625  2.999195E-06 -5.194516E-06
200626 -1.865127E-06 -5.580014E-06
200627 -6.188669E-06  4.548831E-07
200628 -4.466537E-06  7.905053E-06
200629  2.080225E-06  9.521569E-06
200630  7.455367E-06  2.986743E-06
200631  6.653031E-06 -6.869623E-06
200632 -9.712304E-08 -1.220130E-05
200633 -7.268732E-06 -8.458340E-06
200634 -8.266826E-06  2.064911E-06
200635 -1.495323E-06  1.177030E-05
200636  6.988462E-06  1.338071E-05
200637  8.432813E-06  5.820858E-06
200638  7.624890E-07 -4.481385E-06
200639 -7.734822E-06 -8.984033E-06
200640 -6.516452E-06 -5.231045E-06
200641  4.684304E-06  2.286503E-07
200642  1.355594E-05 -1.383925E-06
200643  7.549097E-06 -1.070965E-05
200644 -1.209739E-05 -1.836207E-05
200645 -3.051200E-05 -1.503421E-05
200646 -3.336022E-05 -1.948850E-06
200647 -1.969564E-05  1.136000E-05
200648 -1.590556E-06  1.828554E-05
200649  5.834024E-05  2.799551E-05
200650  4.574491E-05  3.071701E-05
200651  1.499657E-05  3.085389E-05
200652 -1.565424E-05  1.771915E-05
200653 -2.732054E-05 -2.118999E-06
200654 -1.581577E-05 -1.099806E-05
200655  3.476033E-06 -3.619983E-06
200656  1.067320E-05  6.208781E-06
200657  1.856875E-06  3.859960E-06
200658 -8.884897E-06 -8.692957E-06
200659 -7.706156E-06 -1.720757E-05
200660  3.314608E-06 -1.235599E-05
200661  1.082188E-05  1.446656E-06
200662  6.805585E-06  1.243692E-05
200663 -3.544358E-06  1.301588E-05
200664 -9.559286E-06  4.781007E-06
200665 -6.547170E-06 -4.918116E-06
200666  1.550236E-06 -9.326408E-06
200667  7.713949E-06 -6.292198E-06
200668  7.508652E-06  1.176407E-06
200669  1.116398E-06  7.055773E-06
200670 -6.776954E-06  6.604037E-06
200671 -9.284300E-06  5.659410E-07
200672 -3.153242E-06 -5.140702E-06
200673  6.103372E-06 -5.422716E-06
200674  8.151250E-06 -1.538863E-06
200675  2.556154E-07  1.019629E-06
200676 -6.748727E-06  1.639132E-07
200677 -8.640684E-07 -5.713760E-09
200678  1.237530E-05  3.931819E-06
200679  1.170276E-05  7.314791E-06
200680 -1.231859E-05  1.483342E-06
200681 -3.529952E-05 -1.371241E-05
200682 -1.584645E-05 -2.603749E-05
200683  5.904672E-05 -2.385007E-05
200684  1.491389E-04 -1.109483E-05
200685  1.895766E-04 -3.954115E-06
200686  1.489866E-04 -1.151085E-05
200687  5.886050E-05 -2.451842E-05
200688 -1.596290E-05 -2.673667E-05
200689 -3.536643E-05 -1.427863E-05
200690 -1.243902E-05  1.108968E-06
200691  1.148049E-05  7.107951E-06
200692  1.212980E-05  3.839320E-06
200693 -9.962849E-07 -1.933707E-08
200694 -6.697795E-06  2.127774E-07
200695  4.411696E-07  1.095362E-06
200696  8.355595E-06 -1.504705E-06
200697  6.227232E-06 -5.481659E-06
200698 -3.146824E-06 -5.271653E-06
200699 -9.371963E-06  4.401228E-07
200700 -6.899799E-06  6.542465E-06
200701  1.019480E-06  7.054693E-06
200702  7.467906E-06  1.196140E-06
200703  7.720411E-06 -6.276439E-06
200704  1.583962E-06 -9.316501E-06
200705 -6.487074E-06 -4.926466E-06
200706 -9.462896E-06  4.717685E-06
200707 -3.418563E-06  1.287395E-05
200708  6.940109E-06  1.224641E-05
200709  1.096111E-05  1.270414E-06
200710  3.472235E-06 -1.248996E-05
200711 -7.545132E-06 -1.733176E-05
200712 -8.796294E-06 -8.838144E-06
200713  1.782088E-06  3.740190E-06
200714  1.042365E-05  6.217871E-06
200715  3.159772E-06 -3.425157E-06
200716 -1.604702E-05 -1.066341E-05
200717 -2.739469E-05 -1.736404E-06
200718 -1.561964E-05  1.808716E-05
200719  1.504834E-05  3.116533E-05
200720  4.576917E-05  3.090587E-05
200721  8.777073E-05  1.544514E-05
200722  7.479526E-05  2.624979E-05
200723  4.136829E-05  4.071050E-05
200724  3.989944E-06  3.227650E-05
200725 -1.637814E-05  6.541121E-06
200726 -1.157995E-05 -7.145698E-06
200727  4.191858E-06  2.622215E-06
200728  9.361638E-06  1.634907E-05
200729 -8.220702E-07  1.279140E-05
200730 -1.128977E-05 -4.923818E-06
200731 -8.285320E-06 -1.765523E-05
200732  3.865233E-06 -1.463904E-05
200733  1.043998E-05 -2.303313E-06
200734  5.281552E-06  6.893152E-06
200735 -3.831852E-06  7.609461E-06
200736 -6.970659E-06  3.308681E-06
200737 -3.087877E-06 -6.547024E-07
200738  2.160155E-06 -2.256496E-06
200739  4.645053E-06 -1.991442E-06
200740  3.972291E-06 -4.216274E-07
200741  4.017453E-07  1.552704E-06
200742 -5.113028E-06  1.951790E-06
200743 -8.048669E-06 -1.418047E-07
200744 -3.146145E-06 -2.489513E-06
200745  7.049571E-06 -2.238468E-06
200746  1.120483E-05 -1.891218E-07
200747  2.615638E-06  3.453229E-07
200748 -8.863322E-06 -6.231717E-07
200749 -7.024327E-06  1.250547E-06
200750  6.749385E-06  6.839923E-06
200751  1.000925E-05  7.713513E-06
200752 -1.085227E-05 -5.291109E-06
200753 -3.229497E-05 -2.609594E-05
200754 -9.411181E-06 -3.297553E-05
200755  7.319538E-05 -1.143838E-05
200756  1.722222E-04  2.447401E-05
200757  2.166782E-04  4.206032E-05
200758  1.721142E-04  2.413914E-05
200759  7.311607E-05 -1.193310E-05
200760 -9.358268E-06 -3.342711E-05
200761 -3.217264E-05 -2.640422E-05
200762 -1.082356E-05 -5.471403E-06
200763  9.867752E-06  7.592470E-06
200764  6.535364E-06  6.726143E-06
200765 -7.138848E-06  1.154285E-06
200766 -8.788678E-06 -6.499058E-07
200767  2.836081E-06  3.975603E-07
200768  1.146008E-05 -1.334324E-07
200769  7.241218E-06 -2.264756E-06
200770 -3.071585E-06 -2.593285E-06
200771 -8.094424E-06 -2.387416E-07
200772 -5.227205E-06  1.924871E-06
200773  3.066246E-07  1.576605E-06
200774  3.958278E-06 -4.099228E-07
200775  4.701947E-06 -2.026831E-06
200776  2.234108E-06 -2.329987E-06
200777 -3.028469E-06 -7.559502E-07
200778 -6.918602E-06  3.165767E-06
200779 -3.775407E-06  7.420028E-06
200780  5.344343E-06  6.699545E-06
200781  1.052011E-05 -2.441612E-06
200782  3.975606E-06 -1.471976E-05
200783 -8.176868E-06 -1.774471E-05
200784 -1.127525E-05 -5.063074E-06
200785 -9.809568E-07  1.267387E-05
200786  9.067504E-06  1.638095E-05
200787  3.934326E-06  2.837885E-06
200788 -1.162052E-05 -6.843916E-06
200789 -1.617282E-05  6.830431E-06
200790  4.297595E-06  3.255461E-05
200791  4.160753E-05  4.099420E-05
200792  7.490414E-05  2.645334E-05
200793  8.344955E-05 -1.660760E-05
200794  7.326275E-05  4.754819E-06
200795  4.590082E-05  3.828168E-05
200796  1.337520E-05  3.738237E-05
200797 -5.999227E-06  6.268574E-06
200798 -3.693065E-06 -1.179836E-05
200799  7.957874E-06  1.680274E-06
200800  9.436904E-06  2.125916E-05
200801 -2.314049E-06  1.947502E-05
200802 -1.206530E-05  8.378103E-07
200803 -8.072905E-06 -1.232359E-05
200804  3.165282E-06 -1.030140E-05
200805  7.584079E-06 -2.028798E-06
200806  2.229887E-06  1.393838E-06
200807 -3.458117E-06 -5.211754E-07
200808 -2.408235E-06 -1.238289E-06
200809  1.637518E-06  2.045191E-06
200810  2.092927E-06  5.073006E-06
200811 -4.256290E-07  3.347231E-06
200812 -9.679206E-07 -1.473058E-06
200813  4.987583E-07 -4.253422E-06
200814 -5.947625E-07 -3.121580E-06
200815 -4.083243E-06 -4.256582E-07
200816 -3.080282E-06  1.577573E-06
200817  4.879440E-06  2.446061E-06
200818  1.031000E-05  1.593261E-06
200819  3.258305E-06 -1.367064E-06
200820 -9.722455E-06 -3.448073E-06
200821 -1.094955E-05  2.484489E-07
200822  2.588628E-06  8.205781E-06
200823  1.031083E-05  8.755724E-06
200824 -4.251899E-06 -7.659157E-06
200825 -2.296154E-05 -3.041877E-05
200826 -5.249737E-06 -3.128017E-05
200827  6.447790E-05  5.764850E-06
200828  1.493419E-04  5.916628E-05
200829  1.875871E-04  8.450857E-05
200830  1.492365E-04  5.894349E-05
200831  6.441703E-05  5.500982E-06
200832 -5.153627E-06 -3.141622E-05
200833 -2.278079E-05 -3.041043E-05
200834 -4.167823E-06 -7.603967E-06
200835  1.021695E-05  8.748645E-06
200836  2.422421E-06  8.085623E-06
200837 -1.102149E-05  6.296394E-08
200838 -9.634897E-06 -3.581162E-06
200839  3.451411E-06 -1.382813E-06
200840  1.052478E-05  1.627959E-06
200841  5.057397E-06  2.422305E-06
200842 -2.983608E-06  1.482210E-06
200843 -4.099257E-06 -5.126026E-07
200844 -6.987520E-07 -3.141767E-06
200845  4.004217E-07 -4.234297E-06
200846 -9.743376E-07 -1.482411E-06
200847 -3.460921E-07  3.276136E-06
200848  2.181897E-06  4.955585E-06
200849  1.681466E-06  1.901230E-06
200850 -2.406720E-06 -1.410352E-06
200851 -3.478572E-06 -7.116398E-07
200852  2.203110E-06  1.237335E-06
200853  7.575752E-06 -2.098563E-06
200854  3.194104E-06 -1.030983E-05
200855 -8.042332E-06 -1.236814E-05
200856 -1.212176E-05  7.112612E-07
200857 -2.513711E-06  1.936505E-05
200858  9.167977E-06  2.131176E-05
200859  7.816392E-06  1.895550E-06
200860 -3.538519E-06 -1.157644E-05
200861 -5.579025E-06  6.403216E-06
200862  1.383983E-05  3.752090E-05
200863  4.620400E-05  3.851678E-05
200864  7.337701E-05  4.972121E-06
200865  6.059162E-05 -5.768974E-05
200866  5.292286E-05 -2.543624E-05
200867  3.303851E-05  2.791947E-05
200868  1.108592E-05  3.559253E-05
200869  2.667908E-07  4.486587E-07
200870  4.542547E-06 -2.113832E-05
200871  1.241195E-05 -4.589621E-06
200872  9.657322E-06  1.963461E-05
200873 -2.834133E-06  2.030306E-05
200874 -1.089479E-05  4.031153E-06
200875 -6.540583E-06 -5.792933E-06
200876  2.197868E-06 -2.804487E-06
200877  3.749828E-06  1.435137E-06
200878 -1.273545E-06 -1.714237E-06
200879 -2.999023E-06 -7.418880E-06
200880  2.000250E-06 -6.162384E-06
200881  5.793565E-06  2.802901E-06
200882  1.695386E-06  1.001030E-05
200883 -5.128865E-06  7.407868E-06
200884 -5.190035E-06 -1.954203E-06
200885  1.155680E-06 -8.287168E-06
200886  4.350025E-06 -6.548275E-06
200887  2.262327E-07 -6.752751E-08
200888 -3.436238E-06  5.294995E-06
200889  8.550610E-07  6.286641E-06
200890  7.069312E-06  2.499081E-06
200891  3.383164E-06 -3.755661E-06
200892 -8.152185E-06 -6.831837E-06
200893 -1.139901E-05 -1.484352E-06
200894 -1.058947E-07  8.954304E-06
200895  9.723028E-06  1.095990E-05
200896  2.110495E-06 -5.103923E-06
200897 -1.159876E-05 -2.700900E-05
200898 -1.451902E-06 -2.495377E-05
200899  4.446008E-05  1.686672E-05
200900  1.008706E-04  7.482601E-05
200901  1.262294E-04  1.020653E-04
200902  1.007319E-04  7.468850E-05
200903  4.433403E-05  1.678120E-05
200904 -1.439331E-06 -2.484983E-05
200905 -1.149414E-05 -2.677211E-05
200906  2.152829E-06 -4.890496E-06
200907  9.641423E-06  1.102562E-05
200908 -2.061755E-07  8.827796E-06
200909 -1.138956E-05 -1.739010E-06
200910 -8.029918E-06 -7.059003E-06
200911  3.533742E-06 -3.846997E-06
200912  7.199157E-06  2.492644E-06
200913  9.696834E-07  6.247082E-06
200914 -3.350547E-06  5.196649E-06
200915  2.311301E-07 -1.578015E-07
200916  4.262573E-06 -6.585245E-06
200917  1.056407E-06 -8.297986E-06
200918 -5.204741E-06 -1.991550E-06
200919 -5.056748E-06  7.323841E-06
200920  1.774550E-06  9.895215E-06
200921  5.820364E-06  2.669462E-06
200922  1.974230E-06 -6.319291E-06
200923 -3.061919E-06 -7.585409E-06
200924 -1.358513E-06 -1.831764E-06
200925  3.675162E-06  1.416694E-06
200926  2.160510E-06 -2.765801E-06
200927 -6.569945E-06 -5.812692E-06
200928 -1.098997E-05  3.909049E-06
200929 -3.027303E-06  2.020130E-05
200930  9.454263E-06  1.971133E-05
200931  1.238769E-05 -4.368686E-06
200932  4.836128E-06 -2.098292E-05
200933  7.989583E-07  4.495182E-07
200934  1.158763E-05  3.561344E-05
200935  3.330261E-05  2.812239E-05
200936  5.298354E-05 -2.519687E-05
200937  4.102874E-05 -9.548606E-05
200938  3.254970E-05 -5.451049E-05
200939  1.456600E-05  1.492529E-05
200940  2.075137E-06  3.047330E-05
200941  3.058913E-06 -5.962802E-06
200942  1.197017E-05 -2.905154E-05
200943  1.626141E-05 -1.104247E-05
200944  9.281625E-06  1.456272E-05
200945 -2.815047E-06  1.640202E-05
200946 -8.361086E-06  3.793385E-06
200947 -4.176600E-06 -9.068501E-07
200948  1.313266E-06  4.157196E-06
200949  1.983314E-07  5.549936E-06
200950 -4.098787E-06 -2.542575E-06
200951 -2.567275E-06 -1.129503E-05
200952  5.008018E-06 -9.507986E-06
200953  8.306581E-06  2.325253E-06
200954  1.233791E-06  1.195031E-05
200955 -8.071749E-06  9.315610E-06
200956 -7.627094E-06 -2.016628E-06
200957  1.846196E-06 -9.950370E-06
200958  7.857871E-06 -7.800976E-06
200959  3.339842E-06  6.116068E-07
200960 -3.940633E-06  7.518434E-06
200961 -3.107011E-06  8.138589E-06
200962  3.406464E-06  2.311489E-06
200963  3.525197E-06 -5.824650E-06
200964 -4.859644E-06 -9.115823E-06
200965 -9.235914E-06 -2.620400E-06
200966 -2.082669E-06  9.185665E-06
200967  6.412510E-06  1.280165E-05
200968  4.327491E-06 -4.892155E-07
200969 -2.298357E-06 -1.927600E-05
200970  3.088656E-06 -1.717809E-05
200971  2.504006E-05  1.921369E-05
200972  5.013320E-05  6.918620E-05
200973  6.087699E-05  9.258047E-05
200974  4.995844E-05  6.908560E-05
200975  2.482399E-05  1.921025E-05
200976  2.962793E-06 -1.696697E-05
200977 -2.334813E-06 -1.895247E-05
200978  4.281394E-06 -2.323698E-07
200979  6.326607E-06  1.288238E-05
200980 -2.108617E-06  9.059501E-06
200981 -9.122786E-06 -2.895286E-06
200982 -4.678948E-06 -9.383953E-06
200983  3.648004E-06 -5.961117E-06
200984  3.453384E-06  2.271035E-06
200985 -3.063651E-06  8.082383E-06
200986 -3.876215E-06  7.418665E-06
200987  3.362938E-06  5.188959E-07
200988  7.795190E-06 -7.860155E-06
200989  1.754730E-06 -9.998917E-06
200990 -7.655166E-06 -2.081734E-06
200991 -8.025863E-06  9.232470E-06
200992  1.287433E-06  1.186194E-05
200993  8.320477E-06  2.229673E-06
200994  4.981211E-06 -9.628807E-06
200995 -2.632765E-06 -1.143319E-05
200996 -4.199672E-06 -2.638758E-06
200997  9.580563E-08  5.548595E-06
200998  1.243297E-06  4.207228E-06
200999 -4.233319E-06 -9.245766E-07
201000 -8.459344E-06  3.669262E-06
201001 -2.970303E-06  1.630894E-05
201002  9.149859E-06  1.466342E-05
201003  1.631552E-05 -1.080638E-05
201004  1.232565E-05 -2.892598E-05
201005  3.614864E-06 -6.036676E-06
201006  2.541095E-06  3.042723E-05
201007  1.474470E-05  1.511572E-05
201008  3.253566E-05 -5.425036E-05
201009  3.765558E-05 -1.205771E-04
201010  2.404725E-05 -7.519188E-05
201011 -3.563706E-07  2.723404E-06
201012 -8.291952E-06  2.386644E-05
201013  4.169654E-06 -1.025408E-05
201014  1.834058E-05 -3.193413E-05
201015  1.900468E-05 -1.411402E-05
201016  8.236871E-06  9.352880E-06
201017 -2.424350E-06  1.064550E-05
201018 -5.176069E-06  1.677021E-06
201019 -1.759641E-06  1.926547E-06
201020  4.075529E-07  8.799619E-06
201021 -2.518001E-06  8.427558E-06
201022 -5.720775E-06 -2.226809E-06
201023 -2.112479E-06 -1.238775E-05
201024  6.391300E-06 -1.082319E-05
201025  9.097499E-06  1.436495E-06
201026  8.868862E-07  1.168725E-05
201027 -9.040407E-06  9.454202E-06
201028 -8.305093E-06 -1.836724E-06
201029  2.182088E-06 -9.803708E-06
201030  9.313917E-06 -7.470431E-06
201031  4.884450E-06  1.249306E-06
201032 -4.155779E-06  8.158117E-06
201033 -5.747453E-06  8.150386E-06
201034  4.816090E-07  1.428867E-06
201035  3.603959E-06 -6.943040E-06
201036 -1.252386E-06 -9.589836E-06
201037 -5.943440E-06 -2.690853E-06
201038 -3.663391E-06  8.590258E-06
201039  8.430082E-07  1.254179E-05
201040  1.975447E-06  2.856571E-06
201041  3.204527E-06 -1.096211E-05
201042  8.207702E-06 -9.552090E-06
201043  1.218338E-05  1.583409E-05
201044  1.080660E-05  5.017238E-05
201045  8.763857E-06  6.609455E-05
201046  1.062238E-05  5.007000E-05
201047  1.190870E-05  1.583032E-05
201048  7.962384E-06 -9.349940E-06
201049  3.036155E-06 -1.067194E-05
201050  1.848273E-06  3.064926E-06
201051  7.556656E-07  1.259426E-05
201052 -3.621403E-06  8.476428E-06
201053 -5.735167E-06 -2.931785E-06
201054 -1.011105E-06 -9.835022E-06
201055  3.715640E-06 -7.080664E-06
201056  4.685141E-07  1.373693E-06
201057 -5.758867E-06  8.085977E-06
201058 -4.108631E-06  8.065754E-06
201059  4.924220E-06  1.164641E-06
201060  9.279859E-06 -7.541808E-06
201061  2.107211E-06 -9.881292E-06
201062 -8.342576E-06 -1.922934E-06
201063 -9.024553E-06  9.375463E-06
201064  9.119282E-07  1.162671E-05
201065  9.104658E-06  1.380222E-06
201066  6.380267E-06 -1.090638E-05
201067 -2.155816E-06 -1.250236E-05
201068 -5.807059E-06 -2.319157E-06
201069 -2.616513E-06  8.416164E-06
201070  3.338548E-07  8.836245E-06
201071 -1.817709E-06  1.899700E-06
201072 -5.253965E-06  1.553252E-06
201073 -2.530119E-06  1.056396E-05
201074  8.159156E-06  9.471436E-06
201075  1.908473E-05 -1.386304E-05
201076  1.868819E-05 -3.180604E-05
201077  4.692788E-06 -1.034088E-05
201078 -7.887417E-06  2.380350E-05
201079 -2.636227E-07  2.909722E-06
201080  2.396501E-05 -7.492536E-05
201081  5.142206E-05 -1.277358E-04
201082  2.945079E-05 -8.353781E-05
201083 -8.077622E-06 -7.084904E-06
201084 -1.670295E-05  1.616730E-05
201085  4.842201E-06 -1.209665E-05
201086  2.337043E-05 -2.936927E-05
201087  2.039093E-05 -1.305851E-05
201088  6.744157E-06  5.627143E-06
201089 -1.644697E-06  5.311815E-06
201090 -1.856889E-06 -4.308756E-07
201091  1.427035E-07  3.528327E-06
201092 -7.071888E-07  1.106086E-05
201093 -4.383573E-06  9.478007E-06
201094 -6.192704E-06 -1.768048E-06
201095 -1.600941E-06 -1.181444E-05
201096  6.525881E-06 -1.065577E-05
201097  8.668348E-06  6.381891E-07
201098  7.390927E-07  1.040763E-05
201099 -8.532621E-06  8.705365E-06
201100 -7.812889E-06 -1.553818E-06
201101  2.046748E-06 -8.809378E-06
201102  9.049626E-06 -6.473202E-06
201103  5.211056E-06  1.679209E-06
201104 -3.858819E-06  7.781278E-06
201105 -6.764368E-06  7.081179E-06
201106 -1.393185E-06  3.015719E-07
201107  3.384090E-06 -7.095475E-06
201108  1.605124E-06 -8.457782E-06
201109 -2.649336E-06 -1.835244E-06
201110 -4.718716E-06  7.037126E-06
201111 -5.255682E-06  9.473591E-06
201112 -2.968305E-06  3.084274E-06
201113  5.485405E-06 -4.446251E-06
201114  1.327804E-05 -2.631490E-06
201115  6.173728E-06  1.077871E-05
201116 -1.438670E-05  2.705057E-05
201117 -2.606740E-05  3.419517E-05
201118 -1.454330E-05  2.693065E-05
201119  5.897056E-06  1.073137E-05
201120  1.297082E-05 -2.505673E-06
201121  5.235391E-06 -4.257072E-06
201122 -3.138682E-06  3.196742E-06
201123 -5.330057E-06  9.476983E-06
201124 -4.624367E-06  6.944920E-06
201125 -2.377478E-06 -2.003931E-06
201126  1.886222E-06 -8.631158E-06
201127  3.489594E-06 -7.198552E-06
201128 -1.443224E-06  2.492158E-07
201129 -6.808514E-06  7.018685E-06
201130 -3.820998E-06  7.706881E-06
201131  5.264165E-06  1.615365E-06
201132  9.041558E-06 -6.541113E-06
201133  1.992344E-06 -8.899870E-06
201134 -7.852916E-06 -1.651121E-06
201135 -8.540085E-06  8.630167E-06
201136  7.428109E-07  1.036549E-05
201137  8.675932E-06  6.104536E-07
201138  6.536462E-06 -1.070870E-05
201139 -1.613804E-06 -1.191158E-05
201140 -6.248988E-06 -1.866215E-06
201141 -4.458612E-06  9.443444E-06
201142 -7.678634E-07  1.107399E-05
201143  9.544918E-08  3.492331E-06
201144 -1.907030E-06 -5.453019E-07
201145 -1.704797E-06  5.246874E-06
201146  6.695756E-06  5.753664E-06
201147  2.045067E-05 -1.280377E-05
201148  2.365871E-05 -2.922123E-05
201149  5.300371E-06 -1.214832E-05
201150 -1.636032E-05  1.612688E-05
201151 -8.050303E-06 -6.903218E-06
201152  2.931889E-05 -8.328536E-05
201153  7.543383E-05 -1.152851E-04
201154  4.420643E-05 -7.816664E-05
201155 -8.907457E-06 -1.373784E-05
201156 -2.167231E-05  7.440425E-06
201157  5.585732E-06 -1.225916E-05
201158  2.657392E-05 -2.272177E-05
201159  2.019576E-05 -8.874867E-06
201160  5.021734E-06  3.570004E-06
201161 -4.689580E-07  1.513743E-06
201162  1.255049E-06 -1.322300E-06
201163  1.250271E-06  4.809371E-06
201164 -2.136415E-06  1.158989E-05
201165 -5.598507E-06  8.914588E-06
201166 -5.813081E-06 -1.703565E-06
201167 -1.016894E-06 -1.064554E-05
201168  5.939448E-06 -9.770224E-06
201169  7.606207E-06  1.348067E-07
201170  7.798556E-07  9.051585E-06
201171 -7.213405E-06  7.830825E-06
201172 -6.779406E-06 -1.274723E-06
201173  1.521466E-06 -7.771349E-06
201174  7.734385E-06 -5.514518E-06
201175  4.853814E-06  1.919282E-06
201176 -3.070974E-06  7.056021E-06
201177 -6.456460E-06  5.661874E-06
201178 -2.382993E-06 -8.135792E-07
201179  2.752418E-06 -6.602860E-06
201180  3.299823E-06 -6.284040E-06
201181  9.495427E-08 -3.626142E-07
201182 -5.053678E-06  4.714996E-06
201183 -1.024713E-05  3.957129E-06
201184 -7.997147E-06  6.884830E-08
201185  6.268607E-06 -4.172049E-07
201186  1.788961E-05  3.573552E-06
201187  4.415421E-06  6.628961E-06
201188 -2.934067E-05  5.664668E-06
201189 -4.788887E-05  4.237170E-06
201190 -2.943860E-05  5.532968E-06
201191  4.189956E-06  6.533010E-06
201192  1.758215E-05  3.603123E-06
201193  5.994629E-06 -3.482458E-07
201194 -8.167230E-06  7.717017E-08
201195 -1.029105E-05  3.909505E-06
201196 -4.923465E-06  4.647969E-06
201197  3.911023E-07 -4.430605E-07
201198  3.587526E-06 -6.361168E-06
201199  2.845214E-06 -6.652356E-06
201200 -2.454951E-06 -8.527001E-07
201201 -6.516225E-06  5.610235E-06
201202 -3.036665E-06  7.009884E-06
201203  4.915354E-06  1.887210E-06
201204  7.745414E-06 -5.565814E-06
201205  1.485465E-06 -7.860402E-06
201206 -6.817854E-06 -1.373595E-06
201207 -7.234800E-06  7.759358E-06
201208  7.738747E-07  9.020316E-06
201209  7.621778E-06  1.256481E-07
201210  5.972053E-06 -9.800817E-06
201211 -9.997449E-07 -1.072979E-05
201212 -5.833211E-06 -1.810241E-06
201213 -5.639753E-06  8.854305E-06
201214 -2.177257E-06  1.157840E-05
201215  1.214293E-06  4.768640E-06
201216  1.227033E-06 -1.417594E-06
201217 -4.967804E-07  1.470009E-06
201218  4.979528E-06  3.692789E-06
201219  2.020307E-05 -8.635026E-06
201220  2.676851E-05 -2.255236E-05
201221  5.957177E-06 -1.224622E-05
201222 -2.138824E-05  7.450670E-06
201223 -8.922672E-06 -1.356273E-05
201224  4.404561E-05 -7.794637E-05
