Mesh2HRTF 0.1.2
    1
    1  1225
200000 -1.035954E-06 -1.107733E-05
200001 -1.086981E-06  1.154131E-05
200002 -1.092645E-06  1.149046E-05
200003 -1.110405E-06  1.133476E-05
200004 -1.139437E-06  1.106861E-05
200005 -1.178387E-06  1.068312E-05
200006 -1.225361E-06  1.016688E-05
200007 -1.277925E-06  9.506947E-06
200008 -1.333106E-06  8.690132E-06
200009 -1.387425E-06  7.704576E-06
200010 -1.436963E-06  6.541482E-06
200011 -1.477474E-06  5.196962E-06
200012 -1.504556E-06  3.673850E-06
200013 -1.513890E-06  1.983276E-06
200014 -1.501520E-06  1.458285E-07
200015 -1.464178E-06 -1.807931E-06
200016 -1.399610E-06 -3.837769E-06
200017 -1.306857E-06 -5.895014E-06
200018 -1.186465E-06 -7.924763E-06
200019 -1.040565E-06 -9.868946E-06
200020 -8.728106E-07 -1.167003E-05
200021 -6.881615E-07 -1.327506E-05
200022 -4.925175E-07 -1.463956E-05
200023 -2.922664E-07 -1.573092E-05
200024 -9.377820E-08 -1.653089E-05
200025  9.707977E-08 -1.703683E-05
200026  2.753459E-07 -1.726169E-05
200027  4.372455E-07 -1.723261E-05
200028  5.803205E-07 -1.698854E-05
200029  7.034095E-07 -1.657700E-05
200030  8.065003E-07 -1.605054E-05
200031  8.904891E-07 -1.546314E-05
200032  9.568891E-07 -1.486694E-05
200033  1.007531E-06 -1.430957E-05
200034  1.044287E-06 -1.383206E-05
200035  1.068836E-06 -1.346735E-05
200036  1.082485E-06 -1.323947E-05
200037  1.086047E-06 -1.316297E-05
200038  1.079775E-06 -1.324272E-05
200039  1.063337E-06 -1.347381E-05
200040  1.035847E-06 -1.384165E-05
200041  9.959424E-07 -1.432218E-05
200042  9.419131E-07 -1.488240E-05
200043  8.718856E-07 -1.548123E-05
200044  7.840591E-07 -1.607101E-05
200045  6.769841E-07 -1.659953E-05
200046  5.498596E-07 -1.701276E-05
200047  4.028195E-07 -1.725814E-05
200048  2.371650E-07 -1.728809E-05
200049  5.550311E-08 -1.706368E-05
200050 -1.382454E-07 -1.655774E-05
200051 -3.389875E-07 -1.575736E-05
200052 -5.407489E-07 -1.466522E-05
200053 -7.370873E-07 -1.329961E-05
200054 -9.215828E-07 -1.169321E-05
200055 -1.088343E-06 -9.890551E-06
200056 -1.232463E-06 -7.944686E-06
200057 -1.350377E-06 -5.913214E-06
200058 -1.440070E-06 -3.854275E-06
200059 -1.501138E-06 -1.822828E-06
200060 -1.534688E-06  1.324151E-07
200061 -1.543126E-06  1.971197E-06
200062 -1.529859E-06  3.662953E-06
200063 -1.498968E-06  5.187110E-06
200064 -1.454875E-06  6.532563E-06
200065 -1.402057E-06  7.696520E-06
200066 -1.344808E-06  8.682908E-06
200067 -1.287069E-06  9.500567E-06
200068 -1.232315E-06  1.016139E-05
200069 -1.183491E-06  1.067859E-05
200070 -1.142988E-06  1.106512E-05
200071 -1.112636E-06  1.133239E-05
200072 -1.093718E-06  1.148925E-05
200073  1.137131E-06  8.754232E-06
200074  1.122510E-06  8.868154E-06
200075  1.083621E-06  9.198276E-06
200076  1.020072E-06  9.728079E-06
200077  9.308728E-07  1.042852E-05
200078  8.142093E-07  1.125567E-05
200079  6.674719E-07  1.214807E-05
200080  4.877536E-07  1.302447E-05
200081  2.729364E-07  1.378304E-05
200082  2.331096E-08  1.430337E-05
200083 -2.565201E-07  1.445235E-05
200084 -5.558946E-07  1.409496E-05
200085 -8.570621E-07  1.311002E-05
200086 -1.135437E-06  1.140996E-05
200087 -1.361537E-06  8.962179E-06
200088 -1.504671E-06  5.808378E-06
200089 -1.537999E-06  2.077230E-06
200090 -1.444074E-06 -2.014067E-06
200091 -1.219635E-06 -6.172630E-06
200092 -8.783299E-07 -1.005788E-05
200093 -4.503329E-07 -1.332206E-05
200094  2.147008E-08 -1.565728E-05
200095  4.881892E-07 -1.684046E-05
200096  9.031166E-07 -1.676711E-05
200097  1.229482E-06 -1.546642E-05
200098  1.445931E-06 -1.309422E-05
200099  1.548509E-06 -9.905411E-06
200100  1.548962E-06 -6.211884E-06
200101  1.470167E-06 -2.335473E-06
200102  1.340210E-06  1.434467E-06
200103  1.186745E-06  4.871093E-06
200104  1.032902E-06  7.823832E-06
200105  8.952904E-07  1.021608E-05
200106  7.839684E-07  1.203048E-05
200107  7.037673E-07  1.328720E-05
200108  6.561908E-07  1.402084E-05
200109  6.412179E-07  1.426084E-05
200110  6.585424E-07  1.401842E-05
200111  7.080109E-07  1.328214E-05
200112  7.891893E-07  1.202243E-05
200113  9.001379E-07  1.020461E-05
200114  1.035640E-06  7.808614E-06
200115  1.185351E-06  4.851985E-06
200116  1.332532E-06  1.411604E-06
200117  1.454136E-06 -2.361647E-06
200118  1.522838E-06 -6.240635E-06
200119  1.511135E-06 -9.935771E-06
200120  1.396944E-06 -1.312506E-05
200121  1.169454E-06 -1.549655E-05
200122  8.335889E-07 -1.679535E-05
200123  4.115918E-07 -1.686571E-05
200124 -5.907055E-08 -1.567859E-05
200125 -5.312718E-07 -1.333873E-05
200126 -9.560257E-07 -1.006949E-05
200127 -1.290689E-06 -6.179123E-06
200128 -1.505624E-06 -2.015799E-06
200129 -1.587946E-06  2.079482E-06
200130 -1.541814E-06  5.813446E-06
200131 -1.385602E-06  8.968597E-06
200132 -1.147013E-06  1.141611E-05
200133 -8.574521E-07  1.311431E-05
200134 -5.469269E-07  1.409600E-05
200135 -2.403314E-07  1.444917E-05
200136  4.448011E-08  1.429551E-05
200137  2.969162E-07  1.377065E-05
200138  5.125747E-07  1.300829E-05
200139  6.914473E-07  1.212936E-05
200140  8.359691E-07  1.123607E-05
200141  9.493629E-07  1.040986E-05
200142  1.034526E-06  9.712168E-06
200143  1.093518E-06  9.186686E-06
200144  1.127533E-06  8.862050E-06
200145  7.898617E-07 -1.043457E-05
200146  7.924974E-07 -1.031308E-05
200147  8.069227E-07 -9.962046E-06
200148  8.421196E-07 -9.353628E-06
200149  9.082850E-07 -8.442039E-06
200150  1.010782E-06 -7.168261E-06
200151  1.144230E-06 -5.470780E-06
200152  1.288530E-06 -3.303974E-06
200153  1.408316E-06 -6.636813E-07
200154  1.456834E-06  2.383386E-06
200155  1.384459E-06  5.672712E-06
200156  1.151104E-06  8.926393E-06
200157  7.404907E-07  1.175896E-05
200158  1.729604E-07  1.371334E-05
200159 -4.875288E-07  1.433102E-05
200160 -1.136557E-06  1.325150E-05
200161 -1.645306E-06  1.032460E-05
200162 -1.888811E-06  5.707517E-06
200163 -1.780915E-06 -8.778618E-08
200164 -1.305950E-06 -6.227188E-06
200165 -5.352572E-07 -1.167987E-05
200166  3.807397E-07 -1.542141E-05
200167  1.246707E-06 -1.666852E-05
200168  1.874443E-06 -1.507914E-05
200169  2.135879E-06 -1.085262E-05
200170  1.997859E-06 -4.691193E-06
200171  1.525649E-06  2.371201E-06
200172  8.546188E-07  9.221701E-06
200173  1.425359E-07  1.492427E-05
200174 -4.780593E-07  1.890308E-05
200175 -9.302175E-07  2.100927E-05
200176 -1.198310E-06  2.147136E-05
200177 -1.313225E-06  2.076701E-05
200178 -1.328305E-06  1.947031E-05
200179 -1.297517E-06  1.812106E-05
200180 -1.262275E-06  1.713945E-05
200181 -1.246994E-06  1.678521E-05
200182 -1.259435E-06  1.714490E-05
200183 -1.291520E-06  1.813039E-05
200184 -1.318788E-06  1.948084E-05
200185 -1.300233E-06  2.077569E-05
200186 -1.182786E-06  2.147562E-05
200187 -9.143469E-07  2.100764E-05
200188 -4.652891E-07  1.889553E-05
200189  1.478768E-07  1.491211E-05
200190  8.480628E-07  9.207159E-06
200191  1.503528E-06  2.356821E-06
200192  1.958200E-06 -4.703088E-06
200193  2.079027E-06 -1.086029E-05
200194  1.803258E-06 -1.508151E-05
200195  1.166311E-06 -1.666503E-05
200196  2.978794E-07 -1.541183E-05
200197 -6.130960E-07 -1.166409E-05
200198 -1.371524E-06 -6.205245E-06
200199 -1.828155E-06 -6.006274E-08
200200 -1.913576E-06  5.739985E-06
200201 -1.645857E-06  1.035984E-05
200202 -1.113685E-06  1.328650E-05
200203 -4.443120E-07  1.436191E-05
200204  2.317184E-07  1.373581E-05
200205  8.090252E-07  1.176892E-05
200206  1.223510E-06  8.920636E-06
200207  1.455417E-06  5.649470E-06
200208  1.522122E-06  2.342704E-06
200209  1.465079E-06 -7.198687E-07
200210  1.335296E-06 -3.371984E-06
200211  1.180755E-06 -5.545547E-06
200212  1.037770E-06 -7.243835E-06
200213  9.270591E-07 -8.512166E-06
200214  8.542753E-07 -9.412359E-06
200215  8.140024E-07 -1.000431E-05
200216  7.957074E-07 -1.033518E-05
200217 -1.506818E-06 -8.232883E-06
200218 -1.527038E-06 -8.351273E-06
200219 -1.586244E-06 -8.743608E-06
200220 -1.641826E-06 -9.404650E-06
200221 -1.635300E-06 -1.029565E-05
200222 -1.507947E-06 -1.131425E-05
200223 -1.216533E-06 -1.227355E-05
200224 -7.467686E-07 -1.290154E-05
200225 -1.234095E-07 -1.286729E-05
200226  5.841698E-07 -1.183562E-05
200227  1.263435E-06 -9.548090E-06
200228  1.770988E-06 -5.922459E-06
200229  1.959053E-06 -1.153120E-06
200230  1.716153E-06  4.218760E-06
200231  1.015374E-06  9.308247E-06
200232 -4.470123E-08  1.300467E-05
200233 -1.227840E-06  1.422199E-05
200234 -2.197138E-06  1.224819E-05
200235 -2.607869E-06  7.096391E-06
200236 -2.237031E-06 -2.878425E-07
200237 -1.101877E-06 -8.104092E-06
200238  4.942192E-07 -1.412062E-05
200239  2.033055E-06 -1.636195E-05
200240  2.964227E-06 -1.383016E-05
200241  2.930302E-06 -6.958678E-06
200242  1.927553E-06  2.433797E-06
200243  3.137828E-07  1.171982E-05
200244 -1.349855E-06  1.835546E-05
200245 -2.544313E-06  2.071693E-05
200246 -2.997468E-06  1.853640E-05
200247 -2.748767E-06  1.279323E-05
200248 -2.061769E-06  5.179026E-06
200249 -1.258557E-06 -2.568600E-06
200250 -5.780190E-07 -9.164045E-06
200251 -1.211935E-07 -1.394700E-05
200252  1.186551E-07 -1.675853E-05
200253  1.867739E-07 -1.767027E-05
200254  1.068092E-07 -1.673986E-05
200255 -1.420817E-07 -1.391465E-05
200256 -6.029709E-07 -9.126433E-06
200257 -1.281704E-06 -2.534967E-06
200258 -2.078142E-06  5.201364E-06
200259 -2.756110E-06  1.280090E-05
200260 -2.997321E-06  1.853064E-05
200261 -2.541770E-06  2.070288E-05
200262 -1.351928E-06  1.834023E-05
200263  3.005938E-07  1.171021E-05
200264  1.899511E-06  2.434398E-06
200265  2.887680E-06 -6.946510E-06
200266  2.911273E-06 -1.380804E-05
200267  1.976959E-06 -1.633324E-05
200268  4.436567E-07 -1.408881E-05
200269 -1.138157E-06 -8.071512E-06
200270 -2.251411E-06 -2.552642E-07
200271 -2.594909E-06  7.129154E-06
200272 -2.154527E-06  1.228103E-05
200273 -1.157100E-06  1.425327E-05
200274  4.863143E-08  1.303059E-05
200275  1.122380E-06  9.323187E-06
200276  1.825970E-06  4.216416E-06
200277  2.060814E-06 -1.178195E-06
200278  1.855704E-06 -5.973513E-06
200279  1.325306E-06 -9.625408E-06
200280  6.210290E-07 -1.193647E-05
200281 -1.104417E-07 -1.298640E-05
200282 -7.541117E-07 -1.303190E-05
200283 -1.239074E-06 -1.240714E-05
200284 -1.539813E-06 -1.144271E-05
200285 -1.670424E-06 -1.041078E-05
200286 -1.674398E-06 -9.498845E-06
200287 -1.611190E-06 -8.810417E-06
200288 -1.540541E-06 -8.385944E-06
200289 -8.384524E-07  8.195623E-06
200290 -9.138450E-07  8.136405E-06
200291 -1.149381E-06  7.868267E-06
200292 -1.490203E-06  7.229766E-06
200293 -1.863284E-06  6.028002E-06
200294 -2.192312E-06  4.117718E-06
200295 -2.402936E-06  1.466034E-06
200296 -2.422088E-06 -1.808359E-06
200297 -2.182281E-06 -5.415946E-06
200298 -1.639351E-06 -8.889225E-06
200299 -8.027677E-07 -1.159664E-05
200300  2.318967E-07 -1.280987E-05
200301  1.265179E-06 -1.186247E-05
200302  2.010753E-06 -8.407023E-06
200303  2.164894E-06 -2.712016E-06
200304  1.529726E-06  4.135381E-06
200305  1.569419E-07  1.029236E-05
200306 -1.562257E-06  1.361244E-05
200307 -2.950725E-06  1.245145E-05
200308 -3.288498E-06  6.562039E-06
200309 -2.184731E-06 -2.375648E-06
200310  1.038756E-07 -1.102526E-05
200311  2.636889E-06 -1.559633E-05
200312  4.159753E-06 -1.358414E-05
200313  3.759518E-06 -5.205706E-06
200314  1.445123E-06  6.341726E-06
200315 -1.750321E-06  1.613952E-05
200316 -4.288711E-06  1.979962E-05
200317 -4.985981E-06  1.552719E-05
200318 -3.656322E-06  4.848827E-06
200319 -1.116417E-06 -8.361622E-06
200320  1.411804E-06 -1.990982E-05
200321  3.035228E-06 -2.715084E-05
200322  3.560618E-06 -2.975232E-05
200323  3.358286E-06 -2.921185E-05
200324  2.968074E-06 -2.770278E-05
200325  2.785024E-06 -2.697110E-05
200326  2.945343E-06 -2.767036E-05
200327  3.315385E-06 -2.915597E-05
200328  3.503686E-06 -2.968796E-05
200329  2.974241E-06 -2.709422E-05
200330  1.358346E-06 -1.987351E-05
200331 -1.153551E-06 -8.351159E-06
200332 -3.675178E-06  4.835950E-06
200333 -4.992247E-06  1.550005E-05
200334 -4.292357E-06  1.977053E-05
200335 -1.760017E-06  1.611979E-05
200336  1.426407E-06  6.338132E-06
200337  3.735323E-06 -5.192794E-06
200338  4.137505E-06 -1.356012E-05
200339  2.624124E-06 -1.556955E-05
200340  1.058454E-07 -1.100338E-05
200341 -2.165104E-06 -2.362709E-06
200342 -3.249302E-06  6.566392E-06
200343 -2.890253E-06  1.245030E-05
200344 -1.479858E-06  1.360854E-05
200345  2.587307E-07  1.028538E-05
200346  1.643356E-06  4.120981E-06
200347  2.277888E-06 -2.740882E-06
200348  2.108191E-06 -8.457233E-06
200349  1.333643E-06 -1.193787E-05
200350  2.630792E-07 -1.290966E-05
200351 -8.103612E-07 -1.171566E-05
200352 -1.681114E-06 -9.019660E-06
200353 -2.249914E-06 -5.549496E-06
200354 -2.506305E-06 -1.937986E-06
200355 -2.495232E-06  1.345414E-06
200356 -2.285341E-06  4.009603E-06
200357 -1.950277E-06  5.935257E-06
200358 -1.564325E-06  7.155475E-06
200359 -1.203812E-06  7.815903E-06
200360 -9.427666E-07  8.109220E-06
200361  1.920608E-06  8.409128E-06
200362  1.872848E-06  8.708433E-06
200363  1.709666E-06  9.495572E-06
200364  1.457484E-06  1.051495E-05
200365  1.120815E-06  1.144543E-05
200366  6.702626E-07  1.198421E-05
200367  7.345736E-08  1.187509E-05
200368 -6.526352E-07  1.088321E-05
200369 -1.407817E-06  8.777297E-06
200370 -2.015102E-06  5.396482E-06
200371 -2.262026E-06  8.256940E-07
200372 -1.965528E-06 -4.392573E-06
200373 -1.059555E-06 -9.159386E-06
200374  3.044031E-07 -1.198515E-05
200375  1.697582E-06 -1.148352E-05
200376  2.487586E-06 -7.093804E-06
200377  2.104436E-06  2.640145E-07
200378  4.294794E-07  8.038179E-06
200379 -1.918869E-06  1.277140E-05
200380 -3.683353E-06  1.168985E-05
200381 -3.576650E-06  4.508193E-06
200382 -1.176792E-06 -5.686905E-06
200383  2.468355E-06 -1.344905E-05
200384  5.140896E-06 -1.383193E-05
200385  4.768527E-06 -5.646053E-06
200386  1.022761E-06  7.087658E-06
200387 -4.052476E-06  1.692429E-05
200388 -7.162313E-06  1.735541E-05
200389 -6.051230E-06  7.035109E-06
200390 -1.220386E-06 -9.108660E-06
200391  4.412256E-06 -2.282081E-05
200392  7.699303E-06 -2.751219E-05
200393  7.450832E-06 -2.180136E-05
200394  4.828527E-06 -9.398034E-06
200395  1.907368E-06  3.918139E-06
200396  2.766447E-08  1.346797E-05
200397 -5.700926E-07  1.687044E-05
200398  1.845514E-08  1.349995E-05
200399  1.883028E-06  3.974031E-06
200400  4.785253E-06 -9.331563E-06
200401  7.395039E-06 -2.173868E-05
200402  7.647289E-06 -2.746491E-05
200403  4.380448E-06 -2.279532E-05
200404 -1.226897E-06 -9.105220E-06
200405 -6.042199E-06  7.021926E-06
200406 -7.154684E-06  1.733482E-05
200407 -4.057542E-06  1.690605E-05
200408  1.007418E-06  7.078328E-06
200409  4.756569E-06 -5.645768E-06
200410  5.146951E-06 -1.382718E-05
200411  2.498243E-06 -1.344795E-05
200412 -1.128341E-06 -5.696065E-06
200413 -3.520165E-06  4.487183E-06
200414 -3.626087E-06  1.166083E-05
200415 -1.860209E-06  1.274058E-05
200416  4.956235E-07  8.009321E-06
200417  2.182526E-06  2.349723E-07
200418  2.573956E-06 -7.130975E-06
200419  1.779067E-06 -1.153871E-05
200420  3.629985E-07 -1.206489E-05
200421 -1.038908E-06 -9.263054E-06
200422 -1.988602E-06 -4.512113E-06
200423 -2.323727E-06  7.028754E-07
200424 -2.102935E-06  5.283111E-06
200425 -1.507877E-06  8.682361E-06
200426 -7.546414E-07  1.080993E-05
200427 -2.553728E-08  1.182119E-05
200428  5.757303E-07  1.194412E-05
200429  1.032279E-06  1.141354E-05
200430  1.379453E-06  1.048836E-05
200431  1.649959E-06  9.475007E-06
200432  1.840135E-06  8.696879E-06
200433  1.925538E-06 -5.647549E-06
200434  1.970659E-06 -5.287546E-06
200435  2.094547E-06 -4.281309E-06
200436  2.333692E-06 -2.775390E-06
200437  2.642993E-06 -8.898694E-07
200438  2.865624E-06  1.354690E-06
200439  2.806201E-06  3.986384E-06
200440  2.338870E-06  6.896978E-06
200441  1.457722E-06  9.637751E-06
200442  2.607541E-07  1.137748E-05
200443 -1.059985E-06  1.113468E-05
200444 -2.184087E-06  8.233824E-06
200445 -2.665701E-06  2.800473E-06
200446 -2.100374E-06 -3.932102E-06
200447 -4.515519E-07 -9.721786E-06
200448  1.681185E-06 -1.199394E-05
200449  3.152298E-06 -9.077908E-06
200450  2.845321E-06 -1.551929E-06
200451  5.057204E-07  7.230475E-06
200452 -2.717108E-06  1.232863E-05
200453 -4.613744E-06  1.006685E-05
200454 -3.309601E-06  1.004014E-06
200455  9.984128E-07 -9.366400E-06
200456  5.432269E-06 -1.359010E-05
200457  6.100351E-06 -7.616770E-06
200458  1.393490E-06  5.259686E-06
200459 -5.790668E-06  1.561948E-05
200460 -9.560305E-06  1.449740E-05
200461 -5.871080E-06  8.114999E-07
200462  3.398416E-06 -1.659611E-05
200463  1.140658E-05 -2.483313E-05
200464  1.209667E-05 -1.653389E-05
200465  5.435464E-06  4.807687E-06
200466 -3.061210E-06  2.830583E-05
200467 -7.937730E-06  4.456352E-05
200468 -8.548602E-06  5.166838E-05
200469 -8.078589E-06  5.323554E-05
200470 -8.535018E-06  5.167461E-05
200471 -7.930987E-06  4.457679E-05
200472 -3.081256E-06  2.832791E-05
200473  5.390955E-06  4.840191E-06
200474  1.205390E-05 -1.649179E-05
200475  1.139471E-05 -2.478650E-05
200476  3.424617E-06 -1.655326E-05
200477 -5.828133E-06  8.427732E-07
200478 -9.532860E-06  1.451353E-05
200479 -5.795442E-06  1.562200E-05
200480  1.368349E-06  5.252827E-06
200481  6.085013E-06 -7.629649E-06
200482  5.451431E-06 -1.360829E-05
200483  1.053582E-06 -9.390779E-06
200484 -3.238990E-06  9.738068E-07
200485 -4.553404E-06  1.003447E-05
200486 -2.679464E-06  1.230027E-05
200487  5.281930E-07  7.211114E-06
200488  2.871932E-06 -1.563149E-06
200489  3.198591E-06 -9.089756E-06
200490  1.747117E-06 -1.202028E-05
200491 -3.825945E-07 -9.774904E-06
200492 -2.052295E-06 -4.016089E-06
200493 -2.656803E-06  2.692126E-06
200494 -2.218477E-06  8.115457E-06
200495 -1.127562E-06  1.102284E-05
200496  1.770869E-07  1.128575E-05
200497  1.372894E-06  9.573716E-06
200498  2.259803E-06  6.861129E-06
200499  2.731661E-06  3.972598E-06
200500  2.790705E-06  1.352554E-06
200501  2.565227E-06 -8.907682E-07
200502  2.257447E-06 -2.780819E-06
200503  2.031229E-06 -4.290269E-06
200504  1.934219E-06 -5.294484E-06
200505 -9.343469E-07 -1.071446E-05
200506 -8.827454E-07 -1.071282E-05
200507 -7.004475E-07 -1.073327E-05
200508 -2.465467E-07 -1.078357E-05
200509  4.939872E-07 -1.075274E-05
200510  1.349145E-06 -1.030759E-05
200511  2.090516E-06 -8.922979E-06
200512  2.585656E-06 -6.127554E-06
200513  2.780196E-06 -1.865991E-06
200514  2.550906E-06  3.262962E-06
200515  1.681538E-06  8.059843E-06
200516  1.113171E-07  1.103211E-05
200517 -1.740589E-06  1.084207E-05
200518 -2.969749E-06  6.882287E-06
200519 -2.675762E-06 -5.265870E-08
200520 -6.718971E-07 -7.386158E-06
200521  2.108750E-06 -1.139901E-05
200522  3.899863E-06 -9.226475E-06
200523  3.111947E-06 -1.295478E-06
200524 -3.433194E-07  7.827692E-06
200525 -4.322583E-06  1.174492E-05
200526 -5.406393E-06  6.904899E-06
200527 -1.687685E-06 -3.741435E-06
200528  4.563566E-06 -1.181657E-05
200529  7.572483E-06 -9.820055E-06
200530  3.079436E-06  1.743138E-06
200531 -6.259811E-06  1.309090E-05
200532 -1.149143E-05  1.269230E-05
200533 -5.562753E-06 -1.569399E-06
200534  8.188273E-06 -1.806261E-05
200535  1.722119E-05 -2.002168E-05
200536  1.156969E-05 -1.024968E-06
200537 -5.337294E-06  2.733494E-05
200538 -1.925723E-05  4.467271E-05
200539 -1.959384E-05  4.052054E-05
200540 -1.028901E-05  2.424646E-05
200541 -4.753349E-06  1.549936E-05
200542 -1.027541E-05  2.421615E-05
200543 -1.959715E-05  4.047292E-05
200544 -1.930464E-05  4.462963E-05
200545 -5.419014E-06  2.731832E-05
200546  1.149952E-05 -1.003833E-06
200547  1.720765E-05 -1.996804E-05
200548  8.236355E-06 -1.799466E-05
200549 -5.493725E-06 -1.507720E-06
200550 -1.145427E-05  1.273436E-05
200551 -6.276735E-06  1.310993E-05
200552  3.032294E-06  1.742368E-06
200553  7.542284E-06 -9.835322E-06
200554  4.581854E-06 -1.184083E-05
200555 -1.627253E-06 -3.768496E-06
200556 -5.338453E-06  6.882305E-06
200557 -4.280542E-06  1.173381E-05
200558 -3.350517E-07  7.832143E-06
200559  3.106466E-06 -1.277209E-06
200560  3.911110E-06 -9.203577E-06
200561  2.155554E-06 -1.138669E-05
200562 -5.942147E-07 -7.400210E-06
200563 -2.591598E-06 -1.021816E-07
200564 -2.908697E-06  6.799411E-06
200565 -1.722310E-06  1.073749E-05
200566  8.417463E-08  1.092083E-05
200567  1.619981E-06  7.954769E-06
200568  2.470213E-06  3.173594E-06
200569  2.691618E-06 -1.932402E-06
200570  2.493523E-06 -6.166556E-06
200571  1.994185E-06 -8.936000E-06
200572  1.246951E-06 -1.030372E-05
200573  3.873248E-07 -1.074521E-05
200574 -3.498619E-07 -1.078224E-05
200575 -7.854315E-07 -1.073899E-05
200576 -9.314768E-07 -1.071900E-05
200577 -2.614816E-06 -1.226422E-06
200578 -2.685880E-06 -1.531188E-06
200579 -2.813753E-06 -2.431616E-06
200580 -2.719647E-06 -3.916509E-06
200581 -2.289447E-06 -5.926347E-06
200582 -1.650078E-06 -8.209044E-06
200583 -9.370136E-07 -1.020018E-05
200584 -7.193846E-08 -1.112940E-05
200585  1.102380E-06 -1.033541E-05
200586  2.420265E-06 -7.536393E-06
200587  3.224108E-06 -2.917284E-06
200588  2.770162E-06  2.787965E-06
200589  9.277295E-07  8.080896E-06
200590 -1.492751E-06  1.073594E-05
200591 -3.125438E-06  8.746654E-06
200592 -2.858580E-06  2.087773E-06
200593 -5.590152E-07 -6.113904E-06
200594  2.575538E-06 -1.071446E-05
200595  4.288975E-06 -8.058036E-06
200596  2.582378E-06  5.720881E-07
200597 -2.160727E-06  8.855765E-06
200598 -6.165723E-06  9.840145E-06
200599 -4.781047E-06  2.043518E-06
200600  2.279198E-06 -8.070076E-06
200601  8.483603E-06 -1.076569E-05
200602  5.874425E-06 -2.297757E-06
200603 -5.126271E-06  9.670066E-06
200604 -1.300322E-05  1.181495E-05
200605 -6.255993E-06 -7.858402E-07
200606  1.146135E-05 -1.617449E-05
200607  2.104947E-05 -1.477282E-05
200608  7.470981E-06  9.009611E-06
200609 -2.076071E-05  3.506978E-05
200610 -3.667887E-05  3.261189E-05
200611 -2.294520E-05 -8.705886E-06
200612  7.432083E-06 -6.308297E-05
200613  2.303440E-05 -8.809626E-05
200614  7.417621E-06 -6.313171E-05
200615 -2.300117E-05 -8.782736E-06
200616 -3.679299E-05  3.254021E-05
200617 -2.090521E-05  3.503366E-05
200618  7.359506E-06  9.020167E-06
200619  2.102180E-05 -1.472861E-05
200620  1.151184E-05 -1.612235E-05
200621 -6.186610E-06 -7.460333E-07
200622 -1.297947E-05  1.183734E-05
200623 -5.166903E-06  9.680628E-06
200624  5.806122E-06 -2.293225E-06
200625  8.443423E-06 -1.076605E-05
200626  2.295039E-06 -8.075090E-06
200627 -4.726604E-06  2.038577E-06
200628 -6.113760E-06  9.844107E-06
200629 -2.139433E-06  8.875411E-06
200630  2.577585E-06  6.064320E-07
200631  4.286823E-06 -8.018609E-06
200632  2.604264E-06 -1.068482E-05
200633 -4.914828E-07 -6.108895E-06
200634 -2.767971E-06  2.059091E-06
200635 -3.040298E-06  8.685363E-06
200636 -1.439219E-06  1.065259E-05
200637  9.361225E-07  7.988867E-06
200638  2.733266E-06  2.696022E-06
200639  3.148573E-06 -3.005946E-06
200640  2.312457E-06 -7.617627E-06
200641  9.668583E-07 -1.039807E-05
200642 -2.288426E-07 -1.115848E-05
200643 -1.104680E-06 -1.018813E-05
200644 -1.816164E-06 -8.164433E-06
200645 -2.443977E-06 -5.870502E-06
200646 -2.854394E-06 -3.870428E-06
200647 -2.917542E-06 -2.404656E-06
200648 -2.743664E-06 -1.520610E-06
200649 -1.253609E-06  9.158369E-06
200650 -1.461493E-06  8.900801E-06
200651 -1.946418E-06  8.200013E-06
200652 -2.351526E-06  7.044947E-06
200653 -2.540427E-06  5.268121E-06
200654 -2.668457E-06  2.675493E-06
200655 -2.821410E-06 -6.676905E-07
200656 -2.677075E-06 -4.333544E-06
200657 -1.703719E-06 -7.677339E-06
200658  1.984450E-07 -9.924479E-06
200659  2.313061E-06 -1.008505E-05
200660  3.500277E-06 -7.165454E-06
200661  3.039684E-06 -1.118908E-06
200662  1.112888E-06  6.058583E-06
200663 -1.376033E-06  1.057467E-05
200664 -3.191430E-06  9.158297E-06
200665 -3.082522E-06  2.015336E-06
200666 -4.896545E-07 -6.342079E-06
200667  3.247566E-06 -9.854086E-06
200668  4.751769E-06 -5.630882E-06
200669  1.358879E-06  3.127062E-06
200670 -4.855256E-06  8.962797E-06
200671 -7.168929E-06  6.252976E-06
200672 -1.152524E-06 -2.990016E-06
200673  8.037948E-06 -9.586103E-06
200674  8.874850E-06 -5.694263E-06
200675 -2.539639E-06  5.569726E-06
200676 -1.383646E-05  1.100629E-05
200677 -8.257339E-06  1.755183E-06
200678  1.242906E-05 -1.288176E-05
200679  2.339813E-05 -1.177015E-05
200680  3.526066E-06  1.196228E-05
200681 -3.414076E-05  3.302231E-05
200682 -4.864800E-05  1.150959E-05
200683 -1.491137E-05 -6.419979E-05
200684  4.299827E-05 -1.541204E-04
200685  7.153681E-05 -1.944189E-04
200686  4.295375E-05 -1.541583E-04
200687 -1.501069E-05 -6.425384E-05
200688 -4.879646E-05  1.147137E-05
200689 -3.429744E-05  3.302181E-05
200690  3.420452E-06  1.199374E-05
200691  2.337730E-05 -1.173693E-05
200692  1.247072E-05 -1.287647E-05
200693 -8.216217E-06  1.728350E-06
200694 -1.384864E-05  1.097017E-05
200695 -2.605968E-06  5.552296E-06
200696  8.800803E-06 -5.682912E-06
200697  8.005814E-06 -9.557198E-06
200698 -1.130845E-06 -2.960285E-06
200699 -7.121902E-06  6.277642E-06
200700 -4.819853E-06  8.988275E-06
200701  1.369908E-06  3.159025E-06
200702  4.755341E-06 -5.596877E-06
200703  3.269622E-06 -9.831318E-06
200704 -4.378700E-07 -6.344258E-06
200705 -3.011691E-06  1.981514E-06
200706 -3.124328E-06  9.096540E-06
200707 -1.333129E-06  1.049823E-05
200708  1.121390E-06  5.984090E-06
200709  3.012811E-06 -1.181074E-06
200710  3.439688E-06 -7.216570E-06
200711  2.216577E-06 -1.013185E-05
200712  5.977610E-08 -9.964885E-06
200713 -1.886733E-06 -7.692446E-06
200714 -2.892175E-06 -4.297273E-06
200715 -3.041564E-06 -5.679977E-07
200716 -2.865362E-06  2.823162E-06
200717 -2.699829E-06  5.427806E-06
200718 -2.474232E-06  7.180597E-06
200719 -2.034999E-06  8.291511E-06
200720 -1.510139E-06  8.944908E-06
200721  1.436330E-06  9.947968E-06
200722  1.185772E-06  9.935431E-06
200723  6.035542E-07  1.005588E-05
200724  3.779525E-08  1.035771E-05
200725 -4.425284E-07  1.055183E-05
200726 -1.112771E-06  1.007374E-05
200727 -2.142360E-06  8.450357E-06
200728 -3.139723E-06  5.504303E-06
200729 -3.310238E-06  1.285341E-06
200730 -2.178905E-06 -3.818989E-06
200731 -1.134574E-07 -8.591783E-06
200732  1.941176E-06 -1.084317E-05
200733  3.149450E-06 -8.543798E-06
200734  3.063396E-06 -1.841297E-06
200735  1.459289E-06  5.969184E-06
200736 -1.403116E-06  1.008590E-05
200737 -3.973031E-06  7.651099E-06
200738 -3.671962E-06  2.407615E-07
200739  4.957296E-07 -6.832650E-06
200740  5.254675E-06 -8.187882E-06
200741  4.918475E-06 -2.626767E-06
200742 -1.852527E-06  5.174098E-06
200743 -8.046962E-06  7.798474E-06
200744 -4.874074E-06  2.016413E-06
200745  6.008055E-06 -6.502759E-06
200746  1.102288E-05 -7.642986E-06
200747  8.940368E-07  1.247595E-06
200748 -1.355392E-05  9.519368E-06
200749 -1.091662E-05  4.649783E-06
200750  1.113901E-05 -9.112308E-06
200751  2.463100E-05 -1.079532E-05
200752  2.283032E-06  1.006253E-05
200753 -4.104587E-05  2.840109E-05
200754 -5.309549E-05 -1.075234E-06
200755 -1.330709E-06 -9.349649E-05
200756  8.117313E-05 -2.024875E-04
200757  1.213049E-04 -2.513541E-04
200758  8.112265E-05 -2.024992E-04
200759 -1.420257E-06 -9.349977E-05
200760 -5.319813E-05 -1.044662E-06
200761 -4.112602E-05  2.847042E-05
200762  2.251962E-06  1.013913E-05
200763  2.464600E-05 -1.076338E-05
200764  1.116466E-05 -9.156079E-06
200765 -1.092424E-05  4.549579E-06
200766 -1.361191E-05  9.420474E-06
200767  8.113211E-07  1.203035E-06
200768  1.096307E-05 -7.620848E-06
200769  6.000706E-06 -6.441983E-06
200770 -4.839269E-06  2.077802E-06
200771 -8.004643E-06  7.841449E-06
200772 -1.827181E-06  5.201444E-06
200773  4.931444E-06 -2.608414E-06
200774  5.276995E-06 -8.182296E-06
200775  5.396025E-07 -6.851060E-06
200776 -3.617639E-06  1.914178E-07
200777 -3.932910E-06  7.575306E-06
200778 -1.395422E-06  9.999045E-06
200779  1.433441E-06  5.892152E-06
200780  3.014953E-06 -1.891255E-06
200781  3.088718E-06 -8.562584E-06
200782  1.868094E-06 -1.084104E-05
200783 -2.110003E-07 -8.580755E-06
200784 -2.317493E-06 -3.794489E-06
200785 -3.495672E-06  1.350046E-06
200786 -3.353504E-06  5.640443E-06
200787 -2.345045E-06  8.665525E-06
200788 -1.267724E-06  1.033942E-05
200789 -5.403435E-07  1.081798E-05
200790 -2.052176E-08  1.057906E-05
200791  5.644350E-07  1.020752E-05
200792  1.162575E-06  1.001080E-05
200793  3.260700E-06  2.907482E-06
200794  3.066455E-06  3.064707E-06
200795  2.653913E-06  3.773485E-06
200796  2.307461E-06  5.214962E-06
200797  2.006640E-06  7.180701E-06
200798  1.356450E-06  9.071714E-06
200799  3.604682E-08  1.025323E-05
200800 -1.696423E-06  1.020548E-05
200801 -3.052637E-06  8.355758E-06
200802 -3.333091E-06  4.215558E-06
200803 -2.430109E-06 -1.786108E-06
200804 -6.814922E-07 -7.565542E-06
200805  1.505814E-06 -1.006055E-05
200806  3.475920E-06 -7.386596E-06
200807  3.890506E-06 -7.119965E-07
200808  1.448107E-06  6.039579E-06
200809 -3.012571E-06  8.647650E-06
200810 -5.628867E-06  5.407800E-06
200811 -2.697408E-06 -1.509146E-06
200812  4.082479E-06 -6.994040E-06
200813  7.275295E-06 -6.337433E-06
200814  1.697141E-06  3.777209E-07
200815 -7.290513E-06  6.813215E-06
200816 -7.840700E-06  5.654088E-06
200817  2.933696E-06 -2.567837E-06
200818  1.167867E-05 -7.947009E-06
200819  4.307214E-06 -2.584817E-06
200820 -1.197397E-05  7.226748E-06
200821 -1.315694E-05  6.863051E-06
200822  8.259819E-06 -5.357870E-06
200823  2.454726E-05 -1.058317E-05
200824  3.725050E-06  5.913764E-06
200825 -4.092805E-05  2.400495E-05
200826 -5.156826E-05 -2.008521E-06
200827  9.777773E-06 -9.148650E-05
200828  1.060081E-04 -2.001282E-04
200829  1.527634E-04 -2.494049E-04
200830  1.059793E-04 -2.001184E-04
200831  9.748582E-06 -9.144605E-05
200832 -5.156336E-05 -1.916124E-06
200833 -4.087698E-05  2.413954E-05
200834  3.800275E-06  6.035838E-06
200835  2.460394E-05 -1.054406E-05
200836  8.261525E-06 -5.432293E-06
200837 -1.321785E-05  6.714997E-06
200838 -1.207012E-05  7.089743E-06
200839  4.223642E-06 -2.641372E-06
200840  1.164593E-05 -7.912423E-06
200841  2.955404E-06 -2.484883E-06
200842 -7.793546E-06  5.731248E-06
200843 -7.251090E-06  6.856933E-06
200844  1.719586E-06  3.903600E-07
200845  7.296964E-06 -6.346225E-06
200846  4.120782E-06 -7.024520E-06
200847 -2.647787E-06 -1.567211E-06
200848 -5.595546E-06  5.323425E-06
200849 -3.022417E-06  8.550155E-06
200850  1.391147E-06  5.949967E-06
200851  3.806697E-06 -7.721984E-07
200852  3.391906E-06 -7.404243E-06
200853  1.435381E-06 -1.003802E-05
200854 -7.439590E-07 -7.517858E-06
200855 -2.503625E-06 -1.725063E-06
200856 -3.437597E-06  4.299150E-06
200857 -3.193260E-06  8.492676E-06
200858 -1.851356E-06  1.042433E-05
200859 -9.064834E-08  1.055087E-05
200860  1.292576E-06  9.407098E-06
200861  2.004012E-06  7.498000E-06
200862  2.331587E-06  5.471434E-06
200863  2.671182E-06  3.948621E-06
200864  3.070219E-06  3.152649E-06
200865  3.562740E-06 -5.075235E-06
200866  3.468433E-06 -4.917648E-06
200867  3.330078E-06 -4.176413E-06
200868  3.351683E-06 -2.558710E-06
200869  3.455921E-06 -9.113756E-08
200870  3.206561E-06  2.862537E-06
200871  2.170529E-06  5.891530E-06
200872  3.788614E-07  8.551743E-06
200873 -1.611161E-06  1.000959E-05
200874 -3.119406E-06  9.039939E-06
200875 -3.692661E-06  4.944286E-06
200876 -3.005681E-06 -1.261721E-06
200877 -7.780986E-07 -6.795044E-06
200878  2.571397E-06 -8.675432E-06
200879  5.079160E-06 -5.753159E-06
200880  4.040684E-06  3.885471E-07
200881 -9.831537E-07  6.132477E-06
200882 -5.965737E-06  7.662200E-06
200883 -5.187164E-06  3.444064E-06
200884  1.936280E-06 -3.708156E-06
200885  7.928979E-06 -7.528499E-06
200886  4.651572E-06 -3.693177E-06
200887 -5.384776E-06  4.377370E-06
200888 -9.374281E-06  7.409809E-06
200889 -2.635996E-07  1.022521E-06
200890  1.084033E-05 -6.989808E-06
200891  6.911605E-06 -5.296235E-06
200892 -9.402091E-06  4.581539E-06
200893 -1.415803E-05  7.914451E-06
200894  4.776743E-06 -2.069081E-06
200895  2.291020E-05 -1.009504E-05
200896  6.262142E-06  1.553673E-06
200897 -3.583497E-05  1.977994E-05
200898 -4.643964E-05  2.961491E-06
200899  1.447845E-05 -7.106458E-05
200900  1.111273E-04 -1.655458E-04
200901  1.583065E-04 -2.091499E-04
200902  1.111327E-04 -1.655270E-04
200903  1.452498E-05 -7.100330E-05
200904 -4.632189E-05  3.086735E-06
200905 -3.566375E-05  1.995149E-05
200906  6.421562E-06  1.702903E-06
200907  2.298928E-05 -1.004824E-05
200908  4.750531E-06 -2.152457E-06
200909 -1.425908E-05  7.753086E-06
200910 -9.516040E-06  4.438226E-06
200911  6.841136E-06 -5.348945E-06
200912  1.083535E-05 -6.945957E-06
200913 -2.212911E-07  1.112383E-06
200914 -9.322351E-06  7.485638E-06
200915 -5.348601E-06  4.409968E-06
200916  4.675207E-06 -3.699576E-06
200917  7.959436E-06 -7.561298E-06
200918  1.981308E-06 -3.764088E-06
200919 -5.146615E-06  3.364336E-06
200920 -5.962847E-06  7.566100E-06
200921 -1.037010E-06  6.037019E-06
200922  3.942225E-06  3.141450E-07
200923  4.970696E-06 -5.789239E-06
200924  2.484514E-06 -8.665770E-06
200925 -8.340884E-07 -6.746361E-06
200926 -3.043157E-06 -1.189445E-06
200927 -3.732387E-06  5.031777E-06
200928 -3.177670E-06  9.155419E-06
200929 -1.689383E-06  1.018286E-05
200930  3.018732E-07  8.803723E-06
200931  2.131984E-06  6.208078E-06
200932  3.232355E-06  3.196372E-06
200933  3.533829E-06  2.086188E-07
200934  3.437257E-06 -2.323895E-06
200935  3.384962E-06 -4.017164E-06
200936  3.488534E-06 -4.837055E-06
200937  2.846923E-06 -9.746359E-06
200938  2.848861E-06 -9.688399E-06
200939  2.958346E-06 -9.273158E-06
200940  3.302550E-06 -8.182872E-06
200941  3.785971E-06 -6.287281E-06
200942  4.014687E-06 -3.635351E-06
200943  3.530632E-06 -2.525282E-07
200944  2.157058E-06  3.732553E-06
200945  1.295122E-07  7.583100E-06
200946 -2.069965E-06  9.774601E-06
200947 -3.848627E-06  8.764242E-06
200948 -4.387749E-06  4.299110E-06
200949 -2.764483E-06 -1.922611E-06
200950  1.057349E-06 -6.922944E-06
200951  5.027334E-06 -7.989767E-06
200952  5.621241E-06 -4.229709E-06
200953  1.148065E-06  2.428495E-06
200954 -5.073255E-06  7.511664E-06
200955 -6.465068E-06  6.625609E-06
200956 -3.281678E-07 -2.399478E-07
200957  7.147910E-06 -6.941562E-06
200958  6.404231E-06 -6.194347E-06
200959 -3.061281E-06  1.764825E-06
200960 -9.412583E-06  7.586207E-06
200961 -2.809877E-06  3.499108E-06
200962  8.981105E-06 -5.460072E-06
200963  8.286371E-06 -6.654071E-06
200964 -6.466486E-06  2.223042E-06
200965 -1.369811E-05  7.861204E-06
200966  1.613587E-06  3.554737E-07
200967  1.990123E-05 -8.999494E-06
200968  8.268095E-06 -1.739709E-06
200969 -2.845956E-05  1.550803E-05
200970 -3.941701E-05  7.880034E-06
200971  1.365471E-05 -4.697360E-05
200972  9.997086E-05 -1.215056E-04
200973  1.424051E-04 -1.565889E-04
200974  1.000054E-04 -1.214870E-04
200975  1.375678E-05 -4.691056E-05
200976 -3.922912E-05  8.010216E-06
200977 -2.822621E-05  1.568539E-05
200978  8.459418E-06 -1.587087E-06
200979  1.997682E-05 -8.950734E-06
200980  1.565334E-06  2.780188E-07
200981 -1.381458E-05  7.713053E-06
200982 -6.575343E-06  2.096500E-06
200983  8.236070E-06 -6.694388E-06
200984  8.995157E-06 -5.413535E-06
200985 -2.761104E-06  3.582316E-06
200986 -9.364924E-06  7.649885E-06
200987 -3.029904E-06  1.783604E-06
200988  6.429401E-06 -6.214012E-06
200989  7.182962E-06 -6.985912E-06
200990 -2.851800E-07 -3.039604E-07
200991 -6.439518E-06  6.544385E-06
200992 -5.094677E-06  7.423296E-06
200993  1.071849E-06  2.349459E-06
200994  5.513161E-06 -4.283007E-06
200995  4.925867E-06 -8.005496E-06
200996  9.900331E-07 -6.898260E-06
200997 -2.796205E-06 -1.865902E-06
200998 -4.400990E-06  4.374592E-06
200999 -3.861430E-06  8.853951E-06
201000 -2.091414E-06  9.892288E-06
201001  1.021647E-07  7.753858E-06
201002  2.141481E-06  3.968693E-06
201003  3.554576E-06  2.822024E-08
201004  4.094204E-06 -3.355615E-06
201005  3.903068E-06 -6.048774E-06
201006  3.411909E-06 -8.002092E-06
201007  3.024424E-06 -9.151283E-06
201008  2.872492E-06 -9.626120E-06
201009  1.797834E-06 -1.087538E-05
201010  1.875415E-06 -1.091939E-05
201011  2.167724E-06 -1.087893E-05
201012  2.733510E-06 -1.049726E-05
201013  3.476685E-06 -9.562399E-06
201014  4.088967E-06 -7.856775E-06
201015  4.159971E-06 -5.057540E-06
201016  3.375719E-06 -9.739864E-07
201017  1.666238E-06  3.901117E-06
201018 -7.546955E-07  8.108046E-06
201019 -3.305537E-06  9.742289E-06
201020 -4.875294E-06  7.601973E-06
201021 -4.081536E-06  2.171461E-06
201022 -4.478859E-07 -4.209614E-06
201023  4.208188E-06 -8.147418E-06
201024  6.132078E-06 -6.915973E-06
201025  2.771485E-06 -6.991261E-07
201026 -3.621421E-06  6.264542E-06
201027 -6.628082E-06  7.975362E-06
201028 -2.122931E-06  2.230299E-06
201029  5.576853E-06 -5.686735E-06
201030  6.935761E-06 -7.161430E-06
201031 -9.413284E-07 -1.473537E-07
201032 -8.357309E-06  6.895557E-06
201033 -4.349131E-06  4.678784E-06
201034  6.719962E-06 -4.015590E-06
201035  8.434299E-06 -6.858547E-06
201036 -3.781709E-06  6.087149E-07
201037 -1.205566E-05  7.098679E-06
201038 -6.489627E-07  1.731375E-06
201039  1.606035E-05 -7.536153E-06
201040  8.882453E-06 -3.518348E-06
201041 -2.088469E-05  1.153504E-05
201042 -3.145286E-05  1.016793E-05
201043  1.026404E-05 -2.769316E-05
201044  8.001382E-05 -8.265782E-05
201045  1.145239E-04 -1.090182E-04
201046  8.006208E-05 -8.264286E-05
201047  1.038416E-05 -2.763848E-05
201048 -3.125532E-05  1.028384E-05
201049 -2.065768E-05  1.169343E-05
201050  9.054415E-06 -3.383016E-06
201051  1.611587E-05 -7.492578E-06
201052 -7.044391E-07  1.667672E-06
201053 -1.216124E-05  6.978608E-06
201054 -3.868319E-06  5.098727E-07
201055  8.403941E-06 -6.885577E-06
201056  6.741041E-06 -3.973630E-06
201057 -4.306581E-06  4.746761E-06
201058 -8.320492E-06  6.943406E-06
201059 -9.164841E-07 -1.390397E-07
201060  6.960142E-06 -7.185204E-06
201061  5.610972E-06 -5.729661E-06
201062 -2.087191E-06  2.173277E-06
201063 -6.615452E-06  7.907382E-06
201064 -3.653279E-06  6.194858E-06
201065  2.696370E-06 -7.574844E-07
201066  6.039273E-06 -6.951291E-06
201067  4.131300E-06 -8.151810E-06
201068 -4.894853E-07 -4.182389E-06
201069 -4.092764E-06  2.222326E-06
201070 -4.874134E-06  7.666119E-06
201071 -3.305003E-06  9.817811E-06
201072 -7.570884E-07  8.207167E-06
201073  1.666183E-06  4.042581E-06
201074  3.390902E-06 -7.845751E-07
201075  4.208654E-06 -4.841759E-06
201076  4.179701E-06 -7.652393E-06
201077  3.591480E-06 -9.396612E-06
201078  2.833644E-06 -1.037540E-05
201079  2.224927E-06 -1.079695E-05
201080  1.894239E-06 -1.087702E-05
201081  8.442293E-07 -1.011535E-05
201082  9.803534E-07 -1.021169E-05
201083  1.408078E-06 -1.041473E-05
201084  2.123005E-06 -1.057774E-05
201085  3.023782E-06 -1.046733E-05
201086  3.889538E-06 -9.678003E-06
201087  4.393934E-06 -7.653422E-06
201088  4.155792E-06 -4.010681E-06
201089  2.860996E-06  9.558006E-07
201090  4.630610E-07  5.998792E-06
201091 -2.527542E-06  9.216370E-06
201092 -4.832931E-06  8.905911E-06
201093 -4.786431E-06  4.625688E-06
201094 -1.614588E-06 -2.018263E-06
201095  3.156933E-06 -7.485879E-06
201096  5.911098E-06 -7.991952E-06
201097  3.709368E-06 -2.531032E-06
201098 -2.175518E-06  5.052617E-06
201099 -6.071081E-06  8.118171E-06
201100 -3.226436E-06  3.365400E-06
201101  3.839519E-06 -4.632594E-06
201102  6.566037E-06 -7.086315E-06
201103  6.269399E-07 -1.021626E-06
201104 -6.753543E-06  6.030345E-06
201105 -4.901941E-06  4.786355E-06
201106  4.555127E-06 -3.081239E-06
201107  7.629540E-06 -6.343048E-06
201108 -1.719823E-06 -1.112307E-07
201109 -9.701864E-06  6.107763E-06
201110 -1.838866E-06  2.139377E-06
201111  1.195785E-05 -6.150045E-06
201112  8.008933E-06 -3.999069E-06
201113 -1.417498E-05  8.355034E-06
201114 -2.303329E-05  1.000542E-05
201115  6.767773E-06 -1.537091E-05
201116  5.746240E-05 -5.433965E-05
201117  8.258580E-05 -7.328204E-05
201118  5.750763E-05 -5.432914E-05
201119  6.869747E-06 -1.533053E-05
201120 -2.287825E-05  1.009272E-05
201121 -1.400709E-05  8.474887E-06
201122  8.128287E-06 -3.896932E-06
201123  1.198934E-05 -6.116722E-06
201124 -1.884402E-06  2.094404E-06
201125 -9.776653E-06  6.023379E-06
201126 -1.775543E-06 -1.793506E-07
201127  7.614740E-06 -6.360152E-06
201128  4.573176E-06 -3.050124E-06
201129 -4.873414E-06  4.834879E-06
201130 -6.730745E-06  6.062915E-06
201131  6.436779E-07 -1.018888E-06
201132  6.586116E-06 -7.106788E-06
201133  3.867644E-06 -4.665313E-06
201134 -3.200157E-06  3.324896E-06
201135 -6.066118E-06  8.072041E-06
201136 -2.204389E-06  5.006539E-06
201137  3.652403E-06 -2.569351E-06
201138  5.847027E-06 -8.015040E-06
201139  3.109251E-06 -7.487605E-06
201140 -1.634829E-06 -1.997675E-06
201141 -4.786562E-06  4.662441E-06
201142 -4.827923E-06  8.951224E-06
201143 -2.525048E-06  9.269510E-06
201144  4.648491E-07  6.068734E-06
201145  2.867487E-06  1.054683E-06
201146  4.175106E-06 -3.881307E-06
201147  4.436764E-06 -7.511061E-06
201148  3.959965E-06 -9.548994E-06
201149  3.108055E-06 -1.036698E-05
201150  2.193680E-06 -1.050529E-05
201151  1.446173E-06 -1.036557E-05
201152  9.913632E-07 -1.018598E-05
201153  1.960821E-07 -9.070090E-06
201154  3.834784E-07 -9.160204E-06
201155  9.289395E-07 -9.431677E-06
201156  1.762383E-06 -9.860279E-06
201157  2.758307E-06 -1.021779E-05
201158  3.761935E-06 -9.969081E-06
201159  4.539623E-06 -8.433422E-06
201160  4.693278E-06 -5.189007E-06
201161  3.729907E-06 -4.729498E-07
201162  1.390112E-06  4.649003E-06
201163 -1.871198E-06  8.440897E-06
201164 -4.642784E-06  9.054300E-06
201165 -5.090263E-06  5.538119E-06
201166 -2.332480E-06 -9.846507E-07
201167  2.267784E-06 -6.965991E-06
201168  5.361321E-06 -8.139941E-06
201169  4.034181E-06 -3.053927E-06
201170 -1.069900E-06  4.498726E-06
201171 -5.198712E-06  7.729108E-06
201172 -3.661123E-06  3.312501E-06
201173  2.348512E-06 -4.229592E-06
201174  5.677589E-06 -6.494631E-06
201175  1.542902E-06 -8.866200E-07
201176 -5.045117E-06  5.445278E-06
201177 -4.680449E-06  4.178913E-06
201178  2.758136E-06 -2.831614E-06
201179  6.213089E-06 -5.543447E-06
201180 -3.741344E-07 -1.051689E-08
201181 -7.044126E-06  5.284584E-06
201182 -2.092611E-06  1.825047E-06
201183  7.943716E-06 -5.234757E-06
201184  5.988953E-06 -3.730564E-06
201185 -8.483314E-06  6.262904E-06
201186 -1.435971E-05  8.709102E-06
201187  4.114655E-06 -8.700188E-06
201188  3.504099E-05 -3.622571E-05
201189  5.018475E-05 -4.965904E-05
201190  3.507104E-05 -3.622111E-05
201191  4.174633E-06 -8.680995E-06
201192 -1.427803E-05  8.753124E-06
201193 -8.401933E-06  6.325983E-06
201194  6.042505E-06 -3.674742E-06
201195  7.954716E-06 -5.214262E-06
201196 -2.115883E-06  1.804142E-06
201197 -7.078358E-06  5.241672E-06
201198 -3.975801E-07 -4.707299E-08
201199  6.208985E-06 -5.554548E-06
201200  2.767656E-06 -2.816163E-06
201201 -4.668622E-06  4.205844E-06
201202 -5.036946E-06  5.463968E-06
201203  1.550136E-06 -8.860193E-07
201204  5.689778E-06 -6.508017E-06
201205  2.366536E-06 -4.248273E-06
201206 -3.645560E-06  3.292872E-06
201207 -5.197543E-06  7.709229E-06
201208 -1.087611E-06  4.479007E-06
201209  4.004044E-06 -3.072521E-06
201210  5.330687E-06 -8.154188E-06
201211  2.247780E-06 -6.970269E-06
201212 -2.337750E-06 -9.760984E-07
201213 -5.086873E-06  5.556353E-06
201214 -4.640078E-06  9.077446E-06
201215 -1.872166E-06  8.468488E-06
201216  1.388634E-06  4.685728E-06
201217  3.731720E-06 -4.215138E-07
201218  4.702263E-06 -5.123448E-06
201219  4.560663E-06 -8.364227E-06
201220  3.796436E-06 -9.909666E-06
201221  2.798759E-06 -1.017324E-05
201222  1.795024E-06 -9.827372E-06
201223  9.450193E-07 -9.408082E-06
201224  3.869834E-07 -9.147514E-06
