Mesh2HRTF 0.1.2
    1
    1  1225
200000  3.140545E-06  3.772688E-05
200001  6.742528E-06  4.082994E-05
200002  6.986925E-06  4.068427E-05
200003  7.181150E-06  4.045554E-05
200004  7.331889E-06  4.016912E-05
200005  7.445659E-06  3.984889E-05
200006  7.528633E-06  3.951680E-05
200007  7.586509E-06  3.919250E-05
200008  7.624420E-06  3.889313E-05
200009  7.646858E-06  3.863321E-05
200010  7.657634E-06  3.842456E-05
200011  7.659840E-06  3.827633E-05
200012  7.655827E-06  3.819498E-05
200013  7.647188E-06  3.818433E-05
200014  7.634737E-06  3.824557E-05
200015  7.618496E-06  3.837729E-05
200016  7.597677E-06  3.857541E-05
200017  7.570666E-06  3.883322E-05
200018  7.535037E-06  3.914130E-05
200019  7.487515E-06  3.948752E-05
200020  7.424035E-06  3.985701E-05
200021  7.339764E-06  4.023225E-05
200022  7.229164E-06  4.059320E-05
200023  7.086098E-06  4.091748E-05
200024  6.903963E-06  4.118078E-05
200025  6.675871E-06  4.135727E-05
200026  6.394865E-06  4.142031E-05
200027  6.054195E-06  4.134319E-05
200028  5.647614E-06  4.110008E-05
200029  5.169724E-06  4.066710E-05
200030  4.616337E-06  4.002345E-05
200031  3.984837E-06  3.915268E-05
200032  3.274544E-06  3.804385E-05
200033  2.487040E-06  3.669270E-05
200034  1.626430E-06  3.510267E-05
200035  6.995444E-07  3.328563E-05
200036 -2.839654E-07  3.126244E-05
200037 -1.311649E-06  2.906305E-05
200038 -2.368397E-06  2.672623E-05
200039 -3.436725E-06  2.429889E-05
200040 -4.497177E-06  2.183485E-05
200041 -5.528857E-06  1.939329E-05
200042 -6.510068E-06  1.703673E-05
200043 -7.419019E-06  1.482876E-05
200044 -8.234596E-06  1.283153E-05
200045 -8.937131E-06  1.110319E-05
200046 -9.509155E-06  9.695368E-06
200047 -9.936090E-06  8.650916E-06
200048 -1.020683E-05  8.001930E-06
200049 -1.031419E-05  7.768280E-06
200050 -1.025524E-05  7.956692E-06
200051 -1.003139E-05  8.560439E-06
200052 -9.648351E-06  9.559668E-06
200053 -9.115907E-06  1.092235E-05
200054 -8.447512E-06  1.260578E-05
200055 -7.659747E-06  1.455853E-05
200056 -6.771658E-06  1.672274E-05
200057 -5.804020E-06  1.903664E-05
200058 -4.778560E-06  2.143711E-05
200059 -3.717171E-06  2.386211E-05
200060 -2.641171E-06  2.625302E-05
200061 -1.570632E-06  2.855656E-05
200062 -5.238068E-07  3.072640E-05
200063  4.833264E-07  3.272427E-05
200064  1.437380E-06  3.452066E-05
200065  2.327740E-06  3.609511E-05
200066  3.146616E-06  3.743602E-05
200067  3.888974E-06  3.854015E-05
200068  4.552353E-06  3.941182E-05
200069  5.136618E-06  4.006195E-05
200070  5.643636E-06  4.050686E-05
200071  6.076930E-06  4.076712E-05
200072  6.441311E-06  4.086632E-05
200073  7.836159E-06  3.465847E-05
200074  7.699687E-06  3.272910E-05
200075  7.505568E-06  3.077893E-05
200076  7.275508E-06  2.887825E-05
200077  7.027352E-06  2.708385E-05
200078  6.775392E-06  2.543977E-05
200079  6.530856E-06  2.397869E-05
200080  6.302466E-06  2.272365E-05
200081  6.097008E-06  2.168994E-05
200082  5.919833E-06  2.088703E-05
200083  5.775252E-06  2.032028E-05
200084  5.666816E-06  1.999250E-05
200085  5.597446E-06  1.990502E-05
200086  5.569455E-06  2.005841E-05
200087  5.584450E-06  2.045266E-05
200088  5.643147E-06  2.108696E-05
200089  5.745111E-06  2.195891E-05
200090  5.888440E-06  2.306333E-05
200091  6.069398E-06  2.439077E-05
200092  6.282018E-06  2.592567E-05
200093  6.517672E-06  2.764443E-05
200094  6.764657E-06  2.951354E-05
200095  7.007805E-06  3.148781E-05
200096  7.228190E-06  3.350906E-05
200097  7.402980E-06  3.550533E-05
200098  7.505513E-06  3.739094E-05
200099  7.505671E-06  3.906738E-05
200100  7.370610E-06  4.042535E-05
200101  7.065895E-06  4.134801E-05
200102  6.557028E-06  4.171535E-05
200103  5.811358E-06  4.140979E-05
200104  4.800263E-06  4.032274E-05
200105  3.501507E-06  3.836190E-05
200106  1.901589E-06  3.545899E-05
200107 -2.092657E-09  3.157726E-05
200108 -2.199445E-06  2.671844E-05
200109 -4.666441E-06  2.092826E-05
200110 -7.364593E-06  1.430016E-05
200111 -1.024122E-05  6.976331E-06
200112 -1.323063E-05 -8.541030E-07
200113 -1.625607E-05 -8.960280E-06
200114 -1.923262E-05 -1.707804E-05
200115 -2.207057E-05 -2.492142E-05
200116 -2.467945E-05 -3.219666E-05
200117 -2.697224E-05 -3.861776E-05
200118 -2.886962E-05 -4.392270E-05
200119 -3.030394E-05 -4.788896E-05
200120 -3.122281E-05 -5.034714E-05
200121 -3.159186E-05 -5.119160E-05
200122 -3.139662E-05 -5.038720E-05
200123 -3.064340E-05 -4.797147E-05
200124 -2.935900E-05 -4.405219E-05
200125 -2.758938E-05 -3.880044E-05
200126 -2.539724E-05 -3.243975E-05
200127 -2.285877E-05 -2.523239E-05
200128 -2.005974E-05 -1.746383E-05
200129 -1.709117E-05 -9.426566E-06
200130 -1.404487E-05 -1.404623E-06
200131 -1.100915E-05  6.340248E-06
200132 -8.064957E-06  1.357991E-05
200133 -5.282669E-06  2.012807E-05
200134 -2.719692E-06  2.584531E-05
200135 -4.190006E-07  3.064069E-05
200136  1.591378E-06  3.447060E-05
200137  3.297971E-06  3.733494E-05
200138  4.700679E-06  3.927151E-05
200139  5.810952E-06  4.034907E-05
200140  6.649539E-06  4.065979E-05
200141  7.244007E-06  4.031160E-05
200142  7.626239E-06  3.942097E-05
200143  7.830094E-06  3.810643E-05
200144  7.889368E-06  3.648312E-05
200145  5.885589E-06  2.014687E-05
200146  5.209657E-06  1.635556E-05
200147  4.565337E-06  1.285317E-05
200148  3.973347E-06  9.710921E-06
200149  3.443573E-06  6.967564E-06
200150  2.977864E-06  4.634977E-06
200151  2.572917E-06  2.704374E-06
200152  2.222925E-06  1.152709E-06
200153  1.921784E-06 -5.112705E-08
200154  1.664690E-06 -9.406402E-07
200155  1.449128E-06 -1.546856E-06
200156  1.275255E-06 -1.894402E-06
200157  1.145822E-06 -1.998671E-06
200158  1.065740E-06 -1.864133E-06
200159  1.041481E-06 -1.483813E-06
200160  1.080404E-06 -8.399635E-07
200161  1.190120E-06  9.411159E-08
200162  1.377891E-06  1.351091E-06
200163  1.650029E-06  2.965616E-06
200164  2.011173E-06  4.969313E-06
200165  2.463342E-06  7.385057E-06
200166  3.004636E-06  1.022070E-05
200167  3.627569E-06  1.346264E-05
200168  4.317083E-06  1.706955E-05
200169  5.048441E-06  2.096687E-05
200170  5.785300E-06  2.504242E-05
200171  6.478350E-06  2.914381E-05
200172  7.064924E-06  3.307811E-05
200173  7.469948E-06  3.661437E-05
200174  7.608461E-06  3.948926E-05
200175  7.389772E-06  4.141653E-05
200176  6.723112E-06  4.210000E-05
200177  5.524414E-06  4.125035E-05
200178  3.723708E-06  3.860510E-05
200179  1.272475E-06  3.395090E-05
200180 -1.849714E-06  2.714686E-05
200181 -5.629933E-06  1.814706E-05
200182 -1.001854E-05  7.019985E-06
200183 -1.492813E-05 -6.037416E-06
200184 -2.023498E-05 -2.069358E-05
200185 -2.578301E-05 -3.648603E-05
200186 -3.139019E-05 -5.283617E-05
200187 -3.685683E-05 -6.907561E-05
200188 -4.197560E-05 -8.448282E-05
200189 -4.654243E-05 -9.832791E-05
200190 -5.036775E-05 -1.099221E-04
200191 -5.328737E-05 -1.186671E-04
200192 -5.517217E-05 -1.241004E-04
200193 -5.593612E-05 -1.259310E-04
200194 -5.554174E-05 -1.240624E-04
200195 -5.400283E-05 -1.186002E-04
200196 -5.138403E-05 -1.098434E-04
200197 -4.779731E-05 -9.826084E-05
200198 -4.339543E-05 -8.445451E-05
200199 -3.836293E-05 -6.911432E-05
200200 -3.290522E-05 -5.296856E-05
200201 -2.723660E-05 -3.673484E-05
200202 -2.156800E-05 -2.107580E-05
200203 -1.609542E-05 -6.563051E-06
200204 -1.098988E-05  6.348430E-06
200205 -6.389504E-06  1.733459E-05
200206 -2.394365E-06  2.620546E-05
200207  9.357623E-07  3.289861E-05
200208  3.580703E-06  3.746479E-05
200209  5.556503E-06  4.004830E-05
200210  6.909863E-06  4.086435E-05
200211  7.711024E-06  4.017571E-05
200212  8.045840E-06  3.827048E-05
200213  8.007797E-06  3.544229E-05
200214  7.690622E-06  3.197381E-05
200215  7.182072E-06  2.812396E-05
200216  6.559243E-06  2.411894E-05
200217  1.729398E-06  2.311484E-06
200218  8.125558E-07 -2.122056E-06
200219  9.211523E-08 -5.843789E-06
200220 -4.426470E-07 -8.846916E-06
200221 -8.193139E-07 -1.116974E-05
200222 -1.074895E-06 -1.288395E-05
200223 -1.249023E-06 -1.408284E-05
200224 -1.378386E-06 -1.487020E-05
200225 -1.492740E-06 -1.535019E-05
200226 -1.612630E-06 -1.561872E-05
200227 -1.748753E-06 -1.575652E-05
200228 -1.902644E-06 -1.582393E-05
200229 -2.068360E-06 -1.585738E-05
200230 -2.234638E-06 -1.586749E-05
200231 -2.387029E-06 -1.583854E-05
200232 -2.509569E-06 -1.572929E-05
200233 -2.585686E-06 -1.547521E-05
200234 -2.598266E-06 -1.499220E-05
200235 -2.529102E-06 -1.418179E-05
200236 -2.358199E-06 -1.293820E-05
200237 -2.063575E-06 -1.115700E-05
200238 -1.622242E-06 -8.745301E-06
200239 -1.012860E-06 -5.633081E-06
200240 -2.202474E-07 -1.785140E-06
200241  7.585497E-07  2.787017E-06
200242  1.907361E-06  8.014111E-06
200243  3.184320E-06  1.375964E-05
200244  4.516922E-06  1.981292E-05
200245  5.800005E-06  2.588555E-05
200246  6.897580E-06  3.161240E-05
200247  7.648974E-06  3.655815E-05
200248  7.879079E-06  4.023073E-05
200249  7.411899E-06  4.210262E-05
200250  6.086087E-06  4.164070E-05
200251  3.770877E-06  3.834459E-05
200252  3.807577E-07  3.179214E-05
200253 -4.112582E-06  2.168955E-05
200254 -9.672168E-06  7.921606E-06
200255 -1.619223E-05 -9.403496E-06
200256 -2.349954E-05 -2.992135E-05
200257 -3.135942E-05 -5.299723E-05
200258 -3.948617E-05 -7.773606E-05
200259 -4.755715E-05 -1.030199E-04
200260 -5.522985E-05 -1.275730E-04
200261 -6.216097E-05 -1.500502E-04
200262 -6.802650E-05 -1.691417E-04
200263 -7.254163E-05 -1.836838E-04
200264 -7.547901E-05 -1.927618E-04
200265 -7.668425E-05 -1.957947E-04
200266 -7.608709E-05 -1.925895E-04
200267 -7.370738E-05 -1.833595E-04
200268 -6.965512E-05 -1.687036E-04
200269 -6.412425E-05 -1.495493E-04
200270 -5.738071E-05 -1.270674E-04
200271 -4.974537E-05 -1.025681E-04
200272 -4.157326E-05 -7.739138E-05
200273 -3.323060E-05 -5.280358E-05
200274 -2.507148E-05 -2.991037E-05
200275 -1.741600E-05 -9.593394E-06
200276 -1.053165E-05  7.525958E-06
200277 -4.619439E-06  2.109569E-05
200278  1.943276E-07  3.101858E-05
200279  3.860007E-06  3.741909E-05
200280  6.400507E-06  4.059834E-05
200281  7.901806E-06  4.098362E-05
200282  8.499322E-06  3.907802E-05
200283  8.361678E-06  3.541474E-05
200284  7.673590E-06  3.051869E-05
200285  6.619516E-06  2.487679E-05
200286  5.369548E-06  1.891717E-05
200287  4.068550E-06  1.299643E-05
200288  2.829258E-06  7.393890E-06
200289 -2.886325E-06 -1.259692E-05
200290 -3.550664E-06 -1.606776E-05
200291 -3.852335E-06 -1.852550E-05
200292 -3.858264E-06 -2.006313E-05
200293 -3.652737E-06 -2.081577E-05
200294 -3.324615E-06 -2.094535E-05
200295 -2.956661E-06 -2.062602E-05
200296 -2.617728E-06 -2.003084E-05
200297 -2.358041E-06 -1.932037E-05
200298 -2.207509E-06 -1.863378E-05
200299 -2.176716E-06 -1.808255E-05
200300 -2.260077E-06 -1.774662E-05
200301 -2.440524E-06 -1.767254E-05
200302 -2.694851E-06 -1.787302E-05
200303 -2.998723E-06 -1.832708E-05
200304 -3.330270E-06 -1.898075E-05
200305 -3.671402E-06 -1.974816E-05
200306 -4.006423E-06 -2.051355E-05
200307 -4.318250E-06 -2.113493E-05
200308 -4.583310E-06 -2.144992E-05
200309 -4.766811E-06 -2.128435E-05
200310 -4.820341E-06 -2.046354E-05
200311 -4.683487E-06 -1.882603E-05
200312 -4.290442E-06 -1.623880E-05
200313 -3.581444E-06 -1.261345E-05
200314 -2.517647E-06 -7.922215E-06
200315 -1.096983E-06 -2.213366E-06
200316  6.320480E-07  4.374659E-06
200317  2.561707E-06  1.160103E-05
200318  4.523799E-06  1.911314E-05
200319  6.297052E-06  2.644178E-05
200320  7.622760E-06  3.300322E-05
200321  8.226966E-06  3.811158E-05
200322  7.846443E-06  4.100490E-05
200323  6.255217E-06  4.088820E-05
200324  3.288519E-06  3.699464E-05
200325 -1.138341E-06  2.866368E-05
200326 -7.017769E-06  1.543096E-05
200327 -1.424494E-05 -2.879302E-06
200328 -2.261987E-05 -2.607207E-05
200329 -3.185572E-05 -5.352417E-05
200330 -4.159250E-05 -8.416599E-05
200331 -5.141506E-05 -1.165131E-04
200332 -6.087494E-05 -1.487523E-04
200333 -6.951514E-05 -1.788793E-04
200334 -7.689707E-05 -2.048743E-04
200335 -8.262845E-05 -2.248976E-04
200336 -8.639026E-05 -2.374784E-04
200337 -8.796058E-05 -2.416725E-04
200338 -8.723286E-05 -2.371652E-04
200339 -8.422660E-05 -2.243058E-04
200340 -7.908879E-05 -2.040678E-04
200341 -7.208574E-05 -1.779410E-04
200342 -6.358571E-05 -1.477727E-04
200343 -5.403365E-05 -1.155783E-04
200344 -4.392024E-05 -8.334950E-05
200345 -3.374756E-05 -5.288120E-05
200346 -2.399431E-05 -2.563852E-05
200347 -1.508347E-05 -2.673095E-06
200348 -7.355040E-06  1.540709E-05
200349 -1.046404E-06  2.841944E-05
200350  3.718097E-06  3.655020E-05
200351  6.927533E-06  4.027317E-05
200352  8.675081E-06  4.025770E-05
200353  9.140407E-06  3.727841E-05
200354  8.565964E-06  3.213600E-05
200355  7.229950E-06  2.559466E-05
200356  5.418855E-06  1.833813E-05
200357  3.402317E-06  1.094328E-05
200358  1.412591E-06  3.868400E-06
200359 -3.697923E-07 -2.547427E-06
200360 -1.823395E-06 -8.077625E-06
200361 -6.199681E-06 -2.022684E-05
200362 -6.249703E-06 -2.165772E-05
200363 -5.846161E-06 -2.206146E-05
200364 -5.114702E-06 -2.161154E-05
200365 -4.191621E-06 -2.050677E-05
200366 -3.207203E-06 -1.895760E-05
200367 -2.273259E-06 -1.717262E-05
200368 -1.475303E-06 -1.534611E-05
200369 -8.690571E-07 -1.364786E-05
200370 -4.805727E-07 -1.221616E-05
200371 -3.093024E-07 -1.115458E-05
200372 -3.336501E-07 -1.053207E-05
200373 -5.185894E-07 -1.038532E-05
200374 -8.246241E-07 -1.072167E-05
200375 -1.216730E-06 -1.152117E-05
200376 -1.671304E-06 -1.273683E-05
200377 -2.179024E-06 -1.429306E-05
200378 -2.742142E-06 -1.608344E-05
200379 -3.366158E-06 -1.796946E-05
200380 -4.047534E-06 -1.978199E-05
200381 -4.760666E-06 -2.132666E-05
200382 -5.448142E-06 -2.239341E-05
200383 -6.018088E-06 -2.276947E-05
200384 -6.351102E-06 -2.225449E-05
200385 -6.317149E-06 -2.067651E-05
200386 -5.800313E-06 -1.790781E-05
200387 -4.727058E-06 -1.388046E-05
200388 -3.092301E-06 -8.602312E-06
200389 -9.775615E-07 -2.174329E-06
200390  1.443202E-06  5.190001E-06
200391  3.912093E-06  1.314382E-05
200392  6.109277E-06  2.118742E-05
200393  7.685129E-06  2.865566E-05
200394  8.297432E-06  3.471992E-05
200395  7.648040E-06  3.841371E-05
200396  5.514039E-06  3.868937E-05
200397  1.769997E-06  3.451010E-05
200398 -3.600097E-06  2.497430E-05
200399 -1.050068E-05  9.461835E-06
200400 -1.873037E-05 -1.221724E-05
200401 -2.799325E-05 -3.969656E-05
200402 -3.791371E-05 -7.197759E-05
200403 -4.805383E-05 -1.074278E-04
200404 -5.793343E-05 -1.438677E-04
200405 -6.705360E-05 -1.787471E-04
200406 -7.492438E-05 -2.093950E-04
200407 -8.109618E-05 -2.333118E-04
200408 -8.519320E-05 -2.484626E-04
200409 -8.694525E-05 -2.535263E-04
200410 -8.621398E-05 -2.480604E-04
200411 -8.300922E-05 -2.325563E-04
200412 -7.749291E-05 -2.083739E-04
200413 -6.996981E-05 -1.775696E-04
200414 -6.086578E-05 -1.426447E-04
200415 -5.069631E-05 -1.062550E-04
200416 -4.002807E-05 -7.092509E-05
200417 -2.943689E-05 -3.880667E-05
200418 -1.946532E-05 -1.150921E-05
200419 -1.058323E-05  9.983423E-06
200420 -3.154890E-06  2.531138E-05
200421  2.584209E-06  3.466639E-05
200422  6.538357E-06  3.867039E-05
200423  8.749455E-06  3.823053E-05
200424  9.382248E-06  3.439448E-05
200425  8.699164E-06  2.822443E-05
200426  7.028064E-06  2.070152E-05
200427  4.726701E-06  1.266464E-05
200428  2.147742E-06  4.781362E-06
200429 -3.922380E-07 -2.455426E-06
200430 -2.636968E-06 -8.713801E-06
200431 -4.405974E-06 -1.380021E-05
200432 -5.600438E-06 -1.763452E-05
200433 -7.220369E-06 -1.971002E-05
200434 -6.618416E-06 -1.897129E-05
200435 -5.583540E-06 -1.748752E-05
200436 -4.278071E-06 -1.545089E-05
200437 -2.863074E-06 -1.305872E-05
200438 -1.480765E-06 -1.050618E-05
200439 -2.435309E-07 -7.976686E-06
200440  7.707159E-07 -5.631542E-06
200441  1.518544E-06 -3.601281E-06
200442  1.988369E-06 -1.980902E-06
200443  2.196405E-06 -8.302745E-07
200444  2.181121E-06 -1.793765E-07
200445  1.995239E-06 -3.646517E-08
200446  1.694678E-06 -3.962366E-07
200447  1.325442E-06 -1.244928E-06
200448  9.115432E-07 -2.560351E-06
200449  4.482031E-07 -4.306741E-06
200450 -9.598446E-08 -6.426334E-06
200451 -7.666527E-07 -8.831003E-06
200452 -1.603057E-06 -1.139735E-05
200453 -2.614293E-06 -1.396748E-05
200454 -3.759060E-06 -1.635571E-05
200455 -4.935590E-06 -1.835967E-05
200456 -5.986472E-06 -1.977313E-05
200457 -6.719759E-06 -2.039801E-05
200458 -6.943634E-06 -2.005435E-05
200459 -6.508015E-06 -1.858831E-05
200460 -5.344046E-06 -1.588094E-05
200461 -3.492271E-06 -1.186141E-05
200462 -1.112625E-06 -6.528908E-06
200463  1.526462E-06  1.405250E-08
200464  4.077835E-06  7.518060E-06
200465  6.158321E-06  1.553910E-05
200466  7.396164E-06  2.339871E-05
200467  7.474732E-06  3.016813E-05
200468  6.165740E-06  3.469375E-05
200469  3.348153E-06  3.567721E-05
200470 -9.874535E-07  3.181496E-05
200471 -6.746166E-06  2.198866E-05
200472 -1.374269E-05  5.483321E-06
200473 -2.171679E-05 -1.780313E-05
200474 -3.034663E-05 -4.720222E-05
200475 -3.925900E-05 -8.121110E-05
200476 -4.803858E-05 -1.175525E-04
200477 -5.624021E-05 -1.533678E-04
200478 -6.340834E-05 -1.855269E-04
200479 -6.910570E-05 -2.110132E-04
200480 -7.294979E-05 -2.273228E-04
200481 -7.465216E-05 -2.328106E-04
200482 -7.405309E-05 -2.269228E-04
200483 -7.114454E-05 -2.102728E-04
200484 -6.607678E-05 -1.845493E-04
200485 -5.914782E-05 -1.522732E-04
200486 -5.077843E-05 -1.164497E-04
200487 -4.147717E-05 -8.017535E-05
200488 -3.179977E-05 -4.626695E-05
200489 -2.230626E-05 -1.696601E-05
200490 -1.351828E-05  6.243268E-06
200491 -5.879336E-06  2.269071E-05
200492  2.786044E-07  3.246113E-05
200493  4.758305E-06  3.624729E-05
200494  7.506962E-06  3.515211E-05
200495  8.611135E-06  3.047901E-05
200496  8.278059E-06  2.354344E-05
200497  6.806512E-06  1.552867E-05
200498  4.551408E-06  7.396348E-06
200499  1.886331E-06 -1.492188E-07
200500 -8.323575E-07 -6.652883E-06
200501 -3.296745E-06 -1.187158E-05
200502 -5.271347E-06 -1.572404E-05
200503 -6.607733E-06 -1.824061E-05
200504 -7.248474E-06 -1.952192E-05
200505 -6.008040E-06 -1.320256E-05
200506 -5.020191E-06 -1.096183E-05
200507 -3.714573E-06 -8.431834E-06
200508 -2.255366E-06 -5.752548E-06
200509 -7.925274E-07 -3.056780E-06
200510  5.541418E-07 -4.713018E-07
200511  1.701494E-06  1.888659E-06
200512  2.601468E-06  3.928690E-06
200513  3.235315E-06  5.584009E-06
200514  3.608026E-06  6.823755E-06
200515  3.745392E-06  7.648322E-06
200516  3.692680E-06  8.079652E-06
200517  3.511061E-06  8.147014E-06
200518  3.267916E-06  7.872717E-06
200519  3.020374E-06  7.262812E-06
200520  2.796319E-06  6.306480E-06
200521  2.580468E-06  4.984849E-06
200522  2.312862E-06  3.286286E-06
200523  1.903214E-06  1.222688E-06
200524  1.258906E-06 -1.159018E-06
200525  3.196135E-07 -3.773677E-06
200526 -9.110428E-07 -6.503015E-06
200527 -2.346371E-06 -9.205913E-06
200528 -3.817211E-06 -1.172914E-05
200529 -5.095103E-06 -1.391428E-05
200530 -5.935053E-06 -1.559843E-05
200531 -6.129045E-06 -1.660925E-05
200532 -5.557410E-06 -1.675824E-05
200533 -4.224941E-06 -1.583942E-05
200534 -2.272407E-06 -1.364219E-05
200535  3.930053E-08 -9.986432E-06
200536  2.368206E-06 -4.783210E-06
200537  4.344096E-06  1.883378E-06
200538  5.623467E-06  9.667491E-06
200539  5.935474E-06  1.788891E-05
200540  5.110770E-06  2.550434E-05
200541  3.089739E-06  3.114856E-05
200542 -8.816830E-08  3.326160E-05
200543 -4.307675E-06  3.030048E-05
200544 -9.404382E-06  2.101253E-05
200545 -1.518592E-05  4.725717E-06
200546 -2.144154E-05 -1.840303E-05
200547 -2.793934E-05 -4.724283E-05
200548 -3.441603E-05 -7.969633E-05
200549 -4.056810E-05 -1.128820E-04
200550 -4.605402E-05 -1.434781E-04
200551 -5.051370E-05 -1.681784E-04
200552 -5.360514E-05 -1.841819E-04
200553 -5.505083E-05 -1.896261E-04
200554 -5.468218E-05 -1.838794E-04
200555 -5.246951E-05 -1.676375E-04
200556 -4.853050E-05 -1.428051E-04
200557 -4.311693E-05 -1.121886E-04
200558 -3.658586E-05 -7.906258E-05
200559 -2.936365E-05 -4.669245E-05
200560 -2.190919E-05 -1.790094E-05
200561 -1.467863E-05  5.253167E-06
200562 -8.091534E-06  2.164257E-05
200563 -2.498361E-06  3.107783E-05
200564  1.848007E-06  3.417538E-05
200565  4.812040E-06  3.213076E-05
200566  6.382259E-06  2.645007E-05
200567  6.663443E-06  1.869023E-05
200568  5.856562E-06  1.024817E-05
200569  4.231086E-06  2.222494E-06
200570  2.094374E-06 -4.646060E-06
200571 -2.385726E-07 -9.964606E-06
200572 -2.473342E-06 -1.362825E-05
200573 -4.361259E-06 -1.573479E-05
200574 -5.719914E-06 -1.649689E-05
200575 -6.446749E-06 -1.616911E-05
200576 -6.523216E-06 -1.499887E-05
200577 -3.400608E-06 -4.194362E-06
200578 -2.426056E-06 -1.451498E-06
200579 -1.291819E-06  1.116418E-06
200580 -1.329865E-07  3.470379E-06
200581  9.397312E-07  5.577604E-06
200582  1.853490E-06  7.403023E-06
200583  2.574140E-06  8.912528E-06
200584  3.096483E-06  1.008335E-05
200585  3.430594E-06  1.091526E-05
200586  3.592388E-06  1.143681E-05
200587  3.603480E-06  1.170274E-05
200588  3.498558E-06  1.178199E-05
200589  3.332006E-06  1.173886E-05
200590  3.174180E-06  1.161294E-05
200591  3.093227E-06  1.140486E-05
200592  3.127744E-06  1.107385E-05
200593  3.262646E-06  1.054922E-05
200594  3.420833E-06  9.752000E-06
200595  3.476892E-06  8.618645E-06
200596  3.290194E-06  7.118047E-06
200597  2.748086E-06  5.256754E-06
200598  1.807118E-06  3.073028E-06
200599  5.206449E-07  6.251025E-07
200600 -9.564151E-07 -2.019233E-06
200601 -2.390337E-06 -4.785623E-06
200602 -3.516437E-06 -7.585214E-06
200603 -4.101341E-06 -1.029578E-05
200604 -4.002858E-06 -1.273625E-05
200605 -3.210180E-06 -1.464395E-05
200606 -1.852957E-06 -1.566814E-05
200607 -1.775431E-07 -1.539403E-05
200608  1.502086E-06 -1.340738E-05
200609  2.865424E-06 -9.399178E-06
200610  3.643840E-06 -3.296932E-06
200611  3.663590E-06  4.604872E-06
200612  2.865016E-06  1.355207E-05
200613  1.295245E-06  2.231435E-05
200614 -9.217742E-07  2.927460E-05
200615 -3.628130E-06  3.263353E-05
200616 -6.674179E-06  3.071148E-05
200617 -9.946773E-06  2.229948E-05
200618 -1.337460E-05  6.988725E-06
200619 -1.690954E-05 -1.460081E-05
200620 -2.049193E-05 -4.076073E-05
200621 -2.401411E-05 -6.884124E-05
200622 -2.729893E-05 -9.559854E-05
200623 -3.010509E-05 -1.176889E-04
200624 -3.216155E-05 -1.322183E-04
200625 -3.322159E-05 -1.372374E-04
200626 -3.311813E-05 -1.320804E-04
200627 -3.180146E-05 -1.174751E-04
200628 -2.934803E-05 -9.540465E-05
200629 -2.594149E-05 -6.875217E-05
200630 -2.183811E-05 -4.080643E-05
200631 -1.733102E-05 -1.473182E-05
200632 -1.272245E-05  6.894360E-06
200633 -8.304028E-06  2.239817E-05
200634 -4.339500E-06  3.113810E-05
200635 -1.045398E-06  3.344889E-05
200636  1.429053E-06  3.043700E-05
200637  3.016377E-06  2.368659E-05
200638  3.733439E-06  1.494127E-05
200639  3.670892E-06  5.820016E-06
200640  2.973984E-06 -2.390537E-06
200641  1.821676E-06 -8.846450E-06
200642  4.089384E-07 -1.316011E-05
200643 -1.067205E-06 -1.533558E-05
200644 -2.420474E-06 -1.565537E-05
200645 -3.489678E-06 -1.455141E-05
200646 -4.154738E-06 -1.248877E-05
200647 -4.351315E-06 -9.881109E-06
200648 -4.079247E-06 -7.045639E-06
200649 -4.679858E-07  4.190770E-06
200650  1.529582E-07  6.556173E-06
200651  7.873925E-07  8.399693E-06
200652  1.345013E-06  9.796390E-06
200653  1.765146E-06  1.081488E-05
200654  2.029214E-06  1.150473E-05
200655  2.157026E-06  1.190003E-05
200656  2.188608E-06  1.203256E-05
200657  2.160854E-06  1.194670E-05
200658  2.092345E-06  1.170880E-05
200659  1.986008E-06  1.140688E-05
200660  1.848254E-06  1.113911E-05
200661  1.710932E-06  1.099336E-05
200662  1.638197E-06  1.102308E-05
200663  1.708556E-06  1.122809E-05
200664  1.978291E-06  1.154882E-05
200665  2.444952E-06  1.187841E-05
200666  3.030277E-06  1.208916E-05
200667  3.591551E-06  1.206227E-05
200668  3.957317E-06  1.170876E-05
200669  3.975353E-06  1.097449E-05
200670  3.559376E-06  9.831178E-06
200671  2.722574E-06  8.261287E-06
200672  1.587837E-06  6.246303E-06
200673  3.678087E-07  3.765416E-06
200674 -6.846285E-07  8.087084E-07
200675 -1.343752E-06 -2.593944E-06
200676 -1.475513E-06 -6.331211E-06
200677 -1.077537E-06 -1.016551E-05
200678 -2.817713E-07 -1.370193E-05
200679  6.794276E-07 -1.639146E-05
200680  1.531656E-06 -1.758541E-05
200681  2.024206E-06 -1.664688E-05
200682  1.987001E-06 -1.310842E-05
200683  1.366393E-06 -6.847604E-06
200684  2.323425E-07  1.761790E-06
200685 -1.244750E-06  1.177117E-05
200686 -2.842469E-06  2.169314E-05
200687 -4.347890E-06  2.967404E-05
200688 -5.615058E-06  3.379366E-05
200689 -6.601044E-06  3.244625E-05
200690 -7.368467E-06  2.472616E-05
200691 -8.052491E-06  1.072609E-05
200692 -8.802089E-06 -8.336114E-06
200693 -9.715164E-06 -3.021427E-05
200694 -1.079094E-05 -5.195696E-05
200695 -1.191845E-05 -7.040424E-05
200696 -1.290706E-05 -8.275938E-05
200697 -1.354795E-05 -8.711395E-05
200698 -1.368170E-05 -8.280990E-05
200699 -1.324428E-05 -7.055808E-05
200700 -1.227472E-05 -5.228832E-05
200701 -1.088755E-05 -3.076861E-05
200702 -9.229415E-06 -9.082992E-06
200703 -7.443474E-06  9.914862E-06
200704 -5.654030E-06  2.405849E-05
200705 -3.967655E-06  3.215338E-05
200706 -2.477123E-06  3.405419E-05
200707 -1.257374E-06  3.054749E-05
200708 -3.540126E-07  2.309049E-05
200709  2.259649E-07  1.347528E-05
200710  5.119834E-07  3.490496E-06
200711  5.557545E-07 -5.359351E-06
200712  4.137507E-07 -1.203687E-05
200713  1.367825E-07 -1.604109E-05
200714 -2.287434E-07 -1.737118E-05
200715 -6.319858E-07 -1.641120E-05
200716 -1.010318E-06 -1.377384E-05
200717 -1.291184E-06 -1.014150E-05
200718 -1.404917E-06 -6.136149E-06
200719 -1.303805E-06 -2.236552E-06
200720 -9.790751E-07  1.253089E-06
200721  1.963267E-06  1.012185E-05
200722  2.062852E-06  1.159575E-05
200723  2.076028E-06  1.236911E-05
200724  1.956080E-06  1.261283E-05
200725  1.686134E-06  1.247289E-05
200726  1.293393E-06  1.205762E-05
200727  8.438895E-07  1.144357E-05
200728  4.174016E-07  1.069211E-05
200729  7.344386E-08  9.867232E-06
200730 -1.723928E-07  9.047653E-06
200731 -3.450071E-07  8.329242E-06
200732 -4.781988E-07  7.816812E-06
200733 -5.740901E-07  7.605884E-06
200734 -5.820301E-07  7.757910E-06
200735 -4.145488E-07  8.276906E-06
200736  6.533456E-09  9.098778E-06
200737  7.004099E-07  1.010143E-05
200738  1.601337E-06  1.113352E-05
200739  2.567606E-06  1.204858E-05
200740  3.418122E-06  1.272822E-05
200741  3.980970E-06  1.308546E-05
200742  4.140430E-06  1.305139E-05
200743  3.872847E-06  1.255639E-05
200744  3.261847E-06  1.151684E-05
200745  2.483310E-06  9.833715E-06
200746  1.757281E-06  7.406517E-06
200747  1.278518E-06  4.165538E-06
200748  1.150548E-06  1.228098E-07
200749  1.349444E-06 -4.565755E-06
200750  1.730665E-06 -9.545573E-06
200751  2.073926E-06 -1.424175E-05
200752  2.148295E-06 -1.789410E-05
200753  1.777465E-06 -1.966029E-05
200754  8.899633E-07 -1.878044E-05
200755 -4.550677E-07 -1.477718E-05
200756 -2.071805E-06 -7.647867E-06
200757 -3.682639E-06  2.003946E-06
200758 -4.979241E-06  1.294865E-05
200759 -5.697215E-06  2.345576E-05
200760 -5.685335E-06  3.156530E-05
200761 -4.948936E-06  3.546621E-05
200762 -3.652443E-06  3.390567E-05
200763 -2.077227E-06  2.653152E-05
200764 -5.449618E-07  1.407352E-05
200765  6.709256E-07 -1.699858E-06
200766  1.416748E-06 -1.826096E-05
200767  1.687399E-06 -3.279062E-05
200768  1.601429E-06 -4.273557E-05
200769  1.333163E-06 -4.632964E-05
200770  1.032742E-06 -4.295701E-05
200771  7.712560E-07 -3.327168E-05
200772  5.345889E-07 -1.904632E-05
200773  2.619490E-07 -2.790404E-06
200774 -9.955184E-08  1.276689E-05
200775 -5.582096E-07  2.520496E-05
200776 -1.075758E-06  3.283406E-05
200777 -1.591107E-06  3.493155E-05
200778 -2.045922E-06  3.176538E-05
200779 -2.394025E-06  2.442932E-05
200780 -2.595554E-06  1.455002E-05
200781 -2.611120E-06  3.940185E-06
200782 -2.409365E-06 -5.730702E-06
200783 -1.986564E-06 -1.319142E-05
200784 -1.383524E-06 -1.771481E-05
200785 -6.843705E-07 -1.914401E-05
200786  6.442998E-09 -1.781308E-05
200787  5.983251E-07 -1.439486E-05
200788  1.042797E-06 -9.718740E-06
200789  1.342737E-06 -4.599453E-06
200790  1.540025E-06  2.917338E-07
200791  1.689032E-06  4.497594E-06
200792  1.828478E-06  7.787122E-06
200793  3.519888E-06  1.312618E-05
200794  3.113092E-06  1.358144E-05
200795  2.573498E-06  1.331160E-05
200796  1.885742E-06  1.254802E-05
200797  1.060650E-06  1.147931E-05
200798  1.539968E-07  1.024158E-05
200799 -7.365410E-07  8.927991E-06
200800 -1.500553E-06  7.607931E-06
200801 -2.059461E-06  6.345764E-06
200802 -2.401356E-06  5.212935E-06
200803 -2.580225E-06  4.292131E-06
200804 -2.673549E-06  3.674058E-06
200805 -2.722195E-06  3.445802E-06
200806 -2.693077E-06  3.669743E-06
200807 -2.491840E-06  4.357972E-06
200808 -2.018212E-06  5.455303E-06
200809 -1.228339E-06  6.844217E-06
200810 -1.680678E-07  8.373073E-06
200811  1.035055E-06  9.892780E-06
200812  2.208473E-06  1.128115E-05
200813  3.180120E-06  1.244371E-05
200814  3.820807E-06  1.329630E-05
200815  4.078891E-06  1.374375E-05
200816  3.999888E-06  1.366641E-05
200817  3.718049E-06  1.291812E-05
200818  3.412037E-06  1.133698E-05
200819  3.235478E-06  8.773876E-06
200820  3.251686E-06  5.144399E-06
200821  3.403573E-06  5.010416E-07
200822  3.531672E-06 -4.893498E-06
200823  3.429239E-06 -1.052182E-05
200824  2.910073E-06 -1.562457E-05
200825  1.867384E-06 -1.928589E-05
200826  3.122826E-07 -2.058840E-05
200827 -1.611874E-06 -1.881586E-05
200828 -3.641340E-06 -1.366368E-05
200829 -5.431623E-06 -5.405074E-06
200830 -6.622369E-06  5.042002E-06
200831 -6.916709E-06  1.618883E-05
200832 -6.156244E-06  2.620217E-05
200833 -4.369857E-06  3.325319E-05
200834 -1.779083E-06  3.591875E-05
200835  1.246023E-06  3.353846E-05
200836  4.271922E-06  2.643006E-05
200837  6.904800E-06  1.589321E-05
200838  8.880095E-06  3.982896E-06
200839  1.010707E-05 -6.906663E-06
200840  1.065108E-05 -1.455512E-05
200841  1.066170E-05 -1.740448E-05
200842  1.028140E-05 -1.490360E-05
200843  9.581508E-06 -7.623013E-06
200844  8.557051E-06  2.887818E-06
200845  7.176683E-06  1.446187E-05
200846  5.450072E-06  2.479890E-05
200847  3.467280E-06  3.194924E-05
200848  1.388668E-06  3.468278E-05
200849 -5.997375E-07  3.267043E-05
200850 -2.330219E-06  2.646171E-05
200851 -3.671475E-06  1.729268E-05
200852 -4.523837E-06  6.788533E-06
200853 -4.814641E-06 -3.366485E-06
200854 -4.511998E-06 -1.172722E-05
200855 -3.652530E-06 -1.730448E-05
200856 -2.360071E-06 -1.967135E-05
200857 -8.339715E-07 -1.895298E-05
200858  6.950574E-07 -1.571752E-05
200859  2.023146E-06 -1.080443E-05
200860  3.019736E-06 -5.134457E-06
200861  3.644598E-06  4.577079E-07
200862  3.933229E-06  5.339448E-06
200863  3.961643E-06  9.132617E-06
200864  3.807166E-06  1.170634E-05
200865  4.236365E-06  1.364524E-05
200866  3.461674E-06  1.322816E-05
200867  2.548249E-06  1.216697E-05
200868  1.496910E-06  1.071559E-05
200869  3.288205E-07  9.072187E-06
200870 -8.896148E-07  7.374450E-06
200871 -2.044391E-06  5.713167E-06
200872 -3.003841E-06  4.152937E-06
200873 -3.672478E-06  2.749064E-06
200874 -4.038673E-06  1.556003E-06
200875 -4.180083E-06  6.305503E-07
200876 -4.213582E-06  3.414302E-08
200877 -4.217020E-06 -1.682314E-07
200878 -4.175564E-06  7.955751E-08
200879 -3.990515E-06  7.996951E-07
200880 -3.542980E-06  1.956200E-06
200881 -2.767109E-06  3.451533E-06
200882 -1.688161E-06  5.151156E-06
200883 -4.134124E-07  6.920895E-06
200884  9.045777E-07  8.651764E-06
200885  2.107797E-06  1.025844E-05
200886  3.066841E-06  1.165880E-05
200887  3.711737E-06  1.275251E-05
200888  4.055471E-06  1.340977E-05
200889  4.193282E-06  1.346928E-05
200890  4.263571E-06  1.274315E-05
200891  4.379631E-06  1.103598E-05
200892  4.566163E-06  8.190814E-06
200893  4.736502E-06  4.164198E-06
200894  4.722192E-06 -8.888303E-07
200895  4.336369E-06 -6.553355E-06
200896  3.439739E-06 -1.214826E-05
200897  1.987287E-06 -1.679136E-05
200898  5.083815E-08 -1.953447E-05
200899 -2.178534E-06 -1.955092E-05
200900 -4.406413E-06 -1.634259E-05
200901 -6.272002E-06 -9.919445E-06
200902 -7.407505E-06 -8.979877E-07
200903 -7.512892E-06  9.527137E-06
200904 -6.429424E-06  1.975810E-05
200905 -4.190543E-06  2.809582E-05
200906 -1.031839E-06  3.310801E-05
200907  2.648265E-06  3.397385E-05
200908  6.371714E-06  3.071063E-05
200909  9.687944E-06  2.421213E-05
200910  1.227342E-05  1.607518E-05
200911  1.398868E-05  8.247698E-06
200912  1.486882E-05  2.580333E-06
200913  1.505058E-05  3.917948E-07
200914  1.467201E-05  2.157887E-06
200915  1.379928E-05  7.405089E-06
200916  1.242133E-05  1.483705E-05
200917  1.051020E-05  2.265899E-05
200918  8.101380E-06  2.900990E-05
200919  5.337703E-06  3.238548E-05
200920  2.450363E-06  3.194552E-05
200921 -3.021505E-07  2.764339E-05
200922 -2.690861E-06  2.017131E-05
200923 -4.537356E-06  1.076215E-05
200924 -5.705710E-06  9.113604E-07
200925 -6.097386E-06 -7.916505E-06
200926 -5.672388E-06 -1.454271E-05
200927 -4.487919E-06 -1.825026E-05
200928 -2.721852E-06 -1.885622E-05
200929 -6.533553E-07 -1.667630E-05
200930  1.399221E-06 -1.240104E-05
200931  3.156415E-06 -6.920562E-06
200932  4.437728E-06 -1.141879E-06
200933  5.182749E-06  4.163184E-06
200934  5.432852E-06  8.454612E-06
200935  5.288304E-06  1.145739E-05
200936  4.860602E-06  1.313844E-05
200937  4.380600E-06  1.249170E-05
200938  3.422934E-06  1.147691E-05
200939  2.339592E-06  9.950837E-06
200940  1.135590E-06  8.159064E-06
200941 -1.701090E-07  6.284837E-06
200942 -1.513536E-06  4.449998E-06
200943 -2.776183E-06  2.732619E-06
200944 -3.812891E-06  1.188300E-06
200945 -4.512750E-06 -1.373011E-07
200946 -4.859571E-06 -1.207512E-06
200947 -4.945786E-06 -1.995904E-06
200948 -4.918247E-06 -2.479113E-06
200949 -4.885101E-06 -2.624327E-06
200950 -4.847730E-06 -2.388227E-06
200951 -4.705808E-06 -1.738401E-06
200952 -4.327733E-06 -6.850256E-07
200953 -3.632034E-06  7.046208E-07
200954 -2.627382E-06  2.323962E-06
200955 -1.400615E-06  4.063305E-06
200956 -7.991268E-08  5.834721E-06
200957  1.197951E-06  7.568903E-06
200958  2.311410E-06  9.193521E-06
200959  3.179672E-06  1.061437E-05
200960  3.789714E-06  1.170904E-05
200961  4.203709E-06  1.232599E-05
200962  4.525898E-06  1.228218E-05
200963  4.836268E-06  1.136934E-05
200964  5.129521E-06  9.389483E-06
200965  5.299894E-06  6.227654E-06
200966  5.181447E-06  1.942369E-06
200967  4.617154E-06 -3.163700E-06
200968  3.518819E-06 -8.525259E-06
200969  1.897083E-06 -1.336225E-05
200970 -1.349867E-07 -1.679134E-05
200971 -2.371587E-06 -1.798707E-05
200972 -4.531034E-06 -1.636834E-05
200973 -6.284152E-06 -1.177183E-05
200974 -7.300374E-06 -4.564298E-06
200975 -7.309621E-06  4.351929E-06
200976 -6.167156E-06  1.366495E-05
200977 -3.902250E-06  2.190041E-05
200978 -7.327863E-07  2.773994E-05
200979  2.964464E-06  3.033210E-05
200980  6.726578E-06  2.950982E-05
200981  1.010547E-05  2.584820E-05
200982  1.276894E-05  2.053857E-05
200983  1.456554E-05  1.510459E-05
200984  1.552314E-05  1.102969E-05
200985  1.577753E-05  9.389211E-06
200986  1.546572E-05  1.058226E-05
200987  1.464456E-05  1.423565E-05
200988  1.328399E-05  1.930839E-05
200989  1.133571E-05  2.436844E-05
200990  8.825888E-06  2.796172E-05
200991  5.905197E-06  2.896699E-05
200992  2.825338E-06  2.684189E-05
200993 -1.322932E-07  2.170889E-05
200994 -2.719954E-06  1.428371E-05
200995 -4.742572E-06  5.689653E-06
200996 -6.043611E-06 -2.784275E-06
200997 -6.499066E-06 -9.929276E-06
200998 -6.047216E-06 -1.482569E-05
200999 -4.740363E-06 -1.698258E-05
201000 -2.775905E-06 -1.638551E-05
201001 -4.729882E-07 -1.344821E-05
201002  1.802726E-06 -8.886725E-06
201003  3.731474E-06 -3.552886E-06
201004  5.108249E-06  1.731153E-06
201005  5.865406E-06  6.303331E-06
201006  6.051036E-06  9.737175E-06
201007  5.781293E-06  1.185821E-05
201008  5.188376E-06  1.271054E-05
201009  4.278384E-06  1.045460E-05
201010  3.310701E-06  9.132698E-06
201011  2.229145E-06  7.442299E-06
201012  1.036759E-06  5.600304E-06
201013 -2.550530E-07  3.760600E-06
201014 -1.590680E-06  2.020532E-06
201015 -2.853648E-06  4.422936E-07
201016 -3.890853E-06 -9.258238E-07
201017 -4.577943E-06 -2.043050E-06
201018 -4.890549E-06 -2.885836E-06
201019 -4.926814E-06 -3.456858E-06
201020 -4.851970E-06 -3.774283E-06
201021 -4.794860E-06 -3.843836E-06
201022 -4.769173E-06 -3.640461E-06
201023 -4.675609E-06 -3.122875E-06
201024 -4.376853E-06 -2.272155E-06
201025 -3.783659E-06 -1.119339E-06
201026 -2.894166E-06  2.627586E-07
201027 -1.778183E-06  1.792497E-06
201028 -5.405171E-07  3.403916E-06
201029  7.043145E-07  5.043138E-06
201030  1.845459E-06  6.647764E-06
201031  2.795736E-06  8.133185E-06
201032  3.521541E-06  9.393314E-06
201033  4.058001E-06  1.030177E-05
201034  4.482152E-06  1.070194E-05
201035  4.849482E-06  1.039913E-05
201036  5.136029E-06  9.183924E-06
201037  5.230378E-06  6.899880E-06
201038  4.982857E-06  3.534563E-06
201039  4.277512E-06 -7.076340E-07
201040  3.082815E-06 -5.383045E-06
201041  1.462296E-06 -9.845637E-06
201042 -4.425255E-07 -1.333633E-05
201043 -2.434187E-06 -1.511305E-05
201044 -4.275652E-06 -1.460547E-05
201045 -5.706780E-06 -1.156702E-05
201046 -6.471985E-06 -6.184414E-06
201047 -6.362845E-06  8.966911E-07
201048 -5.267937E-06  8.656681E-06
201049 -3.214550E-06  1.589386E-05
201050 -3.862056E-07  2.148476E-05
201051  2.895381E-06  2.464691E-05
201052  6.227004E-06  2.513046E-05
201053  9.211074E-06  2.328101E-05
201054  1.155044E-05  1.995223E-05
201055  1.311558E-05  1.628827E-05
201056  1.394915E-05  1.343090E-05
201057  1.419725E-05  1.222474E-05
201058  1.399878E-05  1.299664E-05
201059  1.339743E-05  1.547059E-05
201060  1.233308E-05  1.884645E-05
201061  1.071701E-05  2.202336E-05
201062  8.535631E-06  2.390089E-05
201063  5.908462E-06  2.366545E-05
201064  3.065085E-06  2.098043E-05
201065  2.702530E-07  1.603966E-05
201066 -2.240160E-06  9.493536E-06
201067 -4.273025E-06  2.290072E-06
201068 -5.657301E-06 -4.520823E-06
201069 -6.237936E-06 -9.982408E-06
201070 -5.915190E-06 -1.339762E-05
201071 -4.710588E-06 -1.444072E-05
201072 -2.807848E-06 -1.319125E-05
201073 -5.296922E-07 -1.008317E-05
201074  1.744895E-06 -5.786604E-06
201075  3.681844E-06 -1.057778E-06
201076  5.065890E-06  3.403975E-06
201077  5.823871E-06  7.063048E-06
201078  6.001880E-06  9.603462E-06
201079  5.716786E-06  1.093285E-05
201080  5.104227E-06  1.114454E-05
201081  4.202688E-06  8.111577E-06
201082  3.358396E-06  6.728759E-06
201083  2.396423E-06  5.105004E-06
201084  1.317317E-06  3.417757E-06
201085  1.262406E-07  1.785595E-06
201086 -1.128700E-06  2.794840E-07
201087 -2.334450E-06 -1.052586E-06
201088 -3.333523E-06 -2.164990E-06
201089 -3.991378E-06 -3.015402E-06
201090 -4.274656E-06 -3.587125E-06
201091 -4.280173E-06 -3.908060E-06
201092 -4.180023E-06 -4.037728E-06
201093 -4.112940E-06 -4.023395E-06
201094 -4.099960E-06 -3.862225E-06
201095 -4.045174E-06 -3.506346E-06
201096 -3.812564E-06 -2.906985E-06
201097 -3.312763E-06 -2.055995E-06
201098 -2.539494E-06 -9.896938E-07
201099 -1.550281E-06  2.385229E-07
201100 -4.306834E-07  1.581633E-06
201101  7.239338E-07  2.996267E-06
201102  1.812543E-06  4.425614E-06
201103  2.743358E-06  5.793145E-06
201104  3.465775E-06  7.011693E-06
201105  3.992210E-06  7.987237E-06
201106  4.377817E-06  8.601776E-06
201107  4.661353E-06  8.691969E-06
201108  4.811416E-06  8.060482E-06
201109  4.724687E-06  6.537644E-06
201110  4.281374E-06  4.069632E-06
201111  3.417193E-06  7.875882E-07
201112  2.163118E-06 -2.973374E-06
201113  6.359485E-07 -6.707226E-06
201114 -9.997471E-07 -9.808678E-06
201115 -2.566598E-06 -1.167191E-05
201116 -3.890733E-06 -1.180784E-05
201117 -4.805681E-06 -9.963841E-06
201118 -5.159114E-06 -6.216890E-06
201119 -4.831970E-06 -1.005685E-06
201120 -3.768118E-06  4.923193E-06
201121 -2.004363E-06  1.065597E-05
201122  3.122438E-07  1.531085E-05
201123  2.931380E-06  1.824372E-05
201124  5.537920E-06  1.920159E-05
201125  7.820419E-06  1.837827E-05
201126  9.553415E-06  1.635622E-05
201127  1.066072E-05  1.395064E-05
201128  1.122177E-05  1.199585E-05
201129  1.140437E-05  1.112545E-05
201130  1.135163E-05  1.160094E-05
201131  1.108958E-05  1.323729E-05
201132  1.051735E-05  1.545396E-05
201133  9.487996E-06  1.744251E-05
201134  7.922511E-06  1.839929E-05
201135  5.877257E-06  1.774651E-05
201136  3.526606E-06  1.527404E-05
201137  1.090951E-06  1.117156E-05
201138 -1.223415E-06  5.964451E-06
201139 -3.232061E-06  3.913312E-07
201140 -4.746959E-06 -4.740872E-06
201141 -5.572167E-06 -8.702670E-06
201142 -5.553244E-06 -1.097263E-05
201143 -4.657483E-06 -1.133030E-05
201144 -3.026359E-06 -9.885803E-06
201145 -9.567605E-07 -7.034950E-06
201146  1.183524E-06 -3.355052E-06
201147  3.060920E-06  5.243657E-07
201148  4.452939E-06  4.040343E-06
201149  5.273318E-06  6.780683E-06
201150  5.551359E-06  8.523614E-06
201151  5.386845E-06  9.234266E-06
201152  4.901820E-06  9.027480E-06
201153  4.332167E-06  5.798048E-06
201154  3.703057E-06  4.538514E-06
201155  2.928963E-06  3.139335E-06
201156  2.011593E-06  1.734463E-06
201157  9.560144E-07  4.069544E-07
201158 -1.913432E-07 -7.959741E-07
201159 -1.318400E-06 -1.836009E-06
201160 -2.265526E-06 -2.664755E-06
201161 -2.892710E-06 -3.232872E-06
201162 -3.159870E-06 -3.525623E-06
201163 -3.158243E-06 -3.592258E-06
201164 -3.056631E-06 -3.531439E-06
201165 -2.992924E-06 -3.432086E-06
201166 -2.990146E-06 -3.315758E-06
201167 -2.957674E-06 -3.130598E-06
201168 -2.767098E-06 -2.799041E-06
201169 -2.335523E-06 -2.272778E-06
201170 -1.657396E-06 -1.550386E-06
201171 -7.826374E-07 -6.580687E-07
201172  2.171522E-07  3.716535E-07
201173  1.260690E-06  1.499418E-06
201174  2.253874E-06  2.667987E-06
201175  3.100361E-06  3.805179E-06
201176  3.734361E-06  4.841703E-06
201177  4.147706E-06  5.717537E-06
201178  4.376506E-06  6.358540E-06
201179  4.448442E-06  6.643369E-06
201180  4.334565E-06  6.404157E-06
201181  3.952520E-06  5.481526E-06
201182  3.224891E-06  3.807308E-06
201183  2.148319E-06  1.465621E-06
201184  8.216449E-07 -1.297113E-06
201185 -5.824983E-07 -4.107465E-06
201186 -1.875954E-06 -6.524298E-06
201187 -2.903741E-06 -8.108645E-06
201188 -3.562260E-06 -8.501421E-06
201189 -3.792208E-06 -7.503822E-06
201190 -3.564245E-06 -5.143437E-06
201191 -2.872269E-06 -1.701136E-06
201192 -1.738944E-06  2.321428E-06
201193 -2.293583E-07  6.296708E-06
201194  1.536123E-06  9.609109E-06
201195  3.380754E-06  1.179830E-05
201196  5.092517E-06  1.266574E-05
201197  6.472074E-06  1.231371E-05
201198  7.397664E-06  1.110854E-05
201199  7.877669E-06  9.581378E-06
201200  8.052227E-06  8.291469E-06
201201  8.123793E-06  7.680863E-06
201202  8.241848E-06  7.952243E-06
201203  8.408548E-06  9.004956E-06
201204  8.470045E-06  1.045746E-05
201205  8.203374E-06  1.175853E-05
201206  7.440681E-06  1.235239E-05
201207  6.148412E-06  1.183858E-05
201208  4.420581E-06  1.007250E-05
201209  2.415594E-06  7.185828E-06
201210  3.032986E-07  3.541439E-06
201211 -1.737643E-06 -3.463489E-07
201212 -3.492955E-06 -3.904497E-06
201213 -4.712853E-06 -6.600985E-06
201214 -5.171784E-06 -8.045999E-06
201215 -4.762273E-06 -8.073902E-06
201216 -3.560089E-06 -6.776119E-06
201217 -1.814075E-06 -4.468786E-06
201218  1.347047E-07 -1.607360E-06
201219  1.958232E-06  1.319591E-06
201220  3.421038E-06  3.885147E-06
201221  4.409911E-06  5.788033E-06
201222  4.919588E-06  6.879966E-06
201223  5.015035E-06  7.159196E-06
201224  4.789832E-06  6.738350E-06
