Mesh2HRTF 0.1.2
    1
    1  1225
200000  5.297061E-05  2.840233E-05
200001 -5.420540E-04  4.055604E-06
200002 -5.350326E-04  6.128582E-06
200003 -5.143927E-04  1.202866E-05
200004 -4.813074E-04  2.118350E-05
200005 -4.376185E-04  3.271738E-05
200006 -3.856835E-04  4.555455E-05
200007 -3.281866E-04  5.854204E-05
200008 -2.679339E-04  7.057430E-05
200009 -2.076543E-04  8.070330E-05
200010 -1.498231E-04  8.822050E-05
200011 -9.652297E-05  9.270257E-05
200012 -4.935085E-05  9.401893E-05
200013 -9.372116E-06  9.230466E-05
200014  2.287880E-05  8.790752E-05
200015  4.735850E-05  8.131974E-05
200016  6.444370E-05  7.310644E-05
200017  7.483941E-05  6.384045E-05
200018  7.947643E-05  5.405082E-05
200019  7.940821E-05  4.418841E-05
200020  7.571577E-05  3.460910E-05
200021  6.942792E-05  2.557191E-05
200022  6.146183E-05  1.724809E-05
200023  5.258606E-05  9.736465E-06
200024  4.340572E-05  3.080780E-06
200025  3.436653E-05 -2.714340E-06
200026  2.577298E-05 -7.670773E-06
200027  1.781473E-05 -1.182830E-05
200028  1.059572E-05 -1.523956E-05
200029  4.161732E-06 -1.796747E-05
200030 -1.476684E-06 -2.008368E-05
200031 -6.326943E-06 -2.166686E-05
200032 -1.040295E-05 -2.280015E-05
200033 -1.371843E-05 -2.356738E-05
200034 -1.628390E-05 -2.404840E-05
200035 -1.810602E-05 -2.431388E-05
200036 -1.918819E-05 -2.442033E-05
200037 -1.953164E-05 -2.440577E-05
200038 -1.913641E-05 -2.428674E-05
200039 -1.800188E-05 -2.405681E-05
200040 -1.612665E-05 -2.368691E-05
200041 -1.350784E-05 -2.312744E-05
200042 -1.014015E-05 -2.231197E-05
200043 -6.015164E-06 -2.116217E-05
200044 -1.121726E-06 -1.959318E-05
200045  4.551429E-06 -1.751893E-05
200046  1.100951E-05 -1.485659E-05
200047  1.824063E-05 -1.152980E-05
200048  2.619888E-05 -7.470964E-06
200049  3.478152E-05 -2.623005E-06
200050  4.380134E-05  3.057868E-06
200051  5.295720E-05  9.597198E-06
200052  6.180712E-05  1.699376E-05
200053  6.974956E-05  2.520699E-05
200054  7.601871E-05  3.414101E-05
200055  7.969892E-05  4.362718E-05
200056  7.976129E-05  5.340861E-05
200057  7.512322E-05  6.313094E-05
200058  6.472842E-05  7.234419E-05
200059  4.764251E-05  8.051960E-05
200060  2.315689E-05  8.708413E-05
200061 -9.108154E-06  9.147217E-05
200062 -4.911093E-05  9.319088E-05
200063 -9.631705E-05  9.189197E-05
200064 -1.496594E-04  8.743997E-05
200065 -2.075377E-04  7.996531E-05
200066 -2.678648E-04  6.989125E-05
200067 -3.281605E-04  5.792628E-05
200068 -3.856915E-04  4.501819E-05
200069 -4.376485E-04  3.227189E-05
200070 -4.813458E-04  2.083918E-05
200071 -5.144268E-04  1.179400E-05
200072 -5.350524E-04  6.009665E-06
200073 -3.022449E-04  8.505972E-05
200074 -2.925836E-04  8.944382E-05
200075 -2.650648E-04  1.017799E-04
200076 -2.228037E-04  1.196170E-04
200077 -1.704248E-04  1.394032E-04
200078 -1.133547E-04  1.571565E-04
200079 -5.703513E-05  1.691976E-04
200080 -6.205729E-06  1.727987E-04
200081  3.561860E-05  1.666326E-04
200082  6.639927E-05  1.509476E-04
200083  8.554457E-05  1.274475E-04
200084  9.365643E-05  9.891203E-05
200085  9.215902E-05  6.863769E-05
200086  8.292846E-05  3.982275E-05
200087  6.801664E-05  1.503162E-05
200088  4.950356E-05 -4.145352E-06
200089  2.944605E-05 -1.717990E-05
200090  9.845030E-06 -2.446364E-05
200091 -7.446779E-06 -2.702115E-05
200092 -2.090734E-05 -2.618460E-05
200093 -2.957581E-05 -2.331138E-05
200094 -3.323261E-05 -1.957960E-05
200095 -3.242732E-05 -1.586131E-05
200096 -2.831033E-05 -1.266451E-05
200097 -2.231326E-05 -1.014187E-05
200098 -1.579234E-05 -8.166104E-06
200099 -9.759326E-06 -6.456687E-06
200100 -4.772947E-06 -4.721413E-06
200101 -9.875947E-07 -2.767573E-06
200102  1.706590E-06 -5.505260E-07
200103  3.530965E-06  1.841851E-06
200104  4.710229E-06  4.245060E-06
200105  5.424976E-06  6.480159E-06
200106  5.809434E-06  8.396729E-06
200107  5.967006E-06  9.888062E-06
200108  5.981911E-06  1.088487E-05
200109  5.919043E-06  1.134059E-05
200110  5.816023E-06  1.122055E-05
200111  5.675750E-06  1.050225E-05
200112  5.464305E-06  9.188174E-06
200113  5.112101E-06  7.326596E-06
200114  4.511635E-06  5.030520E-06
200115  3.507922E-06  2.481187E-06
200116  1.888219E-06 -9.649892E-08
200117 -6.091659E-07 -2.490499E-06
200118 -4.241121E-06 -4.577520E-06
200119 -9.146442E-06 -6.388190E-06
200120 -1.518947E-05 -8.124264E-06
200121 -2.181691E-05 -1.010293E-05
200122 -2.800811E-05 -1.263305E-05
200123 -3.238370E-05 -1.586015E-05
200124 -3.347774E-05 -1.963132E-05
200125 -3.010014E-05 -2.342011E-05
200126 -2.166430E-05 -2.632615E-05
200127 -8.363591E-06 -2.714563E-05
200128  8.850964E-06 -2.450862E-05
200129  2.844967E-05 -1.708789E-05
200130  4.855841E-05 -3.878442E-06
200131  6.714814E-05  1.548481E-05
200132  8.213476E-05  4.044820E-05
200133  9.141748E-05  6.940225E-05
200134  9.293241E-05  9.977110E-05
200135  8.479995E-05  1.283512E-04
200136  6.559970E-05  1.518453E-04
200137  3.473990E-05  1.674766E-04
200138 -7.171014E-06  1.735484E-04
200139 -5.807123E-05  1.698238E-04
200140 -1.144182E-04  1.576454E-04
200141 -1.714448E-04  1.397570E-04
200142 -2.236900E-04  1.198514E-04
200143 -2.657233E-04  1.019174E-04
200144 -2.929353E-04  8.950606E-05
200145  1.170838E-04  3.312270E-05
200146  1.166791E-04  3.263398E-05
200147  1.149249E-04  3.101550E-05
200148  1.110568E-04  2.753640E-05
200149  1.041127E-04  2.142775E-05
200150  9.325527E-05  1.233569E-05
200151  7.811112E-05  6.110814E-07
200152  5.906014E-05 -1.271764E-05
200153  3.740467E-05 -2.625705E-05
200154  1.533079E-05 -3.861586E-05
200155 -4.414535E-06 -4.855754E-05
200156 -1.913891E-05 -5.489566E-05
200157 -2.698924E-05 -5.642078E-05
200158 -2.764031E-05 -5.222174E-05
200159 -2.256232E-05 -4.238385E-05
200160 -1.463610E-05 -2.851654E-05
200161 -7.130420E-06 -1.347779E-05
200162 -2.384741E-06 -2.493338E-07
200163 -8.137175E-07  9.318915E-06
200164 -8.582862E-07  1.499866E-05
200165 -7.900652E-08  1.764111E-05
200166  3.161222E-06  1.819323E-05
200167  8.519533E-06  1.713693E-05
200168  1.386003E-05  1.468646E-05
200169  1.668090E-05  1.131059E-05
200170  1.571161E-05  7.901420E-06
200171  1.154767E-05  5.372397E-06
200172  6.039168E-06  4.090486E-06
200173  1.089146E-06  3.689238E-06
200174 -2.240144E-06  3.403329E-06
200175 -3.890871E-06  2.600891E-06
200176 -4.425471E-06  1.105823E-06
200177 -4.519419E-06 -8.329127E-07
200178 -4.626395E-06 -2.784197E-06
200179 -4.882931E-06 -4.369703E-06
200180 -5.187399E-06 -5.366611E-06
200181 -5.359011E-06 -5.685709E-06
200182 -5.289917E-06 -5.306890E-06
200183 -5.019399E-06 -4.252905E-06
200184 -4.693475E-06 -2.628247E-06
200185 -4.425659E-06 -6.821800E-07
200186 -4.124546E-06  1.187101E-06
200187 -3.387085E-06  2.557517E-06
200188 -1.569831E-06  3.228115E-06
200189  1.884952E-06  3.449155E-06
200190  6.933452E-06  3.918764E-06
200191  1.252629E-05  5.419482E-06
200192  1.675259E-05  8.259615E-06
200193  1.772814E-05  1.194804E-05
200194  1.481365E-05  1.543250E-05
200195  9.257935E-06  1.774128E-05
200196  3.589250E-06  1.844035E-05
200197  1.789117E-08  1.746112E-05
200198 -1.021362E-06  1.450939E-05
200199 -1.100061E-06  8.770703E-06
200200 -2.650870E-06 -5.953067E-07
200201 -7.288462E-06 -1.346614E-05
200202 -1.468913E-05 -2.814499E-05
200203 -2.259450E-05 -4.176433E-05
200204 -2.776537E-05 -5.149171E-05
200205 -2.728302E-05 -5.566475E-05
200206 -1.959307E-05 -5.411989E-05
200207 -4.938876E-06 -4.772042E-05
200208  1.485820E-05 -3.768229E-05
200209  3.706945E-05 -2.523787E-05
200210  5.886625E-05 -1.167351E-05
200211  7.798422E-05  1.595405E-06
200212  9.309165E-05  1.318513E-05
200213  1.038451E-04  2.209863E-05
200214  1.107000E-04  2.801877E-05
200215  1.145737E-04  3.132123E-05
200216  1.164596E-04  3.278093E-05
200217 -5.498938E-05 -2.010060E-05
200218 -5.494769E-05 -2.033545E-05
200219 -5.498962E-05 -2.076351E-05
200220 -5.462354E-05 -2.116364E-05
200221 -5.300123E-05 -2.139435E-05
200222 -4.915660E-05 -2.133749E-05
200223 -4.242874E-05 -2.046809E-05
200224 -3.292325E-05 -1.744781E-05
200225 -2.174667E-05 -1.059252E-05
200226 -1.074486E-05  4.808740E-07
200227 -1.754389E-06  1.336834E-05
200228  4.180701E-06  2.372182E-05
200229  7.105485E-06  2.852752E-05
200230  7.953975E-06  2.860467E-05
200231  8.185697E-06  2.718355E-05
200232  9.198109E-06  2.588942E-05
200233  1.124217E-05  2.285837E-05
200234  1.256990E-05  1.528687E-05
200235  1.043691E-05  3.416628E-06
200236  4.021817E-06 -8.631997E-06
200237 -3.694609E-06 -1.611097E-05
200238 -8.060519E-06 -1.756312E-05
200239 -7.356435E-06 -1.548645E-05
200240 -4.617809E-06 -1.332369E-05
200241 -4.194190E-06 -1.217202E-05
200242 -6.988535E-06 -1.068103E-05
200243 -9.907214E-06 -7.744440E-06
200244 -9.657023E-06 -4.370219E-06
200245 -6.037936E-06 -2.555509E-06
200246 -1.435465E-06 -2.968652E-06
200247  1.881473E-06 -4.369756E-06
200248  3.357160E-06 -5.044015E-06
200249  3.682898E-06 -4.247927E-06
200250  3.642299E-06 -2.373826E-06
200251  3.579730E-06 -3.030417E-07
200252  3.552082E-06  1.163159E-06
200253  3.589094E-06  1.553864E-06
200254  3.743007E-06  8.035918E-07
200255  4.027924E-06 -7.878240E-07
200256  4.397266E-06 -2.679917E-06
200257  4.688212E-06 -4.197269E-06
200258  4.431189E-06 -4.668043E-06
200259  2.777531E-06 -3.851302E-06
200260 -9.324685E-07 -2.519801E-06
200261 -6.021752E-06 -2.314578E-06
200262 -1.004509E-05 -4.341868E-06
200263 -1.045329E-05 -7.782730E-06
200264 -7.391252E-06 -1.054126E-05
200265 -4.267082E-06 -1.165089E-05
200266 -4.403829E-06 -1.242360E-05
200267 -7.080830E-06 -1.446369E-05
200268 -7.952200E-06 -1.677669E-05
200269 -3.831564E-06 -1.576656E-05
200270  3.724390E-06 -8.634560E-06
200271  1.013208E-05  3.371063E-06
200272  1.239538E-05  1.546043E-05
200273  1.129241E-05  2.326934E-05
200274  9.501620E-06  2.630604E-05
200275  8.659563E-06  2.729772E-05
200276  8.397560E-06  2.825027E-05
200277  7.299255E-06  2.779601E-05
200278  4.041718E-06  2.290740E-05
200279 -2.098324E-06  1.279106E-05
200280 -1.104052E-05  3.167226E-07
200281 -2.179004E-05 -1.036509E-05
200282 -3.268320E-05 -1.697770E-05
200283 -4.204618E-05 -1.991868E-05
200284 -4.884868E-05 -2.081402E-05
200285 -5.293794E-05 -2.093764E-05
200286 -5.483256E-05 -2.078502E-05
200287 -5.533443E-05 -2.048061E-05
200288 -5.520448E-05 -2.018039E-05
200289  3.371094E-05  1.000327E-05
200290  3.377147E-05  1.005836E-05
200291  3.406546E-05  1.035477E-05
200292  3.399515E-05  1.178922E-05
200293  3.274406E-05  1.517927E-05
200294  2.960910E-05  2.004351E-05
200295  2.457750E-05  2.359601E-05
200296  1.866861E-05  2.205871E-05
200297  1.320395E-05  1.473200E-05
200298  8.577471E-06  6.004501E-06
200299  4.531870E-06  4.438610E-07
200300  1.704478E-06 -3.497205E-06
200301  1.042374E-06 -1.053544E-05
200302  8.212942E-07 -1.953200E-05
200303 -3.033538E-06 -2.325969E-05
200304 -1.099839E-05 -1.842562E-05
200305 -1.645778E-05 -1.035491E-05
200306 -1.235765E-05 -5.624184E-06
200307 -1.081533E-06 -4.397312E-06
200308  6.882253E-06 -2.251816E-06
200309  5.728532E-06  3.283845E-06
200310  1.282905E-06  9.924595E-06
200311  1.718551E-06  1.325331E-05
200312  5.768641E-06  1.156538E-05
200313  6.259818E-06  8.144265E-06
200314  2.409577E-06  7.519677E-06
200315  7.296711E-07  9.427857E-06
200316  4.138414E-06  9.248676E-06
200317  7.641247E-06  5.203257E-06
200318  6.170297E-06  1.401270E-06
200319  1.032434E-06  1.901704E-06
200320 -3.220591E-06  5.279598E-06
200321 -4.433254E-06  7.351122E-06
200322 -3.635470E-06  6.509400E-06
200323 -2.545918E-06  4.263773E-06
200324 -1.935412E-06  2.406233E-06
200325 -1.759115E-06  1.595171E-06
200326 -1.897653E-06  2.042035E-06
200327 -2.486703E-06  3.975052E-06
200328 -3.524655E-06  6.731689E-06
200329 -4.161067E-06  8.069051E-06
200330 -2.674783E-06  6.045730E-06
200331  1.825756E-06  2.287218E-06
200332  6.990054E-06  1.348260E-06
200333  8.191334E-06  4.914661E-06
200334  4.279862E-06  8.861016E-06
200335  6.376877E-07  8.930944E-06
200336  2.467139E-06  6.975603E-06
200337  6.694119E-06  7.823396E-06
200338  6.363032E-06  1.173978E-05
200339  1.994701E-06  1.389460E-05
200340  1.044574E-06  1.072675E-05
200341  5.315620E-06  3.986185E-06
200342  6.764423E-06 -1.678716E-06
200343 -8.746134E-07 -3.893176E-06
200344 -1.223517E-05 -5.216121E-06
200345 -1.672011E-05 -1.011419E-05
200346 -1.146144E-05 -1.834701E-05
200347 -3.269243E-06 -2.328243E-05
200348  9.794248E-07 -1.962937E-05
200349  1.359349E-06 -1.068893E-05
200350  1.887087E-06 -3.609324E-06
200351  4.577580E-06  5.068099E-07
200352  8.714180E-06  6.269565E-06
200353  1.358149E-05  1.508656E-05
200354  1.923790E-05  2.235592E-05
200355  2.523670E-05  2.373586E-05
200356  3.032442E-05  1.997755E-05
200357  3.349873E-05  1.491837E-05
200358  3.471472E-05  1.141968E-05
200359  3.463423E-05  1.000883E-05
200360  3.408557E-05  9.853573E-06
200361 -2.213008E-05 -2.174418E-06
200362 -2.275636E-05 -2.396366E-06
200363 -2.346589E-05 -3.778530E-06
200364 -2.321369E-05 -7.565824E-06
200365 -2.111966E-05 -1.431466E-05
200366 -1.759961E-05 -2.094858E-05
200367 -1.456156E-05 -2.184769E-05
200368 -1.289365E-05 -1.680335E-05
200369 -1.068680E-05 -1.326261E-05
200370 -7.249211E-06 -1.389734E-05
200371 -6.457384E-06 -1.079635E-05
200372 -9.764859E-06 -1.187224E-06
200373 -9.821621E-06  5.518810E-06
200374 -3.334807E-07  5.830813E-06
200375  1.166112E-05  8.495591E-06
200376  1.337875E-05  1.566481E-05
200377  4.014735E-06  1.775165E-05
200378 -3.682280E-06  1.122133E-05
200379 -5.447652E-07  4.250732E-06
200380  6.626378E-06  2.740277E-06
200381  5.440426E-06  3.273898E-06
200382 -2.748224E-06  6.444601E-07
200383 -5.296487E-06 -5.502212E-06
200384 -2.841285E-07 -1.129378E-05
200385  7.432469E-07 -1.217189E-05
200386 -4.844001E-06 -7.653705E-06
200387 -6.375778E-06 -3.636272E-06
200388 -1.690677E-06 -5.611869E-06
200389 -9.440739E-07 -9.500877E-06
200390 -6.173362E-06 -7.216352E-06
200391 -8.064163E-06 -1.028489E-06
200392 -3.239927E-06 -5.447500E-07
200393  2.021213E-06 -6.670745E-06
200394  3.363574E-06 -1.138488E-05
200395  2.345636E-06 -1.064176E-05
200396  1.464239E-06 -7.576779E-06
200397  1.460189E-06 -6.273783E-06
200398  2.076652E-06 -8.048377E-06
200399  2.933578E-06 -1.115115E-05
200400  3.396180E-06 -1.135186E-05
200401  1.697398E-06 -6.020207E-06
200402 -3.263638E-06  6.729342E-08
200403 -7.484626E-06 -1.054243E-06
200404 -5.345348E-06 -7.633841E-06
200405 -4.103355E-07 -9.565262E-06
200406 -1.651598E-06 -5.006214E-06
200407 -6.617063E-06 -2.744332E-06
200408 -4.953777E-06 -6.983354E-06
200409  1.024412E-06 -1.177530E-05
200410  6.993886E-08 -1.093254E-05
200411 -5.661104E-06 -5.192051E-06
200412 -4.142600E-06  6.856136E-07
200413  3.809539E-06  3.156076E-06
200414  5.837965E-06  2.827656E-06
200415 -3.725103E-07  4.521358E-06
200416 -3.392128E-06  1.123697E-05
200417  3.709323E-06  1.736649E-05
200418  1.261129E-05  1.533073E-05
200419  1.107194E-05  8.687963E-06
200420 -3.742588E-07  6.426509E-06
200421 -9.528407E-06  5.968216E-06
200422 -9.544906E-06 -1.191974E-06
200423 -6.363920E-06 -1.110989E-05
200424 -7.017307E-06 -1.429454E-05
200425 -1.026503E-05 -1.364386E-05
200426 -1.257942E-05 -1.708971E-05
200427 -1.453983E-05 -2.204280E-05
200428 -1.770076E-05 -2.122150E-05
200429 -2.106215E-05 -1.478077E-05
200430 -2.282607E-05 -8.121063E-06
200431 -2.280564E-05 -4.240180E-06
200432 -2.220580E-05 -2.650239E-06
200433  1.385989E-05 -3.355365E-06
200434  1.359990E-05 -2.810629E-06
200435  1.285071E-05  5.324736E-07
200436  1.073217E-05  8.197764E-06
200437  7.696051E-06  1.612317E-05
200438  6.508085E-06  1.644585E-05
200439  7.715414E-06  1.121207E-05
200440  6.833767E-06  1.218635E-05
200441  3.998535E-06  1.748090E-05
200442  6.943077E-06  1.409195E-05
200443  1.387748E-05  7.142301E-06
200444  1.320562E-05  8.013538E-06
200445  4.696984E-06  8.164880E-06
200446 -2.450965E-06  1.418451E-06
200447 -5.153612E-06 -2.030396E-06
200448 -4.126310E-06 -1.461371E-06
200449 -8.777399E-07 -5.744283E-06
200450 -7.122506E-07 -1.152864E-05
200451 -4.190851E-06 -1.086846E-05
200452 -3.380857E-06 -5.903757E-06
200453  2.132371E-06 -1.158956E-06
200454  3.057202E-06  2.480902E-06
200455  7.796986E-07  3.137903E-06
200456  3.566837E-06  1.913002E-06
200457  5.230771E-06  4.431442E-06
200458 -2.449251E-08  8.900398E-06
200459 -1.994564E-07  7.927247E-06
200460  7.015910E-06  3.181524E-06
200461  5.964923E-06  3.344759E-06
200462 -1.145288E-06  9.117446E-06
200463  1.724393E-06  9.535855E-06
200464  8.710649E-06  1.705972E-06
200465  6.081304E-06 -2.084600E-07
200466 -8.375017E-07  8.604180E-06
200467 -2.998945E-06  1.554091E-05
200468 -1.954406E-06  1.511200E-05
200469 -1.098429E-06  1.383870E-05
200470 -1.231568E-06  1.555438E-05
200471 -2.169388E-06  1.570753E-05
200472 -5.222838E-07  8.517736E-06
200473  6.001160E-06  5.631635E-08
200474  8.855971E-06  2.158706E-06
200475  2.206197E-06  9.579763E-06
200476 -9.015690E-07  8.900889E-06
200477  5.646126E-06  3.451915E-06
200478  6.552797E-06  3.727431E-06
200479 -3.958555E-07  8.505555E-06
200480 -6.989122E-08  9.117862E-06
200481  5.308932E-06  4.460781E-06
200482  3.911347E-06  2.261173E-06
200483  9.720115E-07  3.708809E-06
200484  2.565709E-06  2.708174E-06
200485  1.296171E-06 -1.168032E-06
200486 -3.907730E-06 -5.540538E-06
200487 -4.425949E-06 -1.018454E-05
200488 -1.067216E-06 -1.107539E-05
200489 -1.483258E-06 -5.625689E-06
200490 -4.815438E-06 -1.352054E-06
200491 -5.724516E-06 -1.752188E-06
200492 -2.691180E-06  1.689508E-06
200493  4.916825E-06  8.119578E-06
200494  1.363008E-05  7.684775E-06
200495  1.413481E-05  6.921013E-06
200496  7.121885E-06  1.407658E-05
200497  4.288554E-06  1.744692E-05
200498  7.034197E-06  1.214245E-05
200499  7.693570E-06  1.119587E-05
200500  6.328560E-06  1.630563E-05
200501  7.257220E-06  1.600066E-05
200502  1.016398E-05  8.406782E-06
200503  1.264941E-05  9.606953E-07
200504  1.376294E-05 -2.517111E-06
200505 -2.791767E-06  5.500100E-06
200506 -2.021495E-06  3.179385E-06
200507  5.395607E-07 -3.696692E-06
200508  3.802468E-06 -1.072540E-05
200509  3.665672E-06 -9.329394E-06
200510 -2.457060E-07 -2.889565E-06
200511  4.519399E-07 -5.385307E-06
200512  3.677253E-06 -1.098363E-05
200513 -3.236279E-06 -7.280203E-06
200514 -1.223775E-05 -6.334541E-06
200515 -1.194607E-05 -1.244167E-05
200516 -8.542615E-06 -1.277639E-05
200517 -2.066464E-06 -1.117461E-05
200518  4.872374E-06 -1.024769E-05
200519 -4.202489E-07 -3.227363E-06
200520 -9.665016E-06  1.039686E-06
200521 -3.812269E-06 -1.265152E-06
200522  8.645087E-06  2.541549E-06
200523  6.465472E-06  1.032501E-05
200524 -4.517040E-06  8.873408E-06
200525 -3.370240E-06  4.493841E-06
200526  4.193542E-06  9.517480E-06
200527  1.000669E-06  1.143182E-05
200528 -3.033330E-06  3.904675E-07
200529  2.448353E-07 -4.227669E-06
200530 -2.699470E-06 -1.185967E-07
200531 -6.288222E-06 -4.042717E-06
200532  5.553253E-07 -7.194619E-06
200533 -4.499688E-07 -2.291411E-06
200534 -8.385204E-06 -8.767050E-07
200535 -1.787198E-06 -6.683626E-06
200536  1.761481E-06 -9.062908E-06
200537 -9.168649E-06 -4.665570E-07
200538 -9.843551E-06  1.924881E-06
200539 -8.031062E-07 -1.178800E-05
200540  1.508461E-06 -2.269328E-05
200541  2.733200E-07 -2.387745E-05
200542  1.173043E-06 -2.161538E-05
200543 -1.022692E-06 -1.107223E-05
200544 -9.810986E-06  1.895915E-06
200545 -9.035637E-06 -3.129899E-07
200546  1.979636E-06 -8.667089E-06
200547 -1.465666E-06 -6.681662E-06
200548 -8.199936E-06 -1.033546E-06
200549 -5.883322E-07 -2.231555E-06
200550  6.104655E-07 -7.018324E-06
200551 -5.657016E-06 -3.808671E-06
200552 -2.330956E-06 -4.642057E-08
200553 -2.010931E-07 -4.306521E-06
200554 -3.549271E-06  8.491112E-07
200555  8.642319E-07  1.249147E-05
200556  4.258936E-06  1.030305E-05
200557 -2.999588E-06  4.809083E-06
200558 -3.960296E-06  9.104750E-06
200559  6.703955E-06  1.034460E-05
200560  8.496943E-06  2.379197E-06
200561 -3.990694E-06 -1.155452E-06
200562 -9.606812E-06  1.334811E-06
200563 -2.963852E-07 -3.170214E-06
200564  4.786050E-06 -1.035732E-05
200565 -2.052174E-06 -1.120323E-05
200566 -8.216381E-06 -1.262893E-05
200567 -1.177633E-05 -1.189739E-05
200568 -1.223650E-05 -5.528124E-06
200569 -3.012108E-06 -6.750824E-06
200570  3.928105E-06 -1.072211E-05
200571  8.360291E-07 -5.248112E-06
200572  6.652699E-07 -2.989054E-06
200573  4.483997E-06 -9.218539E-06
200574  3.917744E-06 -1.006985E-05
200575  3.812505E-07 -3.107626E-06
200576 -2.051531E-06  3.306857E-06
200577 -9.358460E-06 -1.706855E-06
200578 -1.096149E-05  1.482144E-06
200579 -1.523432E-05  6.490986E-06
200580 -1.565227E-05  3.266245E-06
200581 -9.390269E-06 -5.827997E-06
200582 -9.322043E-06 -4.754088E-06
200583 -1.231366E-05 -1.001517E-06
200584 -2.010923E-06 -5.618997E-06
200585  5.142412E-06 -4.769077E-06
200586  5.461499E-06  2.062408E-06
200587  7.341649E-06  6.271730E-06
200588 -1.974503E-07  1.069953E-05
200589 -4.453424E-06  1.039802E-05
200590  3.444248E-06  8.572654E-06
200591  6.685038E-06  1.178049E-05
200592  2.373025E-06  9.520297E-06
200593 -2.736014E-06  2.720124E-06
200594 -3.105918E-06  7.626700E-07
200595  2.295965E-06  3.648199E-07
200596 -4.857107E-08 -4.167162E-06
200597 -6.922087E-06 -1.003882E-05
200598 -1.048476E-06 -4.419364E-06
200599  3.584573E-06  4.610818E-06
200600 -4.072155E-07 -5.936722E-06
200601  4.468581E-06 -1.013764E-05
200602  6.057481E-06  2.575168E-06
200603 -3.041676E-06 -1.064529E-06
200604  2.082188E-06 -2.806614E-06
200605  4.799037E-06  4.628123E-06
200606 -4.014275E-06 -3.238977E-07
200607  6.170084E-06 -2.158214E-06
200608  5.349225E-06  5.148075E-06
200609 -7.137710E-06  7.100504E-06
200610  9.780420E-06 -3.769639E-06
200611  1.691331E-05 -5.363870E-06
200612  3.616146E-06  1.680074E-05
200613 -5.526265E-07  3.150255E-05
200614  3.510495E-06  1.670129E-05
200615  1.684137E-05 -5.672467E-06
200616  9.960533E-06 -4.199427E-06
200617 -6.874612E-06  7.208996E-06
200618  5.362219E-06  5.513325E-06
200619  6.251428E-06 -2.356837E-06
200620 -3.568246E-06 -4.890104E-07
200621  4.993410E-06  4.760866E-06
200622  2.032917E-06 -2.775847E-06
200623 -2.596781E-06 -7.352448E-07
200624  6.351896E-06  3.013394E-06
200625  3.997046E-06 -1.014955E-05
200626 -8.329113E-07 -5.770652E-06
200627  3.539961E-06  5.265590E-06
200628 -9.227521E-07 -4.092409E-06
200629 -6.537690E-06 -1.008261E-05
200630  2.683297E-07 -4.254949E-06
200631  2.333066E-06 -3.717777E-08
200632 -3.085137E-06  3.914864E-07
200633 -2.860457E-06  2.808382E-06
200634  2.341349E-06  9.760295E-06
200635  7.022970E-06  1.193462E-05
200636  3.395899E-06  8.785784E-06
200637 -5.023015E-06  1.068203E-05
200638 -4.472793E-07  1.074881E-05
200639  7.462745E-06  6.305568E-06
200640  5.787153E-06  2.464325E-06
200641  5.663793E-06 -4.371918E-06
200642 -2.168004E-06 -5.251954E-06
200643 -1.296018E-05 -5.600834E-07
200644 -9.145025E-06 -4.647493E-06
200645 -8.664810E-06 -5.695069E-06
200646 -1.525227E-05  3.772732E-06
200647 -1.541796E-05  6.611122E-06
200648 -1.148914E-05  1.066049E-06
200649  2.084369E-05 -6.773239E-06
200650  2.217130E-05 -7.118115E-06
200651  1.929266E-05 -5.972593E-07
200652  8.934221E-06  1.117077E-05
200653  9.689801E-06  1.130541E-05
200654  1.587209E-05  9.185797E-06
200655  3.598978E-06  1.332469E-05
200656 -1.070150E-06  1.304987E-05
200657 -2.265132E-06  7.294670E-06
200658 -3.299200E-06  3.011581E-06
200659  7.574170E-06  7.602351E-07
200660  7.498503E-06  3.810284E-07
200661  1.259253E-06  2.481366E-07
200662 -6.673220E-06 -8.824901E-07
200663 -1.128406E-05 -5.127381E-06
200664  2.118038E-06 -9.328861E-06
200665  7.178808E-06 -4.805958E-06
200666 -7.535756E-06 -3.599565E-06
200667 -3.479406E-06 -8.226073E-06
200668  1.131963E-05 -1.395158E-06
200669  1.473047E-06  3.451179E-06
200670 -5.739340E-06  1.167487E-07
200671  3.475967E-06  1.133262E-05
200672  7.396746E-07  9.740530E-06
200673 -2.264614E-06 -7.311208E-07
200674  3.938501E-06  1.010549E-05
200675 -4.651283E-06  3.222849E-06
200676 -1.774493E-06 -6.879541E-07
200677  5.410030E-06  7.794312E-06
200678 -7.930090E-06 -1.999236E-06
200679  3.943987E-06  2.092702E-06
200680 -1.194512E-06  8.565328E-06
200681 -1.103382E-05 -3.486075E-06
200682  1.741846E-05 -3.993378E-06
200683 -8.636999E-06  1.795721E-05
200684 -3.012134E-05  1.951815E-05
200685 -1.047827E-05  5.395954E-06
200686 -2.908259E-05  1.897073E-05
200687 -8.116741E-06  1.778683E-05
200688  1.755651E-05 -4.027802E-06
200689 -1.073899E-05 -3.230766E-06
200690 -1.037358E-06  9.048104E-06
200691  4.329511E-06  1.973780E-06
200692 -7.099423E-06 -1.832357E-06
200693  5.633797E-06  8.287650E-06
200694 -2.245183E-06 -7.790396E-07
200695 -4.676686E-06  3.248778E-06
200696  3.968945E-06  1.024819E-05
200697 -2.439565E-06 -1.109749E-06
200698  1.069528E-06  9.456073E-06
200699  3.926411E-06  1.150935E-05
200700 -5.563609E-06  3.785425E-08
200701  1.476259E-06  3.394398E-06
200702  1.076114E-05 -1.076491E-06
200703 -4.165577E-06 -7.939389E-06
200704 -7.546495E-06 -3.029659E-06
200705  7.031442E-06 -4.344220E-06
200706  1.766279E-06 -9.304803E-06
200707 -1.104120E-05 -4.951645E-06
200708 -6.528674E-06 -5.850198E-07
200709  8.016520E-07  4.799116E-07
200710  7.394647E-06  3.449921E-07
200711  8.109941E-06  5.682339E-07
200712 -2.756578E-06  3.323115E-06
200713 -1.856123E-06  7.807279E-06
200714 -1.539835E-06  1.356542E-05
200715  2.576091E-06  1.403767E-05
200716  1.569682E-05  9.380746E-06
200717  1.004313E-05  1.098039E-05
200718  9.443057E-06  1.118176E-05
200719  1.936584E-05 -4.643943E-07
200720  2.136890E-05 -7.396484E-06
200721 -1.584321E-05  8.335417E-06
200722 -1.019958E-05  1.077516E-06
200723  3.554563E-06 -9.945634E-06
200724  2.042242E-06 -8.405653E-06
200725 -7.304717E-06 -6.555719E-06
200726  6.713773E-06 -7.082029E-06
200727  5.939496E-06 -9.022345E-06
200728  3.994840E-06 -3.731503E-06
200729  6.671286E-07 -2.197744E-06
200730 -1.006483E-05 -5.649166E-06
200731 -7.418759E-06 -7.810594E-06
200732 -3.377577E-06 -1.326247E-05
200733  8.043178E-06 -9.119630E-06
200734  4.370299E-06  1.208250E-07
200735 -1.162146E-05 -1.813983E-06
200736 -4.671337E-06 -5.901825E-06
200737  9.425879E-06  2.380844E-06
200738  9.579163E-07  7.613273E-06
200739 -7.346069E-06  1.351794E-06
200740  4.339609E-06  4.238992E-06
200741  3.678875E-06  1.193624E-05
200742 -8.745773E-06 -1.089939E-06
200743 -2.660838E-06  1.811619E-06
200744  1.244461E-06  9.832913E-06
200745 -7.997530E-06 -6.441641E-06
200746  2.002453E-06 -7.269585E-07
200747 -7.513482E-07 -2.841954E-06
200748 -3.763245E-06 -7.415428E-06
200749  7.492144E-06  2.165830E-06
200750 -9.623444E-06 -8.147832E-06
200751  4.569876E-06 -1.951067E-06
200752 -1.480968E-06  1.070236E-06
200753 -7.441607E-06 -1.519828E-05
200754  2.245701E-05  3.677411E-06
200755 -4.249199E-05  1.505418E-05
200756 -2.774733E-05 -6.874494E-05
200757  5.481719E-05 -1.416972E-04
200758 -2.665191E-05 -6.860144E-05
200759 -4.249730E-05  1.588102E-05
200760  2.217854E-05  4.215556E-06
200761 -7.189378E-06 -1.487394E-05
200762 -1.321670E-06  1.743945E-06
200763  5.072425E-06 -1.783529E-06
200764 -8.840194E-06 -7.612596E-06
200765  7.576912E-06  3.012720E-06
200766 -4.258017E-06 -7.400634E-06
200767 -8.946132E-07 -2.940561E-06
200768  1.733648E-06 -8.324267E-07
200769 -8.146564E-06 -6.913384E-06
200770  1.755276E-06  9.389793E-06
200771 -2.544458E-06  1.640796E-06
200772 -9.083785E-06 -1.480882E-06
200773  3.465992E-06  1.176287E-05
200774  3.774184E-06  4.485847E-06
200775 -8.018205E-06  1.492628E-06
200776  1.044829E-06  8.218397E-06
200777  9.445525E-06  2.702471E-06
200778 -4.904097E-06 -6.132542E-06
200779 -1.142130E-05 -1.864538E-06
200780  4.803912E-06 -5.362296E-08
200781  8.297989E-06 -9.199072E-06
200782 -3.008431E-06 -1.307122E-05
200783 -6.795474E-06 -7.745884E-06
200784 -1.008247E-05 -5.363910E-06
200785  3.837478E-07 -1.873501E-06
200786  3.490407E-06 -3.534364E-06
200787  5.410810E-06 -8.486940E-06
200788  6.834435E-06 -6.759716E-06
200789 -7.389225E-06 -6.972033E-06
200790  2.167564E-06 -8.626463E-06
200791  3.761388E-06 -9.491814E-06
200792 -1.097935E-05  1.141579E-06
200793 -1.827526E-05  5.917509E-06
200794 -2.373872E-05  7.150504E-06
200795 -1.544463E-05 -3.881969E-07
200796 -7.355781E-07 -3.328995E-06
200797 -1.594391E-05 -9.553376E-06
200798 -1.008650E-05 -4.833555E-06
200799 -4.643799E-06 -1.274155E-05
200800  1.581309E-06 -1.051708E-05
200801  9.135188E-06 -3.666633E-06
200802  4.432225E-06 -7.664198E-07
200803 -1.014635E-06  7.034305E-06
200804 -1.012985E-05  5.897112E-07
200805 -8.484679E-07  1.623067E-06
200806  5.773630E-06  7.795316E-06
200807  1.483119E-06  9.278602E-06
200808 -6.600869E-06  6.718056E-06
200809 -3.827189E-06  1.838485E-06
200810  6.294732E-06  4.265827E-06
200811 -3.320829E-06  4.639802E-06
200812 -7.304802E-06 -5.778143E-06
200813  4.824921E-06  8.240015E-08
200814  1.527808E-07 -3.579933E-06
200815 -3.716194E-06 -9.613538E-06
200816  7.392881E-06  3.342723E-06
200817 -2.362345E-06 -6.194102E-06
200818  4.338972E-06 -3.860422E-06
200819  6.316611E-06  1.852307E-06
200820 -4.561295E-06 -4.436653E-06
200821  1.003789E-05  3.269972E-06
200822 -7.498520E-06 -2.915322E-06
200823  7.410697E-06 -1.063392E-07
200824  1.289570E-06  4.031083E-06
200825 -4.097330E-06 -1.070496E-05
200826  2.406765E-05  1.635692E-05
200827 -5.457010E-05  9.043307E-06
200828  7.539558E-06 -1.045593E-04
200829  1.417623E-04 -1.805941E-04
200830  7.875450E-06 -1.042514E-04
200831 -5.527776E-05  9.769717E-06
200832  2.381264E-05  1.679435E-05
200833 -3.794188E-06 -1.052063E-05
200834  1.069414E-06  4.615368E-06
200835  7.489865E-06  9.180366E-08
200836 -7.254497E-06 -2.483021E-06
200837  9.971356E-06  3.996462E-06
200838 -4.863127E-06 -4.359186E-06
200839  6.175385E-06  1.774396E-06
200840  4.003316E-06 -3.961847E-06
200841 -2.357184E-06 -6.353241E-06
200842  8.024899E-06  3.038216E-06
200843 -3.837414E-06 -1.006760E-05
200844 -4.495201E-07 -4.276142E-06
200845  4.700072E-06 -3.301271E-07
200846 -7.353645E-06 -5.810127E-06
200847 -3.547297E-06  4.286472E-06
200848  6.349348E-06  4.274854E-06
200849 -3.988141E-06  1.829883E-06
200850 -6.904635E-06  6.690213E-06
200851  1.373758E-06  9.252251E-06
200852  6.044958E-06  7.344957E-06
200853 -3.963201E-07  1.338318E-06
200854 -9.900099E-06  7.058648E-07
200855 -7.589402E-07  7.049149E-06
200856  3.976608E-06 -9.096016E-07
200857  8.688888E-06 -3.870015E-06
200858  1.324940E-06 -1.071662E-05
200859 -5.001196E-06 -1.267588E-05
200860 -1.023504E-05 -4.477575E-06
200861 -1.674615E-05 -9.520870E-06
200862 -1.255007E-06 -3.475670E-06
200863 -1.532462E-05  9.821340E-08
200864 -2.440398E-05  7.221471E-06
200865  3.148831E-05 -8.060891E-06
200866  1.034901E-05  4.969582E-06
200867 -9.320371E-06  3.296271E-06
200868  8.635350E-06  1.349455E-05
200869  5.810443E-07  2.881897E-06
200870 -6.262933E-06  1.268500E-05
200871 -8.255502E-06  5.389785E-06
200872 -8.083212E-06  1.010794E-06
200873 -2.097167E-07  2.616878E-06
200874  6.087368E-06  1.136440E-06
200875  8.110316E-06  1.278181E-05
200876 -3.267391E-06  9.146127E-06
200877 -9.084493E-06  8.269061E-06
200878 -6.969724E-06  9.038271E-07
200879  8.875252E-06  2.571505E-06
200880  2.115370E-06  8.214011E-06
200881 -1.099103E-05 -5.290808E-06
200882  6.303680E-06 -7.229465E-06
200883  6.608221E-06  4.479134E-06
200884 -7.362677E-06 -9.266606E-06
200885  5.334330E-06 -7.074328E-06
200886  8.418360E-06  4.881989E-06
200887 -4.852827E-06 -6.510987E-06
200888  7.285497E-06  4.444710E-07
200889 -1.902288E-07  2.721328E-06
200890 -5.656667E-07 -4.644476E-07
200891  5.846682E-06  7.227396E-06
200892 -8.544406E-06 -1.428350E-07
200893  7.592048E-06  2.865751E-06
200894 -7.949611E-06  3.830866E-06
200895  4.953946E-06 -6.663801E-07
200896 -1.330063E-06  7.809607E-06
200897 -7.657417E-06 -7.180287E-06
200898  1.908927E-05  1.789633E-05
200899 -4.651175E-05  3.985592E-06
200900  1.991550E-05 -7.295097E-05
200901  1.441433E-04 -9.776290E-05
200902  1.977305E-05 -7.304134E-05
200903 -4.722619E-05  3.987111E-06
200904  1.919124E-05  1.814919E-05
200905 -7.258803E-06 -7.117576E-06
200906 -1.721511E-06  7.988462E-06
200907  4.784063E-06 -6.847907E-07
200908 -8.132158E-06  3.873196E-06
200909  7.511539E-06  3.236807E-06
200910 -8.668773E-06 -1.099432E-07
200911  5.746400E-06  7.091145E-06
200912 -7.001077E-07 -5.265266E-07
200913 -9.481566E-08  2.866050E-06
200914  7.841351E-06  4.050134E-07
200915 -4.882579E-06 -6.942023E-06
200916  8.023030E-06  4.280725E-06
200917  5.259876E-06 -7.340937E-06
200918 -7.341073E-06 -9.054959E-06
200919  6.518698E-06  4.376632E-06
200920  6.272974E-06 -7.351894E-06
200921 -1.134943E-05 -5.435675E-06
200922  1.706624E-06  8.520547E-06
200923  8.575445E-06  2.709681E-06
200924 -6.976126E-06  5.779564E-07
200925 -8.887116E-06  7.972650E-06
200926 -3.420308E-06  8.945992E-06
200927  8.077938E-06  1.272438E-05
200928  5.731031E-06  6.816952E-07
200929 -2.546491E-07  2.076416E-06
200930 -8.056462E-06  8.456744E-07
200931 -8.609735E-06  5.119877E-06
200932 -6.611827E-06  1.274307E-05
200933 -3.548351E-07  3.198425E-06
200934  8.102208E-06  1.342469E-05
200935 -9.092024E-06  3.633925E-06
200936  9.807756E-06  4.986339E-06
200937  5.402718E-05 -1.168027E-05
200938  3.107173E-05  1.031041E-05
200939 -9.373320E-07 -6.252560E-06
200940  6.807352E-06  1.344748E-05
200941  1.265740E-05  4.925280E-06
200942  4.072313E-06  1.549539E-05
200943 -1.858376E-06  1.346148E-05
200944 -9.149430E-06  8.197149E-06
200945 -1.028278E-05  4.980125E-06
200946 -2.899962E-06 -4.351573E-06
200947  7.332436E-06  2.751352E-06
200948  7.898559E-06  2.985744E-06
200949 -3.716985E-06  8.149356E-06
200950 -1.275760E-05 -7.554469E-06
200951  8.132629E-06 -8.609924E-06
200952  1.129077E-05  4.927230E-06
200953 -6.509975E-06 -4.555128E-06
200954  2.216274E-06 -1.026790E-05
200955  1.041288E-05  4.907221E-06
200956 -2.617897E-06 -1.299021E-06
200957  6.815654E-07 -5.475647E-06
200958  6.804640E-06  1.096786E-05
200959 -7.537606E-06  5.059996E-07
200960  1.839580E-06 -4.709635E-06
200961 -2.000454E-06  5.981807E-06
200962 -6.817881E-06 -1.671717E-06
200963  3.830361E-06  4.157661E-06
200964 -9.567678E-06 -1.903819E-08
200965  5.208290E-06 -2.429911E-06
200966 -7.527265E-06  5.708765E-06
200967  2.532169E-06 -5.861918E-06
200968 -3.184989E-06  7.158961E-06
200969 -8.431134E-06 -9.381228E-06
200970  1.404571E-05  1.197825E-05
200971 -2.685302E-05 -7.299977E-07
200972  8.342071E-06 -4.191064E-05
200973  7.698673E-05 -2.072888E-05
200974  8.173779E-06 -4.224257E-05
200975 -2.719156E-05 -1.096628E-06
200976  1.430041E-05  1.231787E-05
200977 -8.022189E-06 -9.329110E-06
200978 -3.361999E-06  6.981981E-06
200979  2.525656E-06 -5.993772E-06
200980 -7.764800E-06  5.480178E-06
200981  5.209720E-06 -2.274517E-06
200982 -9.595028E-06 -3.135136E-08
200983  3.822788E-06  3.961800E-06
200984 -6.696985E-06 -1.646935E-06
200985 -2.055619E-06  6.175216E-06
200986  1.980256E-06 -4.629337E-06
200987 -7.555438E-06  2.673512E-07
200988  6.626920E-06  1.071703E-05
200989  4.772293E-07 -5.418231E-06
200990 -2.943828E-06 -7.347477E-07
200991  1.014562E-05  5.326910E-06
200992  2.162617E-06 -1.019557E-05
200993 -6.754627E-06 -4.788833E-06
200994  1.105895E-05  5.261698E-06
200995  8.024711E-06 -8.413703E-06
200996 -1.278824E-05 -7.625230E-06
200997 -3.698636E-06  7.967084E-06
200998  7.653810E-06  2.620746E-06
200999  7.219650E-06  2.851453E-06
201000 -3.003315E-06 -4.814797E-06
201001 -9.969817E-06  4.349119E-06
201002 -9.098520E-06  8.272705E-06
201003 -2.088413E-06  1.318144E-05
201004  4.018467E-06  1.523834E-05
201005  1.213429E-05  5.161549E-06
201006  6.609876E-06  1.340280E-05
201007 -6.256172E-07 -6.006690E-06
201008  3.052535E-05  1.036297E-05
201009  3.702177E-05 -1.680774E-05
201010  1.777744E-05  1.896037E-05
201011  2.519259E-06 -1.465271E-05
201012 -2.066871E-06  1.490592E-06
201013  1.223536E-05 -2.158925E-06
201014  9.168237E-06  5.794564E-06
201015  6.459765E-06  8.714102E-06
201016 -1.014415E-06  7.507742E-06
201017 -8.520517E-06  4.889860E-06
201018 -6.896798E-06 -7.211392E-06
201019  2.603383E-06 -6.922195E-06
201020  1.331620E-05 -5.008431E-06
201021  5.133216E-06  8.053353E-06
201022 -8.934522E-06 -6.827867E-06
201023  3.580042E-06 -1.225485E-05
201024  1.248476E-05  2.047837E-06
201025 -8.857019E-08  2.017504E-06
201026 -3.372544E-06 -6.601836E-06
201027  6.911704E-06  2.640451E-06
201028  9.430868E-08  6.840537E-06
201029 -5.246505E-06 -3.299743E-06
201030  1.915865E-06  7.432711E-06
201031 -7.588875E-06  4.093004E-06
201032 -8.953907E-07 -1.082699E-05
201033 -1.265913E-06  3.435645E-06
201034 -7.783659E-06 -4.526622E-06
201035  4.747012E-06 -7.635707E-07
201036 -6.703755E-06  5.112190E-07
201037  4.981999E-06 -6.622360E-06
201038 -5.071890E-06  6.167113E-06
201039  2.673330E-06 -9.348863E-06
201040 -2.120225E-06  6.378048E-06
201041 -4.256651E-06 -1.028337E-05
201042  9.954765E-06  8.190551E-06
201043 -8.255839E-06 -5.518725E-07
201044 -2.379708E-06 -3.095681E-05
201045  1.129905E-05  5.844604E-06
201046 -2.450681E-06 -3.124374E-05
201047 -8.284122E-06 -8.936563E-07
201048  1.009369E-05  8.645899E-06
201049 -3.927922E-06 -1.020535E-05
201050 -2.031913E-06  6.111623E-06
201051  2.891165E-06 -9.391701E-06
201052 -5.169934E-06  5.887749E-06
201053  5.050003E-06 -6.511376E-06
201054 -6.684332E-06  4.531047E-07
201055  4.829559E-06 -9.545505E-07
201056 -7.528334E-06 -4.349556E-06
201057 -1.477750E-06  3.514749E-06
201058 -1.114218E-06 -1.080600E-05
201059 -7.674313E-06  3.978654E-06
201060  1.802558E-06  7.435045E-06
201061 -5.590099E-06 -3.091099E-06
201062 -4.977721E-07  7.438162E-06
201063  6.481717E-06  3.244370E-06
201064 -3.429183E-06 -6.435500E-06
201065 -7.518809E-08  1.686015E-06
201066  1.253810E-05  2.207146E-06
201067  3.759871E-06 -1.203407E-05
201068 -8.864820E-06 -6.666653E-06
201069  5.119154E-06  8.048916E-06
201070  1.321121E-05 -5.315798E-06
201071  2.458374E-06 -6.657126E-06
201072 -6.855316E-06 -7.565817E-06
201073 -8.073953E-06  4.316944E-06
201074 -1.153900E-06  7.690176E-06
201075  6.304570E-06  8.590832E-06
201076  9.478937E-06  5.496162E-06
201077  1.208911E-05 -2.144115E-06
201078 -2.128305E-06  1.444869E-06
201079  2.684946E-06 -1.448736E-05
201080  1.714723E-05  1.899599E-05
201081  2.176373E-05 -3.137062E-05
201082 -7.154080E-06  1.772997E-05
201083  3.955968E-06 -1.474874E-05
201084 -6.674066E-06 -8.612974E-06
201085  7.819699E-06 -8.269814E-06
201086  9.874877E-06 -3.171645E-06
201087  1.145490E-05  2.452944E-06
201088  7.055497E-06  5.633599E-06
201089 -1.621225E-06  5.924142E-06
201090 -5.482154E-06 -4.755422E-06
201091 -9.028109E-07 -9.851317E-06
201092  1.251487E-05 -8.787542E-06
201093  8.696197E-06  8.217360E-06
201094 -3.855801E-06 -9.562182E-07
201095 -9.699265E-07 -1.071540E-05
201096  8.567146E-06 -8.302121E-07
201097  2.839995E-06  7.356070E-06
201098 -7.452868E-06 -2.950677E-06
201099  2.505438E-06 -2.032658E-06
201100  7.007088E-07  1.011576E-05
201101 -8.194148E-06 -3.028561E-06
201102  3.628111E-08  1.411752E-07
201103 -5.167710E-06  5.592652E-06
201104  1.418452E-07 -1.354558E-05
201105  1.990931E-06  1.211786E-06
201106 -5.724836E-06 -5.088380E-06
201107  6.294873E-06 -2.498920E-06
201108 -3.949571E-06  2.671695E-06
201109  4.913882E-06 -7.401953E-06
201110 -2.858662E-06  6.944072E-06
201111  3.118881E-06 -9.255858E-06
201112 -8.284499E-07  6.760511E-06
201113  1.101688E-07 -8.011092E-06
201114  5.280747E-06  7.529426E-06
201115  1.749550E-06  2.341027E-06
201116 -4.518158E-06 -2.682496E-05
201117 -2.148885E-05  7.685240E-06
201118 -4.554314E-06 -2.699061E-05
201119  1.866991E-06  2.127820E-06
201120  5.249078E-06  7.957320E-06
201121  3.390523E-07 -7.935792E-06
201122 -6.592765E-07  6.570268E-06
201123  3.386550E-06 -9.161397E-06
201124 -2.814631E-06  6.729305E-06
201125  4.993116E-06 -7.282935E-06
201126 -3.880490E-06  2.560534E-06
201127  6.420153E-06 -2.651689E-06
201128 -5.491047E-06 -4.781670E-06
201129  1.760851E-06  1.196054E-06
201130 -1.645283E-07 -1.359969E-05
201131 -5.260737E-06  5.508663E-06
201132 -8.176538E-08  2.125942E-07
201133 -8.577283E-06 -2.860546E-06
201134  1.071825E-07  1.051924E-05
201135  2.074509E-06 -1.555327E-06
201136 -7.510894E-06 -2.847712E-06
201137  3.056365E-06  6.995464E-06
201138  8.782268E-06 -8.224897E-07
201139 -6.803068E-07 -1.041787E-05
201140 -3.765681E-06 -6.225178E-07
201141  8.647608E-06  8.380763E-06
201142  1.256232E-05 -8.961200E-06
201143 -1.083495E-06 -9.597595E-06
201144 -5.403366E-06 -5.020960E-06
201145 -1.182755E-06  5.510661E-06
201146  6.720798E-06  5.741979E-06
201147  1.122244E-05  2.417936E-06
201148  1.029968E-05 -3.303362E-06
201149  7.830181E-06 -8.448364E-06
201150 -6.822046E-06 -8.691580E-06
201151  3.903867E-06 -1.471435E-05
201152 -7.796263E-06  1.765211E-05
201153  3.095334E-05 -3.901573E-05
201154 -2.227098E-05  5.632974E-06
201155  3.777363E-06 -1.039097E-05
201156 -5.697485E-06 -1.241395E-05
201157  5.118829E-06 -1.054569E-05
201158  9.643907E-06 -6.672956E-06
201159  1.334099E-05  3.747535E-08
201160  1.078195E-05  5.762417E-06
201161  2.918307E-06  8.157554E-06
201162 -3.929793E-06 -7.480167E-07
201163 -2.495920E-06 -9.214539E-06
201164  1.001418E-05 -9.606164E-06
201165  8.154736E-06  7.419350E-06
201166 -1.888896E-06  4.166468E-06
201167 -3.744998E-06 -9.034750E-06
201168  5.202126E-06 -3.603889E-06
201169  2.732561E-06  9.522187E-06
201170 -9.200786E-06 -1.838379E-06
201171  8.366248E-07 -6.266376E-06
201172  4.317691E-07  1.023100E-05
201173 -8.300747E-06 -3.727306E-06
201174  1.314611E-06 -4.926797E-06
201175 -2.944635E-06  6.670016E-06
201176  2.131127E-06 -1.267531E-05
201177  4.949507E-06  1.714864E-06
201178 -4.009182E-06 -4.382036E-06
201179  6.549919E-06 -1.645712E-06
201180 -3.068751E-06  4.340165E-06
201181  3.980999E-06 -6.341123E-06
201182 -1.829152E-06  7.330611E-06
201183  2.413472E-06 -7.639394E-06
201184 -3.489021E-07  6.986768E-06
201185  1.872652E-06 -4.947299E-06
201186  5.145884E-07  7.579892E-06
201187  4.837458E-06  2.696162E-06
201188 -3.330172E-06 -2.014153E-05
201189 -2.910878E-05  1.154570E-05
201190 -3.382591E-06 -2.024298E-05
201191  5.004331E-06  2.573681E-06
201192  3.936212E-07  7.881257E-06
201193  2.042353E-06 -4.909522E-06
201194 -2.576918E-07  6.859230E-06
201195  2.592156E-06 -7.497823E-06
201196 -1.698390E-06  7.197406E-06
201197  4.037688E-06 -6.234653E-06
201198 -2.932303E-06  4.201274E-06
201199  6.677091E-06 -1.774750E-06
201200 -3.884052E-06 -4.051423E-06
201201  4.778573E-06  1.694292E-06
201202  1.900655E-06 -1.272142E-05
201203 -2.964956E-06  6.588277E-06
201204  1.195085E-06 -4.892834E-06
201205 -8.639261E-06 -3.675406E-06
201206  9.264910E-09  1.042283E-05
201207  5.207695E-07 -5.987584E-06
201208 -9.242313E-06 -1.836073E-06
201209  3.047846E-06  9.233211E-06
201210  5.416036E-06 -3.670477E-06
201211 -3.550282E-06 -8.652378E-06
201212 -1.906891E-06  4.590126E-06
201213  8.013117E-06  7.677965E-06
201214  1.016196E-05 -9.675116E-06
201215 -2.662591E-06 -9.112096E-06
201216 -3.850777E-06 -9.761645E-07
201217  3.279347E-06  7.940088E-06
201218  1.036163E-05  5.725891E-06
201219  1.298138E-05 -6.448126E-08
201220  9.956120E-06 -6.604073E-06
201221  5.162948E-06 -1.084185E-05
201222 -5.977532E-06 -1.256141E-05
201223  3.605960E-06 -1.049215E-05
201224 -2.280899E-05  5.428248E-06
