Mesh2HRTF 0.1.2
    1
    1  1225
200000 -4.844756E-04 -2.618736E-04
200001 -3.599968E-04 -1.677883E-04
200002 -3.599968E-04 -1.677877E-04
200003 -3.599968E-04 -1.677870E-04
200004 -3.599968E-04 -1.677862E-04
200005 -3.599969E-04 -1.677853E-04
200006 -3.599970E-04 -1.677843E-04
200007 -3.599969E-04 -1.677833E-04
200008 -3.599968E-04 -1.677822E-04
200009 -3.599964E-04 -1.677811E-04
200010 -3.599958E-04 -1.677799E-04
200011 -3.599950E-04 -1.677787E-04
200012 -3.599940E-04 -1.677773E-04
200013 -3.599928E-04 -1.677760E-04
200014 -3.599915E-04 -1.677745E-04
200015 -3.599901E-04 -1.677730E-04
200016 -3.599887E-04 -1.677713E-04
200017 -3.599873E-04 -1.677696E-04
200018 -3.599861E-04 -1.677679E-04
200019 -3.599850E-04 -1.677661E-04
200020 -3.599840E-04 -1.677642E-04
200021 -3.599832E-04 -1.677624E-04
200022 -3.599826E-04 -1.677605E-04
200023 -3.599821E-04 -1.677587E-04
200024 -3.599816E-04 -1.677569E-04
200025 -3.599811E-04 -1.677552E-04
200026 -3.599806E-04 -1.677536E-04
200027 -3.599799E-04 -1.677521E-04
200028 -3.599792E-04 -1.677507E-04
200029 -3.599783E-04 -1.677493E-04
200030 -3.599773E-04 -1.677481E-04
200031 -3.599762E-04 -1.677470E-04
200032 -3.599750E-04 -1.677461E-04
200033 -3.599739E-04 -1.677452E-04
200034 -3.599727E-04 -1.677446E-04
200035 -3.599717E-04 -1.677440E-04
200036 -3.599708E-04 -1.677437E-04
200037 -3.599701E-04 -1.677435E-04
200038 -3.599696E-04 -1.677436E-04
200039 -3.599693E-04 -1.677439E-04
200040 -3.599693E-04 -1.677444E-04
200041 -3.599695E-04 -1.677452E-04
200042 -3.599698E-04 -1.677463E-04
200043 -3.599702E-04 -1.677476E-04
200044 -3.599708E-04 -1.677492E-04
200045 -3.599713E-04 -1.677509E-04
200046 -3.599720E-04 -1.677529E-04
200047 -3.599726E-04 -1.677551E-04
200048 -3.599733E-04 -1.677574E-04
200049 -3.599740E-04 -1.677598E-04
200050 -3.599748E-04 -1.677623E-04
200051 -3.599758E-04 -1.677647E-04
200052 -3.599768E-04 -1.677672E-04
200053 -3.599781E-04 -1.677696E-04
200054 -3.599795E-04 -1.677719E-04
200055 -3.599811E-04 -1.677741E-04
200056 -3.599829E-04 -1.677761E-04
200057 -3.599847E-04 -1.677780E-04
200058 -3.599867E-04 -1.677798E-04
200059 -3.599887E-04 -1.677814E-04
200060 -3.599906E-04 -1.677829E-04
200061 -3.599924E-04 -1.677842E-04
200062 -3.599940E-04 -1.677853E-04
200063 -3.599953E-04 -1.677863E-04
200064 -3.599964E-04 -1.677872E-04
200065 -3.599971E-04 -1.677879E-04
200066 -3.599976E-04 -1.677885E-04
200067 -3.599978E-04 -1.677889E-04
200068 -3.599978E-04 -1.677892E-04
200069 -3.599977E-04 -1.677893E-04
200070 -3.599974E-04 -1.677893E-04
200071 -3.599972E-04 -1.677891E-04
200072 -3.599970E-04 -1.677887E-04
200073 -1.150056E-04  5.132857E-06
200074 -1.150059E-04  5.133677E-06
200075 -1.150078E-04  5.134594E-06
200076 -1.150110E-04  5.135515E-06
200077 -1.150151E-04  5.136353E-06
200078 -1.150194E-04  5.137052E-06
200079 -1.150234E-04  5.137583E-06
200080 -1.150265E-04  5.137957E-06
200081 -1.150284E-04  5.138215E-06
200082 -1.150286E-04  5.138429E-06
200083 -1.150272E-04  5.138689E-06
200084 -1.150241E-04  5.139098E-06
200085 -1.150197E-04  5.139758E-06
200086 -1.150144E-04  5.140765E-06
200087 -1.150088E-04  5.142199E-06
200088 -1.150032E-04  5.144111E-06
200089 -1.149985E-04  5.146516E-06
200090 -1.149949E-04  5.149384E-06
200091 -1.149929E-04  5.152643E-06
200092 -1.149926E-04  5.156176E-06
200093 -1.149939E-04  5.159845E-06
200094 -1.149964E-04  5.163504E-06
200095 -1.149999E-04  5.167023E-06
200096 -1.150037E-04  5.170310E-06
200097 -1.150074E-04  5.173318E-06
200098 -1.150103E-04  5.176054E-06
200099 -1.150122E-04  5.178566E-06
200100 -1.150127E-04  5.180931E-06
200101 -1.150117E-04  5.183237E-06
200102 -1.150092E-04  5.185563E-06
200103 -1.150053E-04  5.187968E-06
200104 -1.150005E-04  5.190479E-06
200105 -1.149952E-04  5.193089E-06
200106 -1.149899E-04  5.195756E-06
200107 -1.149851E-04  5.198403E-06
200108 -1.149814E-04  5.200927E-06
200109 -1.149791E-04  5.203200E-06
200110 -1.149782E-04  5.205084E-06
200111 -1.149789E-04  5.206440E-06
200112 -1.149809E-04  5.207147E-06
200113 -1.149837E-04  5.207116E-06
200114 -1.149870E-04  5.206298E-06
200115 -1.149903E-04  5.204695E-06
200116 -1.149931E-04  5.202356E-06
200117 -1.149951E-04  5.199368E-06
200118 -1.149961E-04  5.195846E-06
200119 -1.149961E-04  5.191914E-06
200120 -1.149951E-04  5.187700E-06
200121 -1.149934E-04  5.183323E-06
200122 -1.149913E-04  5.178893E-06
200123 -1.149892E-04  5.174509E-06
200124 -1.149876E-04  5.170260E-06
200125 -1.149870E-04  5.166228E-06
200126 -1.149876E-04  5.162456E-06
200127 -1.149897E-04  5.158998E-06
200128 -1.149934E-04  5.155859E-06
200129 -1.149985E-04  5.153026E-06
200130 -1.150047E-04  5.150458E-06
200131 -1.150115E-04  5.148107E-06
200132 -1.150183E-04  5.145918E-06
200133 -1.150245E-04  5.143848E-06
200134 -1.150295E-04  5.141868E-06
200135 -1.150331E-04  5.139973E-06
200136 -1.150348E-04  5.138176E-06
200137 -1.150346E-04  5.136512E-06
200138 -1.150326E-04  5.135027E-06
200139 -1.150290E-04  5.133771E-06
200140 -1.150244E-04  5.132795E-06
200141 -1.150193E-04  5.132140E-06
200142 -1.150143E-04  5.131831E-06
200143 -1.150100E-04  5.131869E-06
200144 -1.150070E-04  5.132229E-06
200145  3.516005E-05  7.952880E-05
200146  3.515864E-05  7.952977E-05
200147  3.515329E-05  7.953042E-05
200148  3.514504E-05  7.953048E-05
200149  3.513529E-05  7.952981E-05
200150  3.512550E-05  7.952839E-05
200151  3.511693E-05  7.952636E-05
200152  3.511048E-05  7.952397E-05
200153  3.510669E-05  7.952152E-05
200154  3.510583E-05  7.951932E-05
200155  3.510794E-05  7.951760E-05
200156  3.511289E-05  7.951652E-05
200157  3.512034E-05  7.951620E-05
200158  3.512968E-05  7.951672E-05
200159  3.514000E-05  7.951819E-05
200160  3.515008E-05  7.952071E-05
200161  3.515857E-05  7.952431E-05
200162  3.516425E-05  7.952896E-05
200163  3.516625E-05  7.953445E-05
200164  3.516433E-05  7.954039E-05
200165  3.515887E-05  7.954630E-05
200166  3.515078E-05  7.955167E-05
200167  3.514131E-05  7.955609E-05
200168  3.513170E-05  7.955943E-05
200169  3.512303E-05  7.956180E-05
200170  3.511607E-05  7.956356E-05
200171  3.511130E-05  7.956522E-05
200172  3.510901E-05  7.956729E-05
200173  3.510939E-05  7.957015E-05
200174  3.511255E-05  7.957397E-05
200175  3.511843E-05  7.957873E-05
200176  3.512669E-05  7.958423E-05
200177  3.513660E-05  7.959017E-05
200178  3.514701E-05  7.959623E-05
200179  3.515649E-05  7.960211E-05
200180  3.516364E-05  7.960755E-05
200181  3.516736E-05  7.961228E-05
200182  3.516721E-05  7.961602E-05
200183  3.516348E-05  7.961851E-05
200184  3.515708E-05  7.961954E-05
200185  3.514935E-05  7.961901E-05
200186  3.514162E-05  7.961701E-05
200187  3.513501E-05  7.961380E-05
200188  3.513021E-05  7.960982E-05
200189  3.512751E-05  7.960554E-05
200190  3.512691E-05  7.960140E-05
200191  3.512828E-05  7.959768E-05
200192  3.513146E-05  7.959444E-05
200193  3.513624E-05  7.959155E-05
200194  3.514229E-05  7.958876E-05
200195  3.514903E-05  7.958580E-05
200196  3.515561E-05  7.958250E-05
200197  3.516091E-05  7.957881E-05
200198  3.516383E-05  7.957481E-05
200199  3.516348E-05  7.957064E-05
200200  3.515945E-05  7.956641E-05
200201  3.515196E-05  7.956221E-05
200202  3.514180E-05  7.955801E-05
200203  3.513019E-05  7.955379E-05
200204  3.511847E-05  7.954952E-05
200205  3.510793E-05  7.954525E-05
200206  3.509958E-05  7.954111E-05
200207  3.509413E-05  7.953727E-05
200208  3.509201E-05  7.953388E-05
200209  3.509341E-05  7.953108E-05
200210  3.509826E-05  7.952893E-05
200211  3.510623E-05  7.952742E-05
200212  3.511663E-05  7.952651E-05
200213  3.512837E-05  7.952616E-05
200214  3.514005E-05  7.952630E-05
200215  3.515011E-05  7.952686E-05
200216  3.515710E-05  7.952775E-05
200217  3.750212E-05  3.092270E-05
200218  3.749859E-05  3.092318E-05
200219  3.749086E-05  3.092250E-05
200220  3.748156E-05  3.092024E-05
200221  3.747356E-05  3.091630E-05
200222  3.746886E-05  3.091100E-05
200223  3.746800E-05  3.090506E-05
200224  3.747005E-05  3.089936E-05
200225  3.747334E-05  3.089471E-05
200226  3.747628E-05  3.089159E-05
200227  3.747814E-05  3.089014E-05
200228  3.747927E-05  3.089019E-05
200229  3.748083E-05  3.089139E-05
200230  3.748406E-05  3.089343E-05
200231  3.748949E-05  3.089622E-05
200232  3.749647E-05  3.089996E-05
200233  3.750324E-05  3.090499E-05
200234  3.750758E-05  3.091158E-05
200235  3.750775E-05  3.091955E-05
200236  3.750327E-05  3.092814E-05
200237  3.749527E-05  3.093614E-05
200238  3.748597E-05  3.094220E-05
200239  3.747783E-05  3.094542E-05
200240  3.747253E-05  3.094570E-05
200241  3.747040E-05  3.094385E-05
200242  3.747043E-05  3.094137E-05
200243  3.747092E-05  3.093995E-05
200244  3.747042E-05  3.094104E-05
200245  3.746846E-05  3.094540E-05
200246  3.746587E-05  3.095294E-05
200247  3.746442E-05  3.096284E-05
200248  3.746595E-05  3.097385E-05
200249  3.747140E-05  3.098462E-05
200250  3.748010E-05  3.099414E-05
200251  3.748981E-05  3.100186E-05
200252  3.749748E-05  3.100764E-05
200253  3.750049E-05  3.101153E-05
200254  3.749781E-05  3.101350E-05
200255  3.749047E-05  3.101337E-05
200256  3.748117E-05  3.101089E-05
200257  3.747315E-05  3.100599E-05
200258  3.746888E-05  3.099904E-05
200259  3.746914E-05  3.099093E-05
200260  3.747288E-05  3.098297E-05
200261  3.747788E-05  3.097657E-05
200262  3.748180E-05  3.097286E-05
200263  3.748325E-05  3.097235E-05
200264  3.748234E-05  3.097469E-05
200265  3.748048E-05  3.097875E-05
200266  3.747966E-05  3.098295E-05
200267  3.748141E-05  3.098571E-05
200268  3.748594E-05  3.098596E-05
200269  3.749202E-05  3.098344E-05
200270  3.749736E-05  3.097857E-05
200271  3.749968E-05  3.097216E-05
200272  3.749764E-05  3.096497E-05
200273  3.749144E-05  3.095744E-05
200274  3.748263E-05  3.094971E-05
200275  3.747342E-05  3.094178E-05
200276  3.746571E-05  3.093379E-05
200277  3.746044E-05  3.092613E-05
200278  3.745747E-05  3.091937E-05
200279  3.745595E-05  3.091410E-05
200280  3.745503E-05  3.091074E-05
200281  3.745448E-05  3.090936E-05
200282  3.745489E-05  3.090971E-05
200283  3.745741E-05  3.091130E-05
200284  3.746301E-05  3.091352E-05
200285  3.747179E-05  3.091586E-05
200286  3.748253E-05  3.091802E-05
200287  3.749286E-05  3.091990E-05
200288  3.750006E-05  3.092150E-05
200289 -7.576181E-06 -2.945658E-05
200290 -7.584733E-06 -2.945761E-05
200291 -7.596373E-06 -2.945997E-05
200292 -7.605278E-06 -2.946423E-05
200293 -7.606107E-06 -2.947020E-05
200294 -7.596606E-06 -2.947684E-05
200295 -7.578654E-06 -2.948274E-05
200296 -7.557397E-06 -2.948681E-05
200297 -7.539090E-06 -2.948878E-05
200298 -7.528698E-06 -2.948903E-05
200299 -7.528199E-06 -2.948824E-05
200300 -7.536107E-06 -2.948700E-05
200301 -7.548272E-06 -2.948570E-05
200302 -7.559626E-06 -2.948453E-05
200303 -7.566271E-06 -2.948336E-05
200304 -7.567087E-06 -2.948163E-05
200305 -7.564101E-06 -2.947826E-05
200306 -7.561297E-06 -2.947221E-05
200307 -7.562344E-06 -2.946326E-05
200308 -7.568416E-06 -2.945259E-05
200309 -7.577352E-06 -2.944266E-05
200310 -7.584673E-06 -2.943618E-05
200311 -7.585906E-06 -2.943482E-05
200312 -7.578928E-06 -2.943844E-05
200313 -7.565132E-06 -2.944514E-05
200314 -7.548957E-06 -2.945208E-05
200315 -7.536101E-06 -2.945648E-05
200316 -7.531269E-06 -2.945638E-05
200317 -7.536317E-06 -2.945098E-05
200318 -7.549469E-06 -2.944075E-05
200319 -7.565910E-06 -2.942731E-05
200320 -7.579662E-06 -2.941303E-05
200321 -7.586107E-06 -2.940041E-05
200322 -7.584137E-06 -2.939125E-05
200323 -7.576799E-06 -2.938612E-05
200324 -7.569866E-06 -2.938443E-05
200325 -7.568841E-06 -2.938507E-05
200326 -7.575898E-06 -2.938728E-05
200327 -7.588480E-06 -2.939100E-05
200328 -7.600414E-06 -2.939666E-05
200329 -7.604954E-06 -2.940456E-05
200330 -7.598101E-06 -2.941433E-05
200331 -7.580529E-06 -2.942481E-05
200332 -7.557327E-06 -2.943434E-05
200333 -7.535878E-06 -2.944110E-05
200334 -7.522933E-06 -2.944359E-05
200335 -7.522102E-06 -2.944098E-05
200336 -7.532658E-06 -2.943359E-05
200337 -7.550007E-06 -2.942317E-05
200338 -7.567623E-06 -2.941263E-05
200339 -7.579695E-06 -2.940518E-05
200340 -7.583441E-06 -2.940308E-05
200341 -7.580045E-06 -2.940672E-05
200342 -7.573725E-06 -2.941467E-05
200343 -7.569350E-06 -2.942462E-05
200344 -7.569840E-06 -2.943465E-05
200345 -7.574766E-06 -2.944390E-05
200346 -7.580854E-06 -2.945244E-05
200347 -7.584020E-06 -2.946050E-05
200348 -7.581683E-06 -2.946785E-05
200349 -7.574118E-06 -2.947378E-05
200350 -7.564288E-06 -2.947754E-05
200351 -7.556399E-06 -2.947879E-05
200352 -7.553974E-06 -2.947769E-05
200353 -7.558285E-06 -2.947474E-05
200354 -7.567766E-06 -2.947062E-05
200355 -7.578625E-06 -2.946605E-05
200356 -7.586489E-06 -2.946183E-05
200357 -7.588455E-06 -2.945865E-05
200358 -7.584625E-06 -2.945684E-05
200359 -7.578254E-06 -2.945618E-05
200360 -7.574175E-06 -2.945620E-05
200361 -1.833190E-05 -2.751787E-05
200362 -1.834780E-05 -2.752049E-05
200363 -1.836688E-05 -2.752413E-05
200364 -1.837962E-05 -2.752925E-05
200365 -1.837833E-05 -2.753434E-05
200366 -1.836118E-05 -2.753655E-05
200367 -1.833273E-05 -2.753373E-05
200368 -1.830140E-05 -2.752644E-05
200369 -1.827582E-05 -2.751799E-05
200370 -1.826195E-05 -2.751245E-05
200371 -1.826180E-05 -2.751214E-05
200372 -1.827337E-05 -2.751654E-05
200373 -1.829149E-05 -2.752329E-05
200374 -1.830945E-05 -2.753005E-05
200375 -1.832125E-05 -2.753561E-05
200376 -1.832407E-05 -2.753937E-05
200377 -1.831975E-05 -2.754029E-05
200378 -1.831394E-05 -2.753688E-05
200379 -1.831268E-05 -2.752848E-05
200380 -1.831850E-05 -2.751679E-05
200381 -1.832857E-05 -2.750568E-05
200382 -1.833645E-05 -2.749919E-05
200383 -1.833597E-05 -2.749905E-05
200384 -1.832478E-05 -2.750386E-05
200385 -1.830529E-05 -2.751040E-05
200386 -1.828338E-05 -2.751577E-05
200387 -1.826590E-05 -2.751870E-05
200388 -1.825835E-05 -2.751910E-05
200389 -1.826326E-05 -2.751702E-05
200390 -1.827934E-05 -2.751215E-05
200391 -1.830154E-05 -2.750439E-05
200392 -1.832241E-05 -2.749491E-05
200393 -1.833486E-05 -2.748622E-05
200394 -1.833572E-05 -2.748095E-05
200395 -1.832797E-05 -2.748023E-05
200396 -1.831978E-05 -2.748306E-05
200397 -1.831987E-05 -2.748737E-05
200398 -1.833187E-05 -2.749167E-05
200399 -1.835149E-05 -2.749585E-05
200400 -1.836860E-05 -2.750052E-05
200401 -1.837290E-05 -2.750580E-05
200402 -1.835939E-05 -2.751089E-05
200403 -1.833056E-05 -2.751483E-05
200404 -1.829486E-05 -2.751740E-05
200405 -1.826296E-05 -2.751912E-05
200406 -1.824378E-05 -2.752022E-05
200407 -1.824182E-05 -2.751985E-05
200408 -1.825604E-05 -2.751647E-05
200409 -1.828052E-05 -2.750951E-05
200410 -1.830651E-05 -2.750077E-05
200411 -1.832558E-05 -2.749412E-05
200412 -1.833295E-05 -2.749323E-05
200413 -1.832954E-05 -2.749914E-05
200414 -1.832125E-05 -2.750958E-05
200415 -1.831551E-05 -2.752067E-05
200416 -1.831677E-05 -2.752960E-05
200417 -1.832411E-05 -2.753583E-05
200418 -1.833224E-05 -2.754010E-05
200419 -1.833523E-05 -2.754260E-05
200420 -1.833005E-05 -2.754220E-05
200421 -1.831793E-05 -2.753756E-05
200422 -1.830331E-05 -2.752893E-05
200423 -1.829154E-05 -2.751864E-05
200424 -1.828679E-05 -2.750986E-05
200425 -1.829072E-05 -2.750463E-05
200426 -1.830197E-05 -2.750288E-05
200427 -1.831648E-05 -2.750315E-05
200428 -1.832886E-05 -2.750422E-05
200429 -1.833466E-05 -2.750586E-05
200430 -1.833296E-05 -2.750840E-05
200431 -1.832754E-05 -2.751175E-05
200432 -1.832528E-05 -2.751511E-05
200433 -8.709788E-07  8.129243E-06
200434 -8.904847E-07  8.126067E-06
200435 -9.132059E-07  8.120542E-06
200436 -9.284662E-07  8.112632E-06
200437 -9.295342E-07  8.106727E-06
200438 -9.172487E-07  8.109500E-06
200439 -8.979514E-07  8.124464E-06
200440 -8.787505E-07  8.147861E-06
200441 -8.641882E-07  8.169810E-06
200442 -8.557986E-07  8.180247E-06
200443 -8.534190E-07  8.175209E-06
200444 -8.564071E-07  8.158743E-06
200445 -8.636653E-07  8.139295E-06
200446 -8.727305E-07  8.123773E-06
200447 -8.794506E-07  8.114153E-06
200448 -8.797783E-07  8.108910E-06
200449 -8.730810E-07  8.106909E-06
200450 -8.637804E-07  8.109241E-06
200451 -8.586552E-07  8.117087E-06
200452 -8.614447E-07  8.128437E-06
200453 -8.698230E-07  8.137973E-06
200454 -8.777080E-07  8.140974E-06
200455 -8.803493E-07  8.137425E-06
200456 -8.772495E-07  8.132037E-06
200457 -8.710461E-07  8.129986E-06
200458 -8.646526E-07  8.132441E-06
200459 -8.596614E-07  8.135903E-06
200460 -8.567450E-07  8.135683E-06
200461 -8.567476E-07  8.130207E-06
200462 -8.609119E-07  8.122464E-06
200463 -8.696530E-07  8.117505E-06
200464 -8.807483E-07  8.118233E-06
200465 -8.890657E-07  8.123135E-06
200466 -8.895267E-07  8.127891E-06
200467 -8.819653E-07  8.129235E-06
200468 -8.732796E-07  8.127309E-06
200469 -8.733122E-07  8.124408E-06
200470 -8.868496E-07  8.121944E-06
200471 -9.088813E-07  8.119247E-06
200472 -9.277059E-07  8.115479E-06
200473 -9.329781E-07  8.112062E-06
200474 -9.217234E-07  8.112320E-06
200475 -8.984757E-07  8.118196E-06
200476 -8.713241E-07  8.127436E-06
200477 -8.478066E-07  8.134445E-06
200478 -8.328047E-07  8.134472E-06
200479 -8.282543E-07  8.127565E-06
200480 -8.336346E-07  8.118758E-06
200481 -8.464015E-07  8.114123E-06
200482 -8.621361E-07  8.115859E-06
200483 -8.750871E-07  8.120615E-06
200484 -8.801825E-07  8.122591E-06
200485 -8.761953E-07  8.118680E-06
200486 -8.674055E-07  8.110838E-06
200487 -8.611508E-07  8.103602E-06
200488 -8.624418E-07  8.099578E-06
200489 -8.703942E-07  8.097790E-06
200490 -8.797732E-07  8.096477E-06
200491 -8.857354E-07  8.096876E-06
200492 -8.870439E-07  8.103382E-06
200493 -8.854628E-07  8.119387E-06
200494 -8.831138E-07  8.142838E-06
200495 -8.807704E-07  8.166063E-06
200496 -8.781875E-07  8.180438E-06
200497 -8.753970E-07  8.182044E-06
200498 -8.733165E-07  8.173707E-06
200499 -8.729002E-07  8.162055E-06
200500 -8.736010E-07  8.152439E-06
200501 -8.730392E-07  8.146064E-06
200502 -8.691687E-07  8.141226E-06
200503 -8.635645E-07  8.136527E-06
200504 -8.621240E-07  8.132333E-06
200505  1.028657E-05  2.343033E-05
200506  1.027248E-05  2.342827E-05
200507  1.025795E-05  2.342067E-05
200508  1.025070E-05  2.340742E-05
200509  1.025197E-05  2.339614E-05
200510  1.025600E-05  2.339783E-05
200511  1.025660E-05  2.341760E-05
200512  1.025267E-05  2.344887E-05
200513  1.024793E-05  2.347649E-05
200514  1.024705E-05  2.348654E-05
200515  1.025233E-05  2.347532E-05
200516  1.026225E-05  2.345104E-05
200517  1.027195E-05  2.342733E-05
200518  1.027632E-05  2.341366E-05
200519  1.027443E-05  2.341029E-05
200520  1.027106E-05  2.341146E-05
200521  1.027220E-05  2.341305E-05
200522  1.027857E-05  2.341636E-05
200523  1.028514E-05  2.342425E-05
200524  1.028757E-05  2.343476E-05
200525  1.028685E-05  2.344080E-05
200526  1.028627E-05  2.343690E-05
200527  1.028555E-05  2.342563E-05
200528  1.028058E-05  2.341603E-05
200529  1.026865E-05  2.341552E-05
200530  1.025235E-05  2.342333E-05
200531  1.023817E-05  2.343134E-05
200532  1.023230E-05  2.343102E-05
200533  1.023712E-05  2.342003E-05
200534  1.024960E-05  2.340385E-05
200535  1.026227E-05  2.339171E-05
200536  1.026783E-05  2.338979E-05
200537  1.026507E-05  2.339703E-05
200538  1.026024E-05  2.340694E-05
200539  1.026033E-05  2.341385E-05
200540  1.026463E-05  2.341722E-05
200541  1.026504E-05  2.341967E-05
200542  1.025593E-05  2.342181E-05
200543  1.024144E-05  2.342069E-05
200544  1.023146E-05  2.341409E-05
200545  1.023160E-05  2.340533E-05
200546  1.023923E-05  2.340189E-05
200547  1.024807E-05  2.340870E-05
200548  1.025419E-05  2.342269E-05
200549  1.025763E-05  2.343435E-05
200550  1.026066E-05  2.343504E-05
200551  1.026543E-05  2.342338E-05
200552  1.027234E-05  2.340658E-05
200553  1.027888E-05  2.339486E-05
200554  1.028097E-05  2.339399E-05
200555  1.027708E-05  2.340134E-05
200556  1.027103E-05  2.340912E-05
200557  1.026894E-05  2.341183E-05
200558  1.027283E-05  2.341063E-05
200559  1.027871E-05  2.341007E-05
200560  1.028177E-05  2.341151E-05
200561  1.028156E-05  2.341133E-05
200562  1.028029E-05  2.340646E-05
200563  1.027791E-05  2.340052E-05
200564  1.027124E-05  2.340270E-05
200565  1.025836E-05  2.341953E-05
200566  1.024223E-05  2.344762E-05
200567  1.022965E-05  2.347466E-05
200568  1.022719E-05  2.348792E-05
200569  1.023731E-05  2.348309E-05
200570  1.025665E-05  2.346640E-05
200571  1.027734E-05  2.344899E-05
200572  1.029156E-05  2.343858E-05
200573  1.029676E-05  2.343527E-05
200574  1.029667E-05  2.343444E-05
200575  1.029593E-05  2.343286E-05
200576  1.029406E-05  2.343111E-05
200577  6.042205E-06  8.757517E-06
200578  6.040311E-06  8.758130E-06
200579  6.042373E-06  8.751015E-06
200580  6.051014E-06  8.735376E-06
200581  6.060084E-06  8.720216E-06
200582  6.059617E-06  8.717710E-06
200583  6.047215E-06  8.732178E-06
200584  6.030136E-06  8.755682E-06
200585  6.017337E-06  8.773951E-06
200586  6.013218E-06  8.776649E-06
200587  6.018352E-06  8.763824E-06
200588  6.031355E-06  8.745029E-06
200589  6.047239E-06  8.732420E-06
200590  6.056866E-06  8.732186E-06
200591  6.053413E-06  8.740580E-06
200592  6.040420E-06  8.748701E-06
200593  6.029421E-06  8.752083E-06
200594  6.027851E-06  8.754721E-06
200595  6.033156E-06  8.762424E-06
200596  6.040351E-06  8.773401E-06
200597  6.049435E-06  8.778230E-06
200598  6.060849E-06  8.770038E-06
200599  6.068500E-06  8.752748E-06
200600  6.063770E-06  8.737589E-06
200601  6.045252E-06  8.732318E-06
200602  6.020482E-06  8.735199E-06
200603  5.999189E-06  8.738604E-06
200604  5.988185E-06  8.736321E-06
200605  5.991276E-06  8.727602E-06
200606  6.008385E-06  8.716869E-06
200607  6.031904E-06  8.710882E-06
200608  6.047758E-06  8.714250E-06
200609  6.046103E-06  8.725516E-06
200610  6.031713E-06  8.738167E-06
200611  6.019161E-06  8.747025E-06
200612  6.016357E-06  8.753089E-06
200613  6.017889E-06  8.760399E-06
200614  6.016647E-06  8.768569E-06
200615  6.015222E-06  8.771123E-06
200616  6.020333E-06  8.762740E-06
200617  6.030874E-06  8.746708E-06
200618  6.038307E-06  8.733130E-06
200619  6.037110E-06  8.729646E-06
200620  6.029531E-06  8.735020E-06
200621  6.020842E-06  8.741471E-06
200622  6.014806E-06  8.741804E-06
200623  6.014482E-06  8.734453E-06
200624  6.022656E-06  8.723949E-06
200625  6.037461E-06  8.717782E-06
200626  6.049503E-06  8.721049E-06
200627  6.048701E-06  8.732085E-06
200628  6.035553E-06  8.743811E-06
200629  6.021778E-06  8.750779E-06
200630  6.017861E-06  8.754260E-06
200631  6.023859E-06  8.758695E-06
200632  6.034369E-06  8.763843E-06
200633  6.046706E-06  8.763427E-06
200634  6.059266E-06  8.753103E-06
200635  6.066193E-06  8.738043E-06
200636  6.060461E-06  8.730137E-06
200637  6.041944E-06  8.737106E-06
200638  6.018815E-06  8.755120E-06
200639  6.001334E-06  8.772039E-06
200640  5.996476E-06  8.777336E-06
200641  6.006882E-06  8.769566E-06
200642  6.030257E-06  8.756190E-06
200643  6.057702E-06  8.747022E-06
200644  6.076011E-06  8.746626E-06
200645  6.076832E-06  8.751684E-06
200646  6.064519E-06  8.755648E-06
200647  6.051473E-06  8.755965E-06
200648  6.044890E-06  8.755687E-06
200649 -2.248887E-06 -1.139593E-05
200650 -2.239096E-06 -1.139253E-05
200651 -2.223233E-06 -1.139599E-05
200652 -2.202449E-06 -1.140689E-05
200653 -2.188754E-06 -1.141699E-05
200654 -2.192740E-06 -1.141823E-05
200655 -2.208453E-06 -1.141166E-05
200656 -2.220340E-06 -1.140592E-05
200657 -2.221787E-06 -1.140794E-05
200658 -2.219113E-06 -1.141678E-05
200659 -2.218670E-06 -1.142589E-05
200660 -2.217579E-06 -1.142867E-05
200661 -2.211069E-06 -1.142204E-05
200662 -2.204668E-06 -1.140808E-05
200663 -2.210658E-06 -1.139393E-05
200664 -2.230696E-06 -1.138731E-05
200665 -2.250671E-06 -1.138886E-05
200666 -2.257703E-06 -1.139031E-05
200667 -2.253424E-06 -1.138343E-05
200668 -2.244398E-06 -1.137053E-05
200669 -2.230407E-06 -1.136291E-05
200670 -2.211747E-06 -1.136836E-05
200671 -2.198315E-06 -1.138326E-05
200672 -2.199878E-06 -1.139850E-05
200673 -2.212904E-06 -1.140998E-05
200674 -2.226167E-06 -1.141991E-05
200675 -2.235287E-06 -1.142954E-05
200676 -2.243451E-06 -1.143568E-05
200677 -2.249686E-06 -1.143525E-05
200678 -2.245514E-06 -1.142953E-05
200679 -2.227887E-06 -1.142171E-05
200680 -2.210260E-06 -1.141329E-05
200681 -2.211522E-06 -1.140525E-05
200682 -2.232772E-06 -1.139996E-05
200683 -2.254592E-06 -1.139813E-05
200684 -2.261321E-06 -1.139537E-05
200685 -2.257205E-06 -1.138607E-05
200686 -2.252107E-06 -1.137171E-05
200687 -2.244345E-06 -1.136198E-05
200688 -2.228969E-06 -1.136550E-05
200689 -2.212475E-06 -1.138108E-05
200690 -2.205959E-06 -1.139999E-05
200691 -2.209418E-06 -1.141517E-05
200692 -2.213836E-06 -1.142538E-05
200693 -2.215821E-06 -1.143137E-05
200694 -2.220655E-06 -1.143239E-05
200695 -2.230289E-06 -1.142827E-05
200696 -2.236176E-06 -1.142152E-05
200697 -2.230012E-06 -1.141463E-05
200698 -2.218687E-06 -1.140736E-05
200699 -2.219688E-06 -1.139916E-05
200700 -2.238881E-06 -1.139208E-05
200701 -2.261315E-06 -1.138816E-05
200702 -2.269371E-06 -1.138522E-05
200703 -2.261221E-06 -1.137960E-05
200704 -2.244858E-06 -1.137303E-05
200705 -2.224681E-06 -1.137285E-05
200706 -2.204124E-06 -1.138332E-05
200707 -2.192432E-06 -1.139928E-05
200708 -2.196727E-06 -1.141097E-05
200709 -2.211492E-06 -1.141411E-05
200710 -2.224457E-06 -1.141311E-05
200711 -2.230155E-06 -1.141453E-05
200712 -2.231382E-06 -1.141981E-05
200713 -2.229491E-06 -1.142476E-05
200714 -2.220608E-06 -1.142422E-05
200715 -2.204529E-06 -1.141635E-05
200716 -2.192662E-06 -1.140437E-05
200717 -2.199101E-06 -1.139484E-05
200718 -2.222559E-06 -1.139272E-05
200719 -2.245235E-06 -1.139631E-05
200720 -2.253198E-06 -1.139868E-05
200721 -5.557347E-06 -1.768932E-05
200722 -5.541857E-06 -1.768514E-05
200723 -5.521972E-06 -1.768504E-05
200724 -5.499576E-06 -1.768699E-05
200725 -5.489972E-06 -1.768423E-05
200726 -5.501028E-06 -1.767627E-05
200727 -5.515676E-06 -1.767256E-05
200728 -5.511775E-06 -1.768273E-05
200729 -5.491042E-06 -1.770441E-05
200730 -5.476266E-06 -1.772356E-05
200731 -5.482843E-06 -1.772733E-05
200732 -5.501295E-06 -1.771437E-05
200733 -5.511209E-06 -1.769313E-05
200734 -5.508900E-06 -1.767401E-05
200735 -5.511388E-06 -1.766464E-05
200736 -5.529239E-06 -1.766756E-05
200737 -5.549346E-06 -1.767766E-05
200738 -5.555376E-06 -1.768368E-05
200739 -5.550005E-06 -1.767769E-05
200740 -5.542452E-06 -1.766350E-05
200741 -5.530929E-06 -1.765235E-05
200742 -5.514300E-06 -1.765065E-05
200743 -5.504192E-06 -1.765553E-05
200744 -5.507968E-06 -1.766315E-05
200745 -5.513420E-06 -1.767613E-05
200746 -5.506128E-06 -1.769758E-05
200747 -5.492554E-06 -1.772049E-05
200748 -5.492241E-06 -1.773022E-05
200749 -5.510194E-06 -1.771983E-05
200750 -5.527581E-06 -1.769820E-05
200751 -5.524603E-06 -1.768041E-05
200752 -5.507930E-06 -1.767417E-05
200753 -5.504332E-06 -1.767798E-05
200754 -5.524362E-06 -1.768738E-05
200755 -5.547496E-06 -1.769714E-05
200756 -5.552567E-06 -1.770006E-05
200757 -5.544733E-06 -1.769065E-05
200758 -5.537599E-06 -1.767183E-05
200759 -5.528933E-06 -1.765454E-05
200760 -5.513399E-06 -1.764844E-05
200761 -5.500725E-06 -1.765463E-05
200762 -5.500622E-06 -1.766859E-05
200763 -5.503420E-06 -1.768721E-05
200764 -5.493872E-06 -1.770855E-05
200765 -5.476343E-06 -1.772574E-05
200766 -5.471868E-06 -1.772829E-05
200767 -5.490862E-06 -1.771311E-05
200768 -5.517728E-06 -1.769027E-05
200769 -5.528451E-06 -1.767373E-05
200770 -5.521286E-06 -1.766858E-05
200771 -5.519203E-06 -1.767067E-05
200772 -5.536974E-06 -1.767481E-05
200773 -5.559709E-06 -1.767831E-05
200774 -5.565379E-06 -1.767867E-05
200775 -5.553402E-06 -1.767441E-05
200776 -5.535905E-06 -1.766861E-05
200777 -5.517291E-06 -1.766725E-05
200778 -5.499875E-06 -1.767213E-05
200779 -5.493666E-06 -1.767882E-05
200780 -5.502315E-06 -1.768334E-05
200781 -5.511340E-06 -1.768847E-05
200782 -5.505441E-06 -1.769995E-05
200783 -5.489832E-06 -1.771704E-05
200784 -5.483333E-06 -1.773025E-05
200785 -5.493796E-06 -1.772982E-05
200786 -5.508579E-06 -1.771476E-05
200787 -5.511931E-06 -1.769308E-05
200788 -5.507666E-06 -1.767552E-05
200789 -5.515230E-06 -1.766947E-05
200790 -5.540585E-06 -1.767534E-05
200791 -5.564501E-06 -1.768587E-05
200792 -5.568623E-06 -1.769152E-05
200793 -3.980824E-06 -1.016828E-05
200794 -3.966043E-06 -1.016618E-05
200795 -3.950375E-06 -1.016586E-05
200796 -3.934095E-06 -1.016074E-05
200797 -3.934303E-06 -1.014522E-05
200798 -3.955112E-06 -1.012602E-05
200799 -3.969280E-06 -1.011959E-05
200800 -3.951195E-06 -1.013636E-05
200801 -3.911916E-06 -1.016785E-05
200802 -3.887486E-06 -1.019192E-05
200803 -3.899583E-06 -1.019250E-05
200804 -3.933687E-06 -1.017248E-05
200805 -3.956251E-06 -1.014785E-05
200806 -3.953821E-06 -1.013310E-05
200807 -3.946691E-06 -1.013374E-05
200808 -3.955234E-06 -1.014669E-05
200809 -3.969312E-06 -1.016248E-05
200810 -3.970254E-06 -1.016988E-05
200811 -3.962571E-06 -1.016427E-05
200812 -3.958381E-06 -1.015134E-05
200813 -3.953450E-06 -1.013985E-05
200814 -3.944412E-06 -1.013238E-05
200815 -3.944158E-06 -1.012637E-05
200816 -3.956374E-06 -1.012349E-05
200817 -3.959302E-06 -1.013251E-05
200818 -3.935941E-06 -1.015760E-05
200819 -3.903168E-06 -1.018634E-05
200820 -3.894391E-06 -1.019708E-05
200821 -3.920064E-06 -1.018128E-05
200822 -3.954488E-06 -1.015333E-05
200823 -3.963954E-06 -1.013537E-05
200824 -3.946592E-06 -1.013738E-05
200825 -3.934088E-06 -1.015450E-05
200826 -3.946835E-06 -1.017671E-05
200827 -3.965777E-06 -1.019466E-05
200828 -3.966157E-06 -1.020050E-05
200829 -3.954990E-06 -1.019105E-05
200830 -3.949454E-06 -1.017104E-05
200831 -3.945475E-06 -1.015021E-05
200832 -3.936279E-06 -1.013624E-05
200833 -3.933838E-06 -1.013115E-05
200834 -3.944478E-06 -1.013450E-05
200835 -3.948044E-06 -1.014755E-05
200836 -3.925100E-06 -1.016962E-05
200837 -3.889097E-06 -1.019032E-05
200838 -3.874717E-06 -1.019343E-05
200839 -3.899156E-06 -1.017358E-05
200840 -3.941996E-06 -1.014493E-05
200841 -3.966227E-06 -1.012784E-05
200842 -3.960474E-06 -1.012975E-05
200843 -3.950723E-06 -1.014311E-05
200844 -3.960695E-06 -1.015732E-05
200845 -3.977639E-06 -1.016649E-05
200846 -3.977231E-06 -1.016894E-05
200847 -3.961729E-06 -1.016631E-05
200848 -3.947400E-06 -1.016298E-05
200849 -3.936694E-06 -1.016176E-05
200850 -3.929040E-06 -1.016030E-05
200851 -3.934518E-06 -1.015471E-05
200852 -3.952448E-06 -1.014708E-05
200853 -3.959111E-06 -1.014672E-05
200854 -3.937424E-06 -1.016074E-05
200855 -3.903523E-06 -1.018363E-05
200856 -3.890007E-06 -1.019928E-05
200857 -3.909962E-06 -1.019521E-05
200858 -3.944018E-06 -1.017368E-05
200859 -3.962671E-06 -1.014852E-05
200860 -3.960755E-06 -1.013364E-05
200861 -3.961628E-06 -1.013492E-05
200862 -3.980261E-06 -1.014837E-05
200863 -3.998991E-06 -1.016314E-05
200864 -3.996807E-06 -1.016970E-05
200865 -1.211581E-06  1.666443E-06
200866 -1.201056E-06  1.664727E-06
200867 -1.192227E-06  1.662047E-06
200868 -1.183240E-06  1.669402E-06
200869 -1.192613E-06  1.691218E-06
200870 -1.221475E-06  1.716692E-06
200871 -1.236382E-06  1.727242E-06
200872 -1.212304E-06  1.712784E-06
200873 -1.166750E-06  1.682795E-06
200874 -1.139649E-06  1.659787E-06
200875 -1.153238E-06  1.659254E-06
200876 -1.192356E-06  1.676892E-06
200877 -1.218904E-06  1.695778E-06
200878 -1.212871E-06  1.702355E-06
200879 -1.195137E-06  1.693906E-06
200880 -1.193527E-06  1.676473E-06
200881 -1.201158E-06  1.660728E-06
200882 -1.197461E-06  1.655657E-06
200883 -1.188166E-06  1.661333E-06
200884 -1.187486E-06  1.670538E-06
200885 -1.188580E-06  1.678616E-06
200886 -1.186489E-06  1.687591E-06
200887 -1.195905E-06  1.699742E-06
200888 -1.217603E-06  1.709848E-06
200889 -1.222827E-06  1.706673E-06
200890 -1.193852E-06  1.685742E-06
200891 -1.153659E-06  1.660097E-06
200892 -1.140638E-06  1.651356E-06
200893 -1.167026E-06  1.666818E-06
200894 -1.206717E-06  1.690754E-06
200895 -1.221137E-06  1.701347E-06
200896 -1.201712E-06  1.690829E-06
200897 -1.180595E-06  1.666356E-06
200898 -1.185204E-06  1.639363E-06
200899 -1.199205E-06  1.620099E-06
200900 -1.195706E-06  1.615551E-06
200901 -1.183020E-06  1.625527E-06
200902 -1.180527E-06  1.643444E-06
200903 -1.181792E-06  1.662485E-06
200904 -1.179087E-06  1.678729E-06
200905 -1.186646E-06  1.690339E-06
200906 -1.207398E-06  1.695705E-06
200907 -1.213385E-06  1.691682E-06
200908 -1.184436E-06  1.677181E-06
200909 -1.140601E-06  1.660908E-06
200910 -1.121550E-06  1.658571E-06
200911 -1.145953E-06  1.676048E-06
200912 -1.193187E-06  1.699847E-06
200913 -1.221966E-06  1.710399E-06
200914 -1.214347E-06  1.701604E-06
200915 -1.196116E-06  1.682469E-06
200916 -1.197193E-06  1.664559E-06
200917 -1.207573E-06  1.654275E-06
200918 -1.201874E-06  1.652359E-06
200919 -1.184907E-06  1.654269E-06
200920 -1.175626E-06  1.654496E-06
200921 -1.173315E-06  1.653757E-06
200922 -1.174611E-06  1.658464E-06
200923 -1.190491E-06  1.671979E-06
200924 -1.217317E-06  1.688458E-06
200925 -1.225009E-06  1.695974E-06
200926 -1.196704E-06  1.687152E-06
200927 -1.155492E-06  1.668087E-06
200928 -1.139189E-06  1.654880E-06
200929 -1.162078E-06  1.659202E-06
200930 -1.203339E-06  1.677954E-06
200931 -1.227764E-06  1.697563E-06
200932 -1.223375E-06  1.705917E-06
200933 -1.214504E-06  1.699425E-06
200934 -1.223610E-06  1.683578E-06
200935 -1.235998E-06  1.669630E-06
200936 -1.228984E-06  1.665272E-06
200937  4.745196E-07  1.048585E-05
200938  4.803580E-07  1.048054E-05
200939  4.840854E-07  1.047416E-05
200940  4.887447E-07  1.048015E-05
200941  4.746197E-07  1.050108E-05
200942  4.424890E-07  1.052561E-05
200943  4.272095E-07  1.053820E-05
200944  4.494428E-07  1.053040E-05
200945  4.892158E-07  1.050868E-05
200946  5.123118E-07  1.049046E-05
200947  5.012886E-07  1.048823E-05
200948  4.674303E-07  1.049859E-05
200949  4.442178E-07  1.050842E-05
200950  4.540889E-07  1.050826E-05
200951  4.787799E-07  1.049745E-05
200952  4.870392E-07  1.048158E-05
200953  4.828669E-07  1.046989E-05
200954  4.881677E-07  1.046878E-05
200955  4.973361E-07  1.047450E-05
200956  4.955274E-07  1.047905E-05
200957  4.915824E-07  1.048220E-05
200958  4.907090E-07  1.048948E-05
200959  4.761136E-07  1.050210E-05
200960  4.486924E-07  1.051380E-05
200961  4.399989E-07  1.051500E-05
200962  4.657625E-07  1.050194E-05
200963  5.017062E-07  1.048453E-05
200964  5.139794E-07  1.047934E-05
200965  4.928210E-07  1.049092E-05
200966  4.588624E-07  1.050558E-05
200967  4.460380E-07  1.050696E-05
200968  4.666148E-07  1.049195E-05
200969  4.925703E-07  1.046801E-05
200970  4.936150E-07  1.044388E-05
200971  4.826352E-07  1.042826E-05
200972  4.872010E-07  1.042727E-05
200973  4.991622E-07  1.043772E-05
200974  4.989454E-07  1.045150E-05
200975  4.949770E-07  1.046536E-05
200976  4.946085E-07  1.047916E-05
200977  4.813549E-07  1.049118E-05
200978  4.548998E-07  1.049977E-05
200979  4.466762E-07  1.050302E-05
200980  4.739167E-07  1.049862E-05
200981  5.137843E-07  1.049048E-05
200982  5.311373E-07  1.048957E-05
200983  5.112941E-07  1.050090E-05
200984  4.705661E-07  1.051468E-05
200985  4.451651E-07  1.051684E-05
200986  4.553911E-07  1.050478E-05
200987  4.789962E-07  1.048677E-05
200988  4.839508E-07  1.047124E-05
200989  4.775701E-07  1.046316E-05
200990  4.853104E-07  1.046321E-05
200991  5.012349E-07  1.046523E-05
200992  5.058546E-07  1.046284E-05
200993  5.031044E-07  1.045958E-05
200994  4.977704E-07  1.046431E-05
200995  4.770422E-07  1.047926E-05
200996  4.457279E-07  1.049776E-05
200997  4.360974E-07  1.050958E-05
200998  4.624539E-07  1.050834E-05
200999  4.996990E-07  1.049766E-05
201000  5.141246E-07  1.048915E-05
201001  4.944821E-07  1.049155E-05
201002  4.576277E-07  1.050267E-05
201003  4.354653E-07  1.051314E-05
201004  4.434984E-07  1.051559E-05
201005  4.600094E-07  1.050830E-05
201006  4.584898E-07  1.049514E-05
201007  4.501706E-07  1.048524E-05
201008  4.585802E-07  1.048443E-05
201009  9.123712E-07  1.438763E-05
201010  9.148322E-07  1.438034E-05
201011  9.165571E-07  1.437191E-05
201012  9.203392E-07  1.437559E-05
201013  9.058947E-07  1.439138E-05
201014  8.752631E-07  1.441002E-05
201015  8.609816E-07  1.442202E-05
201016  8.771350E-07  1.442086E-05
201017  9.044019E-07  1.440851E-05
201018  9.198978E-07  1.439595E-05
201019  9.137571E-07  1.439223E-05
201020  8.908719E-07  1.439549E-05
201021  8.744750E-07  1.439756E-05
201022  8.862672E-07  1.439389E-05
201023  9.129373E-07  1.438501E-05
201024  9.235798E-07  1.437391E-05
201025  9.196842E-07  1.436707E-05
201026  9.235401E-07  1.436927E-05
201027  9.310290E-07  1.437462E-05
201028  9.281975E-07  1.437517E-05
201029  9.247485E-07  1.437430E-05
201030  9.247382E-07  1.437909E-05
201031  9.097297E-07  1.438877E-05
201032  8.815257E-07  1.439794E-05
201033  8.707605E-07  1.440118E-05
201034  8.890127E-07  1.439567E-05
201035  9.139962E-07  1.438672E-05
201036  9.222658E-07  1.438475E-05
201037  9.091705E-07  1.439182E-05
201038  8.867726E-07  1.439759E-05
201039  8.785479E-07  1.439225E-05
201040  8.980278E-07  1.437728E-05
201041  9.244928E-07  1.435906E-05
201042  9.283538E-07  1.434157E-05
201043  9.184184E-07  1.433099E-05
201044  9.213886E-07  1.433330E-05
201045  9.308761E-07  1.434352E-05
201046  9.290709E-07  1.435256E-05
201047  9.253987E-07  1.436057E-05
201048  9.254880E-07  1.437012E-05
201049  9.111876E-07  1.437888E-05
201050  8.840099E-07  1.438623E-05
201051  8.748996E-07  1.439318E-05
201052  8.957809E-07  1.439677E-05
201053  9.242679E-07  1.439577E-05
201054  9.357744E-07  1.439589E-05
201055  9.227342E-07  1.440107E-05
201056  8.946323E-07  1.440556E-05
201057  8.767338E-07  1.440148E-05
201058  8.883492E-07  1.438984E-05
201059  9.130480E-07  1.437710E-05
201060  9.203468E-07  1.436680E-05
201061  9.150254E-07  1.436169E-05
201062  9.215603E-07  1.436350E-05
201063  9.345305E-07  1.436591E-05
201064  9.359966E-07  1.436204E-05
201065  9.322766E-07  1.435717E-05
201066  9.278322E-07  1.436047E-05
201067  9.077685E-07  1.437241E-05
201068  8.768808E-07  1.438757E-05
201069  8.661381E-07  1.439992E-05
201070  8.857188E-07  1.440443E-05
201071  9.122246E-07  1.440138E-05
201072  9.219062E-07  1.439726E-05
201073  9.089468E-07  1.439768E-05
201074  8.830407E-07  1.440145E-05
201075  8.669818E-07  1.440380E-05
201076  8.771497E-07  1.440260E-05
201077  8.971701E-07  1.439756E-05
201078  8.999150E-07  1.438930E-05
201079  8.929460E-07  1.438373E-05
201080  8.996455E-07  1.438578E-05
201081  8.042872E-07  1.473411E-05
201082  8.049794E-07  1.472689E-05
201083  8.070957E-07  1.471895E-05
201084  8.120649E-07  1.472115E-05
201085  7.999419E-07  1.473082E-05
201086  7.736113E-07  1.474220E-05
201087  7.613253E-07  1.475216E-05
201088  7.705668E-07  1.475543E-05
201089  7.843673E-07  1.474993E-05
201090  7.919024E-07  1.474200E-05
201091  7.908155E-07  1.473821E-05
201092  7.796420E-07  1.473742E-05
201093  7.703080E-07  1.473492E-05
201094  7.820238E-07  1.473020E-05
201095  8.069872E-07  1.472483E-05
201096  8.170414E-07  1.471876E-05
201097  8.115416E-07  1.471550E-05
201098  8.121333E-07  1.471922E-05
201099  8.171482E-07  1.472370E-05
201100  8.146985E-07  1.472168E-05
201101  8.140406E-07  1.471889E-05
201102  8.170351E-07  1.472200E-05
201103  8.045144E-07  1.472795E-05
201104  7.788561E-07  1.473329E-05
201105  7.676569E-07  1.473705E-05
201106  7.778285E-07  1.473674E-05
201107  7.905781E-07  1.473341E-05
201108  7.939960E-07  1.473311E-05
201109  7.888180E-07  1.473692E-05
201110  7.784264E-07  1.473738E-05
201111  7.747128E-07  1.472928E-05
201112  7.911791E-07  1.471714E-05
201113  8.153506E-07  1.470606E-05
201114  8.203581E-07  1.469547E-05
201115  8.105313E-07  1.468898E-05
201116  8.103758E-07  1.469301E-05
201117  8.165007E-07  1.470199E-05
201118  8.143061E-07  1.470664E-05
201119  8.130094E-07  1.470986E-05
201120  8.156423E-07  1.471561E-05
201121  8.033540E-07  1.472038E-05
201122  7.787810E-07  1.472482E-05
201123  7.698775E-07  1.473263E-05
201124  7.829546E-07  1.474019E-05
201125  7.980980E-07  1.474265E-05
201126  8.026199E-07  1.474271E-05
201127  7.963467E-07  1.474396E-05
201128  7.818869E-07  1.474321E-05
201129  7.722733E-07  1.473646E-05
201130  7.839312E-07  1.472718E-05
201131  8.066701E-07  1.472032E-05
201132  8.137520E-07  1.471507E-05
201133  8.076514E-07  1.471209E-05
201134  8.108998E-07  1.471459E-05
201135  8.198651E-07  1.471719E-05
201136  8.197545E-07  1.471310E-05
201137  8.181214E-07  1.470819E-05
201138  8.176780E-07  1.471027E-05
201139  8.017092E-07  1.471772E-05
201140  7.743539E-07  1.472741E-05
201141  7.634034E-07  1.473769E-05
201142  7.749319E-07  1.474439E-05
201143  7.891727E-07  1.474529E-05
201144  7.935454E-07  1.474389E-05
201145  7.877315E-07  1.474372E-05
201146  7.738722E-07  1.474336E-05
201147  7.642769E-07  1.474058E-05
201148  7.746876E-07  1.473742E-05
201149  7.949311E-07  1.473520E-05
201150  7.994830E-07  1.473140E-05
201151  7.922485E-07  1.472865E-05
201152  7.954616E-07  1.473194E-05
201153  7.611359E-07  1.348582E-05
201154  7.610889E-07  1.348047E-05
201155  7.646056E-07  1.347528E-05
201156  7.712988E-07  1.347734E-05
201157  7.623381E-07  1.348190E-05
201158  7.408993E-07  1.348709E-05
201159  7.305586E-07  1.349473E-05
201160  7.339934E-07  1.349977E-05
201161  7.371234E-07  1.349760E-05
201162  7.383413E-07  1.349272E-05
201163  7.408371E-07  1.349057E-05
201164  7.387568E-07  1.348930E-05
201165  7.350889E-07  1.348527E-05
201166  7.458565E-07  1.348069E-05
201167  7.675672E-07  1.347836E-05
201168  7.757026E-07  1.347596E-05
201169  7.680351E-07  1.347438E-05
201170  7.648217E-07  1.347775E-05
201171  7.672804E-07  1.348092E-05
201172  7.662586E-07  1.347790E-05
201173  7.694632E-07  1.347531E-05
201174  7.760221E-07  1.347805E-05
201175  7.668919E-07  1.348113E-05
201176  7.447486E-07  1.348334E-05
201177  7.336374E-07  1.348710E-05
201178  7.370178E-07  1.348930E-05
201179  7.398998E-07  1.348797E-05
201180  7.394773E-07  1.348760E-05
201181  7.402504E-07  1.348993E-05
201182  7.388169E-07  1.348914E-05
201183  7.378972E-07  1.348173E-05
201184  7.506315E-07  1.347338E-05
201185  7.717110E-07  1.346844E-05
201186  7.774452E-07  1.346329E-05
201187  7.677270E-07  1.345935E-05
201188  7.640525E-07  1.346333E-05
201189  7.667030E-07  1.347007E-05
201190  7.650753E-07  1.347102E-05
201191  7.671277E-07  1.347102E-05
201192  7.729809E-07  1.347430E-05
201193  7.639823E-07  1.347622E-05
201194  7.431470E-07  1.347823E-05
201195  7.345360E-07  1.348537E-05
201196  7.403825E-07  1.349302E-05
201197  7.441542E-07  1.349484E-05
201198  7.427917E-07  1.349356E-05
201199  7.417090E-07  1.349353E-05
201200  7.384239E-07  1.349214E-05
201201  7.360163E-07  1.348604E-05
201202  7.473553E-07  1.347948E-05
201203  7.671527E-07  1.347692E-05
201204  7.730143E-07  1.347505E-05
201205  7.655122E-07  1.347290E-05
201206  7.646045E-07  1.347486E-05
201207  7.691539E-07  1.347724E-05
201208  7.685112E-07  1.347402E-05
201209  7.705430E-07  1.347072E-05
201210  7.754168E-07  1.347256E-05
201211  7.649238E-07  1.347613E-05
201212  7.420058E-07  1.348068E-05
201213  7.309430E-07  1.348769E-05
201214  7.352638E-07  1.349305E-05
201215  7.393907E-07  1.349369E-05
201216  7.395715E-07  1.349313E-05
201217  7.393413E-07  1.349414E-05
201218  7.350318E-07  1.349341E-05
201219  7.305636E-07  1.348843E-05
201220  7.404289E-07  1.348397E-05
201221  7.596213E-07  1.348343E-05
201222  7.649923E-07  1.348238E-05
201223  7.571051E-07  1.348066E-05
201224  7.562995E-07  1.348353E-05
