Mesh2HRTF 0.1.2
    1
    1  1225
200000 -5.041896E-06 -5.151335E-06
200001 -1.691593E-05 -8.209347E-06
200002 -1.354244E-05 -9.590819E-06
200003 -9.717566E-06 -1.075715E-05
200004 -5.546841E-06 -1.173070E-05
200005 -1.159690E-06 -1.252456E-05
200006  3.287388E-06 -1.313581E-05
200007  7.612130E-06 -1.354412E-05
200008  1.161467E-05 -1.371562E-05
200009  1.509279E-05 -1.361118E-05
200010  1.786227E-05 -1.319674E-05
200011  1.977831E-05 -1.245311E-05
200012  2.075346E-05 -1.138290E-05
200013  2.076798E-05 -1.001275E-05
200014  1.987070E-05 -8.390716E-06
200015  1.817056E-05 -6.579608E-06
200016  1.582127E-05 -4.648305E-06
200017  1.300270E-05 -2.663279E-06
200018  9.902605E-06 -6.822688E-07
200019  6.701398E-06  1.248934E-06
200020  3.561141E-06  3.096516E-06
200021  6.188512E-07  4.836473E-06
200022 -2.016838E-06  6.451458E-06
200023 -4.266746E-06  7.927787E-06
200024 -6.080781E-06  9.253110E-06
200025 -7.436548E-06  1.041467E-05
200026 -8.336964E-06  1.139765E-05
200027 -8.806804E-06  1.218305E-05
200028 -8.888226E-06  1.274544E-05
200029 -8.635526E-06  1.305113E-05
200030 -8.109523E-06  1.305833E-05
200031 -7.371959E-06  1.272066E-05
200032 -6.480192E-06  1.199460E-05
200033 -5.482352E-06  1.085015E-05
200034 -4.413155E-06  9.282667E-06
200035 -3.290756E-06  7.322497E-06
200036 -2.115278E-06  5.039393E-06
200037 -8.697718E-07  2.539443E-06
200038  4.757119E-07 -4.561337E-08
200039  1.956715E-06 -2.574639E-06
200040  3.604058E-06 -4.915220E-06
200041  5.431828E-06 -6.959349E-06
200042  7.425567E-06 -8.633114E-06
200043  9.532984E-06 -9.898700E-06
200044  1.165962E-05 -1.074919E-05
200045  1.367142E-05 -1.119862E-05
200046  1.540537E-05 -1.127079E-05
200047  1.668778E-05 -1.099009E-05
200048  1.735821E-05 -1.037674E-05
200049  1.729512E-05 -9.446830E-06
200050  1.643837E-05 -8.216248E-06
200051  1.480314E-05 -6.706403E-06
200052  1.248134E-05 -4.949386E-06
200053  9.628840E-06 -2.990980E-06
200054  6.440288E-06 -8.910044E-07
200055  3.116645E-06  1.278423E-06
200056 -1.673857E-07  3.435530E-06
200057 -3.288302E-06  5.491454E-06
200058 -6.185262E-06  7.352561E-06
200059 -8.855718E-06  8.923260E-06
200060 -1.133710E-05  1.011059E-05
200061 -1.368014E-05  1.083149E-05
200062 -1.592145E-05  1.102253E-05
200063 -1.806260E-05  1.065057E-05
200064 -2.006073E-05  9.721559E-06
200065 -2.183209E-05  8.284514E-06
200066 -2.326611E-05  6.428884E-06
200067 -2.424531E-05  4.274817E-06
200068 -2.466517E-05  1.958051E-06
200069 -2.444919E-05 -3.875311E-07
200070 -2.355655E-05 -2.646048E-06
200071 -2.198224E-05 -4.731281E-06
200072 -1.975208E-05 -6.591833E-06
200073  1.066966E-05 -7.493155E-07
200074  7.894859E-06  2.829376E-06
200075  3.605663E-06  6.253100E-06
200076 -1.133930E-06  9.044164E-06
200077 -5.024753E-06  1.080861E-05
200078 -6.951257E-06  1.132070E-05
200079 -6.396026E-06  1.060964E-05
200080 -3.674132E-06  8.993756E-06
200081  1.449911E-07  7.016302E-06
200082  3.627309E-06  5.282857E-06
200083  5.518592E-06  4.256010E-06
200084  5.202464E-06  4.093502E-06
200085  2.874617E-06  4.601288E-06
200086 -6.191122E-07  5.321843E-06
200087 -4.173554E-06  5.719112E-06
200088 -6.849824E-06  5.383987E-06
200089 -8.159741E-06  4.181767E-06
200090 -8.125694E-06  2.290792E-06
200091 -7.139712E-06  1.239488E-07
200092 -5.718071E-06 -1.834289E-06
200093 -4.267765E-06 -3.214283E-06
200094 -2.955621E-06 -3.900674E-06
200095 -1.717384E-06 -4.067497E-06
200096 -3.821264E-07 -4.087333E-06
200097  1.162221E-06 -4.343847E-06
200098  2.853044E-06 -5.024785E-06
200099  4.449858E-06 -5.993036E-06
200100  5.644008E-06 -6.809801E-06
200101  6.216430E-06 -6.919120E-06
200102  6.149811E-06 -5.926664E-06
200103  5.629066E-06 -3.849230E-06
200104  4.931794E-06 -1.210324E-06
200105  4.275961E-06  1.087924E-06
200106  3.713797E-06  2.091727E-06
200107  3.126980E-06  1.201144E-06
200108  2.313875E-06 -1.519272E-06
200109  1.108572E-06 -5.276459E-06
200110 -5.345843E-07 -8.785110E-06
200111 -2.520677E-06 -1.072174E-05
200112 -4.640463E-06 -1.020776E-05
200113 -6.604139E-06 -7.116888E-06
200114 -8.061269E-06 -2.089187E-06
200115 -8.622983E-06  3.726451E-06
200116 -7.924722E-06  9.067861E-06
200117 -5.752014E-06  1.293165E-05
200118 -2.204209E-06  1.481026E-05
200119  2.178105E-06  1.475844E-05
200120  6.413741E-06  1.330603E-05
200121  9.269341E-06  1.125197E-05
200122  9.620620E-06  9.383946E-06
200123  6.883222E-06  8.192283E-06
200124  1.349455E-06  7.677703E-06
200125 -5.730017E-06  7.355035E-06
200126 -1.240337E-05  6.494070E-06
200127 -1.657000E-05  4.522448E-06
200128 -1.665768E-05  1.402867E-06
200129 -1.218415E-05 -2.230071E-06
200130 -3.984524E-06 -5.285642E-06
200131  6.002003E-06 -6.706874E-06
200132  1.532892E-05 -5.989988E-06
200133  2.181512E-05 -3.458157E-06
200134  2.421308E-05 -1.447996E-07
200135  2.253351E-05  2.647241E-06
200136  1.792744E-05  3.881927E-06
200137  1.220332E-05  3.168135E-06
200138  7.187933E-06  8.347654E-07
200139  4.171561E-06 -2.279632E-06
200140  3.607795E-06 -5.182984E-06
200141  5.114536E-06 -7.061444E-06
200142  7.711358E-06 -7.470335E-06
200143  1.017393E-05 -6.358606E-06
200144  1.139362E-05 -3.976913E-06
200145  5.969046E-06  4.931950E-07
200146  8.397066E-06 -3.219629E-06
200147  7.941667E-06 -6.119830E-06
200148  3.261468E-06 -6.939079E-06
200149 -4.524120E-06 -5.673276E-06
200150 -1.164807E-05 -3.593860E-06
200151 -1.379723E-05 -2.386893E-06
200152 -9.212219E-06 -3.005029E-06
200153 -2.858756E-07 -5.084990E-06
200154  7.849787E-06 -7.322274E-06
200155  1.076381E-05 -8.418793E-06
200156  7.529012E-06 -7.850528E-06
200157  8.969510E-07 -5.997495E-06
200158 -4.906363E-06 -3.739300E-06
200159 -6.836131E-06 -1.925612E-06
200160 -4.349807E-06 -1.048517E-06
200161  9.875785E-07 -1.188103E-06
200162  6.769710E-06 -2.108765E-06
200163  1.086066E-05 -3.347257E-06
200164  1.193918E-05 -4.245287E-06
200165  9.672105E-06 -4.041517E-06
200166  4.795059E-06 -2.172243E-06
200167 -9.520749E-07  1.270771E-06
200168 -5.326255E-06  5.262656E-06
200169 -6.587213E-06  8.122884E-06
200170 -4.534476E-06  8.359496E-06
200171 -7.971779E-07  5.599504E-06
200172  2.031927E-06  9.697392E-07
200173  1.971506E-06 -3.356808E-06
200174 -1.125481E-06 -5.190164E-06
200175 -5.554994E-06 -3.379149E-06
200176 -8.923947E-06  1.567278E-06
200177 -9.636115E-06  7.521802E-06
200178 -7.694075E-06  1.150736E-05
200179 -4.368684E-06  1.107609E-05
200180 -1.102762E-06  5.808232E-06
200181  1.475829E-06 -1.975307E-06
200182  3.694013E-06 -8.112538E-06
200183  6.090610E-06 -8.995138E-06
200184  8.500864E-06 -4.022637E-06
200185  9.830122E-06  3.788242E-06
200186  8.759287E-06  9.750967E-06
200187  4.789055E-06  1.062613E-05
200188 -1.229437E-06  6.453399E-06
200189 -7.421712E-06 -2.164004E-07
200190 -1.174393E-05 -6.692325E-06
200191 -1.283802E-05 -1.190552E-05
200192 -1.060214E-05 -1.626590E-05
200193 -6.365725E-06 -2.016908E-05
200194 -2.516121E-06 -2.269040E-05
200195 -1.517517E-06 -2.162479E-05
200196 -4.677909E-06 -1.501647E-05
200197 -1.135675E-05 -3.296093E-06
200198 -1.910642E-05  9.602015E-06
200199 -2.465133E-05  1.759804E-05
200200 -2.520118E-05  1.610695E-05
200201 -1.961918E-05  5.551373E-06
200202 -9.121827E-06 -8.226198E-06
200203  2.810901E-06 -1.743448E-05
200204  1.158355E-05 -1.726057E-05
200205  1.348517E-05 -8.611418E-06
200206  7.601599E-06  3.096224E-06
200207 -3.570011E-06  1.176427E-05
200208 -1.533968E-05  1.412404E-05
200209 -2.320538E-05  1.083686E-05
200210 -2.495639E-05  5.149044E-06
200211 -2.131623E-05  5.403306E-07
200212 -1.495198E-05 -1.081320E-06
200213 -8.661278E-06  1.022482E-07
200214 -3.901374E-06  2.434735E-06
200215 -4.605203E-07  3.921374E-06
200216  2.681060E-06  3.276063E-06
200217 -2.015595E-05  4.428050E-06
200218 -1.240538E-05  2.574071E-06
200219  3.144143E-06 -6.137594E-07
200220  1.603798E-05 -2.648051E-06
200221  1.630778E-05 -1.426977E-06
200222  4.718488E-06  2.215712E-06
200223 -6.824433E-06  5.187433E-06
200224 -7.374528E-06  5.516637E-06
200225  1.669408E-06  4.204569E-06
200226  9.111099E-06  3.412080E-06
200227  6.807444E-06  3.726282E-06
200228 -2.319414E-06  3.964590E-06
200229 -8.844511E-06  3.109739E-06
200230 -7.025530E-06  1.521778E-06
200231  5.231336E-07  3.718278E-07
200232  6.749579E-06  6.470271E-07
200233  7.043296E-06  2.730806E-06
200234  2.468785E-06  6.131520E-06
200235 -2.320570E-06  9.182576E-06
200236 -3.551871E-06  9.625200E-06
200237 -1.265473E-06  6.394469E-06
200238  1.296168E-06  1.006436E-06
200239  1.033088E-06 -3.351907E-06
200240 -1.893872E-06 -4.525945E-06
200241 -4.159980E-06 -3.107449E-06
200242 -2.740660E-06 -1.344585E-06
200243  1.755645E-06 -6.762771E-07
200244  5.623041E-06 -7.759939E-07
200245  5.926357E-06 -8.481791E-07
200246  3.306605E-06 -1.054418E-06
200247  8.611378E-07 -2.064213E-06
200248  9.422356E-07 -3.506601E-06
200249  3.393133E-06 -3.796292E-06
200250  6.183787E-06 -2.139310E-06
200251  7.012659E-06 -4.020745E-07
200252  4.711891E-06 -1.805676E-06
200253  1.282039E-07 -6.683604E-06
200254 -4.193462E-06 -9.967855E-06
200255 -6.053504E-06 -5.109233E-06
200256 -5.840576E-06  7.594216E-06
200257 -6.023856E-06  1.766557E-05
200258 -7.568509E-06  1.295037E-05
200259 -7.524428E-06 -6.707502E-06
200260 -1.829958E-06 -2.638744E-05
200261  9.221116E-06 -2.939028E-05
200262  1.998782E-05 -1.289268E-05
200263  2.504273E-05  1.151631E-05
200264  2.454039E-05  3.061069E-05
200265  2.273599E-05  3.828037E-05
200266  2.233673E-05  3.294769E-05
200267  2.245220E-05  1.465437E-05
200268  2.172782E-05 -1.024243E-05
200269  2.075950E-05 -2.690047E-05
200270  2.008450E-05 -2.306435E-05
200271  1.758940E-05 -3.163564E-06
200272  1.035927E-05  1.408469E-05
200273 -7.174050E-07  1.449777E-05
200274 -1.004370E-05  2.021277E-06
200275 -1.237389E-05 -7.942989E-06
200276 -8.189728E-06 -5.836467E-06
200277 -2.816402E-06  3.962862E-06
200278 -3.823335E-07  1.038378E-05
200279  1.452373E-07  7.366629E-06
200280  2.812957E-06 -2.122257E-06
200281  9.755633E-06 -1.091541E-05
200282  1.890714E-05 -1.417933E-05
200283  2.573547E-05 -1.183708E-05
200284  2.647111E-05 -6.799104E-06
200285  2.008073E-05 -2.034920E-06
200286  8.243613E-06  1.168615E-06
200287 -5.602681E-06  3.117739E-06
200288 -1.682113E-05  4.341333E-06
200289  1.405574E-05 -5.223512E-06
200290 -7.076626E-06  1.507479E-06
200291 -1.444438E-05  3.638742E-06
200292 -1.343710E-06  1.139015E-06
200293  9.909263E-06 -4.829050E-07
200294  1.311180E-06  6.521843E-07
200295 -1.353583E-05  4.638101E-07
200296 -1.209538E-05 -3.068818E-06
200297  2.604475E-06 -5.723635E-06
200298  9.271310E-06 -3.917382E-06
200299  5.795521E-07 -6.495368E-07
200300 -9.545457E-06 -4.692427E-07
200301 -7.775563E-06 -2.303394E-06
200302  2.772989E-06 -1.949585E-06
200303  9.931545E-06  6.164509E-07
200304  7.435401E-06  1.196185E-06
200305 -9.891391E-07 -1.912597E-06
200306 -8.302208E-06 -5.146205E-06
200307 -1.068386E-05 -4.637668E-06
200308 -8.094297E-06 -1.402638E-06
200309 -2.096967E-06  3.127890E-07
200310  4.493412E-06 -1.160305E-06
200311  7.492826E-06 -2.966674E-06
200312  4.662919E-06 -2.046625E-06
200313 -4.539412E-07  5.363823E-07
200314 -1.919472E-06  1.354204E-06
200315  2.810875E-07 -2.123637E-07
200316  1.071607E-07 -9.446814E-07
200317 -4.534710E-06  1.523678E-06
200318 -7.660662E-06  4.916950E-06
200319 -4.419369E-06  4.809955E-06
200320  1.264396E-06  2.694407E-07
200321  2.497388E-06 -4.336661E-06
200322 -1.314788E-06 -3.500708E-06
200323 -5.018803E-06  3.312105E-06
200324 -4.914291E-06  9.512766E-06
200325 -1.744519E-06  7.081235E-06
200326  2.510094E-06 -3.025315E-06
200327  6.973697E-06 -8.362635E-06
200328  9.456000E-06  3.636101E-07
200329  5.541068E-06  1.217213E-05
200330 -4.375806E-06  5.516164E-06
200331 -9.062688E-06 -1.741878E-05
200332  2.582227E-06 -2.134800E-05
200333  2.107446E-05  1.699160E-05
200334  1.843584E-05  6.495815E-05
200335 -1.872110E-05  6.744420E-05
200336 -6.611752E-05  2.507831E-05
200337 -8.515107E-05 -5.254128E-09
200338 -6.506184E-05  2.780262E-05
200339 -2.884983E-05  6.310949E-05
200340 -1.146638E-06  4.441534E-05
200341  1.396919E-05 -1.702082E-05
200342  2.236595E-05 -5.485535E-05
200343  2.260001E-05 -3.848046E-05
200344  8.818514E-06 -3.429661E-06
200345 -1.365008E-05  7.444086E-06
200346 -2.595066E-05 -4.483421E-06
200347 -1.535153E-05 -1.171564E-05
200348  7.457748E-06 -3.812031E-06
200349  2.002416E-05  5.736824E-06
200350  1.444367E-05  4.546354E-06
200351  1.978331E-06 -3.057058E-06
200352 -5.906508E-06 -5.360408E-06
200353 -9.660691E-06  1.329291E-06
200354 -1.461491E-05  1.062225E-05
200355 -2.114301E-05  1.525861E-05
200356 -2.454984E-05  1.358072E-05
200357 -1.977331E-05  7.609080E-06
200358 -4.949700E-06 -4.975600E-07
200359  1.450841E-05 -7.817820E-06
200360  2.451230E-05 -9.950778E-06
200361  1.823163E-05  2.899495E-06
200362  2.950781E-06  2.622909E-06
200363 -2.049442E-05  9.670902E-07
200364 -9.018839E-06 -3.154677E-06
200365  1.531971E-05 -4.016527E-06
200366  1.046030E-05 -6.651645E-08
200367 -6.850151E-06  2.386451E-06
200368 -2.116038E-06  3.431807E-07
200369  1.182971E-05 -7.175908E-07
200370  8.045939E-06  2.474066E-06
200371 -4.610453E-06  4.118919E-06
200372 -4.069540E-06 -1.509337E-07
200373  6.633150E-06 -4.175635E-06
200374  9.418371E-06 -9.541953E-07
200375  1.859361E-07  5.742268E-06
200376 -8.577455E-06  7.440813E-06
200377 -5.985218E-06  2.979414E-06
200378  5.615226E-06 -1.658547E-06
200379  1.484929E-05 -1.742187E-06
200380  1.329350E-05  1.821133E-06
200381  3.975552E-06  4.807274E-06
200382 -2.434741E-06  4.584596E-06
200383 -1.811947E-06  2.601126E-06
200384 -1.625740E-06  1.854108E-06
200385 -5.816460E-06  2.699297E-06
200386 -5.598506E-06  2.653133E-06
200387  2.837368E-06  1.938423E-07
200388  7.396004E-06 -2.808468E-06
200389  1.871636E-06 -3.497901E-06
200390 -1.896690E-06 -1.879954E-06
200391  2.835526E-06 -1.974150E-07
200392  6.185268E-06  4.606113E-07
200393  2.067461E-06  8.732554E-08
200394 -2.402891E-06 -1.513678E-06
200395 -1.567867E-06 -2.630282E-06
200396  1.469526E-06 -3.718926E-07
200397  2.241127E-06  2.558092E-06
200398  2.649934E-07 -1.213338E-06
200399 -1.537031E-06 -9.226194E-06
200400 -4.419166E-07 -6.307360E-06
200401  9.183662E-07  9.071407E-06
200402 -1.814872E-06  9.681302E-06
200403 -1.443106E-06 -1.815688E-05
200404  1.500869E-05 -3.028458E-05
200405  3.250928E-05  1.961778E-05
200406  2.720770E-06  7.897335E-05
200407 -9.463440E-05  3.769871E-05
200408 -2.016872E-04 -9.690958E-05
200409 -2.358997E-04 -1.688154E-04
200410 -1.845777E-04 -8.442105E-05
200411 -1.051279E-04  4.485993E-05
200412 -4.547313E-05  6.377395E-05
200413 -1.076873E-05 -1.246644E-05
200414  6.006825E-06 -5.427550E-05
200415  6.425399E-06 -1.869264E-05
200416 -6.337542E-06  2.233973E-05
200417 -2.189752E-05  1.760012E-05
200418 -2.093929E-05 -4.272454E-06
200419  4.059817E-06 -5.448142E-06
200420  2.398214E-05  7.287723E-06
200421  8.824346E-06  1.060118E-05
200422 -2.102887E-05  2.070750E-06
200423 -2.607520E-05 -4.854589E-06
200424 -6.473804E-06 -3.291089E-06
200425  1.059324E-05  4.986330E-07
200426  1.490907E-05 -2.116651E-06
200427  1.549705E-05 -1.021516E-05
200428  1.550712E-05 -1.418432E-05
200429  5.613434E-06 -7.863874E-06
200430 -1.469936E-05  3.245437E-06
200431 -2.238347E-05  8.603075E-06
200432 -1.604834E-06  6.082554E-06
200433  6.774611E-06 -1.908769E-06
200434  2.309006E-05 -4.377809E-07
200435 -5.639541E-06 -1.244505E-06
200436 -6.640264E-06 -1.984541E-07
200437  1.336708E-05  2.424016E-06
200438  2.210885E-07  2.256511E-06
200439 -1.583533E-05  7.604055E-07
200440 -2.328700E-06  6.448803E-07
200441  5.266477E-06  6.730395E-07
200442 -8.134527E-06  7.684793E-07
200443 -1.203711E-05  1.232405E-06
200444  8.221057E-08  9.011477E-07
200445  4.986805E-06  1.309925E-06
200446 -2.929163E-06  2.699611E-06
200447 -8.783630E-06  8.932087E-07
200448 -6.354696E-06 -3.237317E-06
200449 -3.103349E-06 -3.205522E-06
200450 -4.423204E-06  1.354180E-06
200451 -7.422382E-06  4.439429E-06
200452 -9.391774E-06  3.611588E-06
200453 -1.168126E-05  1.574601E-06
200454 -1.061886E-05  4.140005E-07
200455  2.087803E-08 -5.191774E-07
200456  1.068460E-05 -2.201922E-06
200457  6.391997E-06 -3.218334E-06
200458 -2.604857E-06 -1.066429E-06
200459  1.443461E-07  2.496254E-06
200460  2.724114E-06  3.024094E-06
200461 -4.045178E-06  1.257969E-06
200462 -3.413052E-06  3.923412E-07
200463  4.264087E-06 -1.811342E-07
200464  1.961687E-07  5.855005E-08
200465 -7.451484E-06  2.836422E-06
200466 -1.321892E-06  3.599038E-06
200467  8.006757E-06 -1.692382E-06
200468  5.337118E-06 -5.894431E-06
200469 -2.925848E-06 -5.662680E-07
200470 -5.647747E-06  7.625420E-06
200471 -3.731477E-06  4.883066E-06
200472 -1.893716E-06 -3.951323E-06
200473 -1.666287E-06  1.650287E-06
200474 -5.807498E-06  1.708956E-05
200475 -1.254074E-05  8.230640E-06
200476 -7.051652E-06 -2.199124E-05
200477  1.589214E-05 -1.438391E-05
200478  2.569178E-05  4.328136E-05
200479 -9.754994E-06  6.732236E-05
200480 -6.636182E-05  1.576247E-05
200481 -8.766868E-05 -2.137948E-05
200482 -6.505542E-05  2.297197E-05
200483 -3.660542E-05  6.453958E-05
200484 -1.570125E-05  1.898591E-05
200485  3.683590E-06 -4.561970E-05
200486  5.546301E-06 -3.483538E-05
200487 -6.992092E-06  1.591145E-05
200488 -5.233014E-06  2.443778E-05
200489  1.409535E-06 -2.593925E-06
200490 -5.508705E-09 -1.021860E-05
200491  9.899030E-06  5.132619E-06
200492  1.185189E-05  9.408693E-06
200493 -1.566654E-05 -3.048615E-06
200494 -2.041347E-05 -1.052377E-05
200495  1.699891E-05 -5.237615E-06
200496  3.591400E-05  2.378326E-06
200497  1.574967E-05  5.705045E-06
200498 -6.434835E-06  6.489505E-06
200499 -9.002413E-06  6.795993E-06
200500  7.707573E-06  5.481670E-06
200501  3.248892E-05  1.690313E-06
200502  3.043359E-05 -1.837164E-06
200503 -1.215160E-05 -3.658065E-06
200504 -3.107416E-05 -3.941845E-06
200505 -8.395555E-06  7.660635E-07
200506  1.793254E-05  6.979638E-06
200507 -1.137877E-05 -2.245219E-06
200508 -1.226364E-05 -1.842129E-06
200509  1.017957E-05  4.382744E-06
200510 -3.472495E-06 -1.519967E-06
200511 -5.872692E-06 -5.713203E-06
200512  1.185559E-05 -6.423157E-07
200513  5.830039E-06 -8.365249E-07
200514 -3.795471E-06 -5.425560E-06
200515  6.299168E-06 -4.336620E-06
200516  1.095029E-05 -2.194219E-06
200517  3.480289E-07 -1.976370E-06
200518 -4.387012E-06 -7.078969E-07
200519  3.587219E-06 -1.344518E-06
200520  1.045379E-05 -3.765859E-06
200521  8.649246E-06 -3.346165E-06
200522  1.882361E-06 -1.537613E-06
200523 -2.224385E-06 -2.262456E-06
200524  1.685221E-06 -4.758867E-06
200525  5.543101E-06 -5.902808E-06
200526 -1.140172E-06 -3.797263E-06
200527 -7.380277E-06  1.233991E-06
200528 -2.090001E-06  4.524843E-06
200529 -3.281416E-07  1.816695E-06
200530 -5.616890E-06 -1.310430E-06
200531 -4.318411E-07  5.096472E-08
200532  3.370821E-06 -4.838630E-08
200533 -6.029285E-06 -1.374030E-06
200534 -3.790995E-06  1.093913E-06
200535  5.643229E-06  2.138935E-07
200536 -9.769829E-07 -4.758953E-06
200537 -4.992533E-06 -3.090216E-06
200538  2.227836E-06  2.254700E-06
200539  4.415500E-07  2.563648E-06
200540 -6.819965E-06 -5.284351E-07
200541 -4.479707E-06 -1.950485E-06
200542  3.635447E-06  8.478806E-07
200543  8.609549E-06  3.114934E-06
200544  1.000885E-05 -4.029501E-06
200545  1.078939E-05 -1.348578E-05
200546  1.004714E-05 -5.442141E-06
200547  4.155119E-06  1.167765E-05
200548 -4.066408E-06  4.598797E-06
200549 -4.433154E-06 -2.023924E-05
200550  7.464418E-06 -1.802525E-05
200551  2.164896E-05  1.578806E-05
200552  2.311574E-05  4.207043E-05
200553  1.635539E-05  4.637533E-05
200554  1.962339E-05  3.454256E-05
200555  2.598616E-05 -1.925544E-06
200556  2.563343E-05 -4.143583E-05
200557  2.390951E-05 -3.248592E-05
200558  3.193064E-06  1.019545E-05
200559 -2.009599E-05  2.059766E-05
200560  1.714083E-06 -4.730874E-06
200561  1.892972E-05 -1.651397E-05
200562 -6.857382E-06 -1.988551E-06
200563 -4.789329E-06  1.046758E-05
200564  6.548642E-06  1.497180E-06
200565 -1.559855E-05 -1.248634E-05
200566  6.246130E-06 -3.797556E-06
200567  3.338517E-05  1.487114E-05
200568 -1.982801E-05  1.341549E-05
200569 -5.934130E-05 -7.158756E-07
200570 -3.771952E-05 -8.244675E-06
200571 -2.996981E-05 -4.370772E-06
200572 -6.006546E-05  5.266675E-06
200573 -5.934323E-05  1.017897E-05
200574  1.351025E-05  9.754543E-06
200575  3.920073E-05  8.724005E-07
200576 -1.380325E-05 -8.145570E-06
200577 -1.909988E-05 -1.761028E-06
200578  1.630896E-05  1.133709E-05
200579 -7.232740E-06 -6.275040E-06
200580 -1.007655E-06 -5.713103E-06
200581  1.398108E-05  3.463784E-06
200582 -6.032700E-06 -2.358603E-06
200583  2.614657E-07 -5.341384E-07
200584  5.686431E-06  6.330343E-06
200585 -1.123423E-05  3.056778E-06
200586 -6.505931E-06  1.576891E-06
200587  3.142273E-06  6.902528E-06
200588 -5.205031E-06  4.361040E-06
200589 -8.495971E-06 -1.224170E-06
200590 -9.908571E-07  1.510564E-06
200591 -7.057585E-07  5.013285E-06
200592 -8.724964E-06  4.682880E-06
200593 -7.970669E-06  3.910774E-06
200594  9.939652E-07  3.272401E-06
200595  3.446855E-06  2.527838E-06
200596  2.679080E-06  1.406982E-06
200597  6.828891E-06 -1.070891E-06
200598  5.301398E-06 -4.445414E-06
200599 -4.219253E-06 -3.927770E-06
200600 -3.205183E-06  1.710586E-06
200601  3.539501E-06  2.612076E-06
200602 -7.132274E-07 -1.617870E-06
200603  7.612635E-07 -8.906621E-07
200604  7.448008E-06 -9.119510E-07
200605  1.110592E-06 -3.205519E-06
200606  1.426991E-06  2.366442E-06
200607  3.306296E-06  3.973976E-06
200608 -4.556364E-06 -1.053998E-06
200609  3.585308E-06  8.787982E-07
200610  9.290145E-06  5.206623E-08
200611 -3.711807E-06 -2.501099E-06
200612 -3.728887E-06  1.542499E-06
200613  7.635761E-06  4.019566E-07
200614  5.054956E-06 -5.791706E-06
200615 -7.560564E-06 -2.432390E-06
200616 -1.387640E-05  7.014250E-06
200617 -1.057958E-05  3.913960E-06
200618 -4.180687E-06 -7.006151E-06
200619  8.502183E-07 -3.206210E-06
200620  3.733628E-06  9.977003E-06
200621  1.022610E-06  7.173348E-06
200622 -7.243807E-06 -1.220245E-05
200623 -5.496758E-06 -2.333533E-05
200624  2.481953E-06 -1.844132E-05
200625 -6.168857E-06 -1.688685E-05
200626 -2.397405E-06 -2.079386E-05
200627  2.228661E-05 -1.587597E-05
200628  1.839472E-05  2.711295E-07
200629  1.396587E-06  1.883819E-05
200630 -6.018593E-06  1.545229E-05
200631 -1.136686E-05 -8.118570E-06
200632  1.006227E-05 -1.104802E-05
200633  1.346678E-05  5.048150E-06
200634 -2.420964E-05  6.229967E-06
200635 -2.889628E-06  2.963446E-06
200636  2.081852E-05  9.631678E-07
200637 -1.783824E-05 -7.571176E-06
200638  9.786068E-06  6.470736E-06
200639  9.293874E-06  1.429135E-05
200640 -5.405649E-05 -2.039166E-05
200641  2.463941E-05 -3.383401E-05
200642  1.170118E-04 -2.152913E-05
200643  1.281948E-04 -2.204297E-05
200644  1.012286E-04 -3.045299E-05
200645 -2.187212E-05 -3.781548E-05
200646 -4.225827E-05 -5.458115E-06
200647  3.297658E-05  1.992955E-05
200648 -7.519353E-06 -4.994107E-06
200649 -8.868179E-06 -1.251052E-05
200650  1.942708E-05  8.290687E-06
200651 -7.668371E-06 -8.017352E-06
200652  1.183449E-06  3.119107E-06
200653  3.429105E-06  5.561773E-06
200654 -1.294646E-05 -2.684133E-06
200655  3.040541E-06  4.202987E-06
200656  7.179220E-07  1.886265E-06
200657 -7.360418E-06 -4.077002E-06
200658  7.560389E-06 -2.863225E-07
200659  2.681567E-06  2.544844E-06
200660 -5.947673E-06 -1.991684E-06
200661  4.663896E-06 -1.838687E-06
200662  8.770364E-06  2.742895E-06
200663  1.645420E-06  5.848787E-07
200664 -3.609546E-06 -3.070166E-06
200665 -1.173786E-06 -2.020428E-06
200666  1.600082E-06  9.060378E-07
200667 -3.227622E-06  2.891646E-06
200668 -1.058872E-05  3.653737E-06
200669 -9.075772E-06  4.299544E-06
200670 -8.568272E-07  1.817400E-06
200671 -3.258602E-08 -3.480928E-06
200672 -2.027186E-07 -2.519386E-06
200673  7.086474E-06  1.029108E-06
200674  2.936391E-06 -2.650407E-07
200675 -5.022383E-06  2.384586E-06
200676 -1.653764E-06  4.427161E-06
200677 -3.971233E-06 -2.322633E-06
200678 -1.518003E-07 -8.598760E-07
200679  1.055623E-06  5.390813E-07
200680 -8.243975E-06 -1.141035E-06
200681 -1.575520E-08  5.816339E-06
200682  1.097103E-06 -2.135647E-06
200683 -4.816994E-06 -6.210727E-06
200684  3.810684E-06  4.906103E-06
200685  3.246432E-06  5.120117E-06
200686 -4.813063E-06 -1.313928E-06
200687 -3.253042E-06 -2.700446E-06
200688  3.973652E-07  3.667080E-06
200689  1.358753E-07  8.540275E-06
200690 -2.417494E-06  2.401444E-06
200691 -5.533558E-06 -6.534890E-06
200692 -4.683033E-06 -4.659801E-06
200693  2.933051E-06  9.115036E-06
200694  1.487855E-06  1.446132E-05
200695 -5.835161E-06  3.380564E-06
200696  5.068088E-06 -7.157880E-07
200697  7.251551E-07 -4.078587E-06
200698 -1.191653E-05 -4.223501E-06
200699  7.677390E-07  1.918524E-05
200700 -9.744907E-06  2.954108E-05
200701 -1.947893E-05  9.060023E-06
200702  4.414640E-06 -1.197266E-05
200703  6.957933E-06 -1.313643E-05
200704  7.698150E-07  3.565044E-06
200705  2.016108E-06  1.208670E-05
200706 -1.429117E-05 -2.812371E-06
200707  9.723100E-06 -7.628601E-07
200708  2.157391E-05  9.813791E-06
200709 -2.614612E-05 -8.855349E-06
200710  1.490163E-05  6.657871E-06
200711 -2.280822E-06  6.014195E-06
200712 -3.230685E-05 -4.374323E-05
200713  1.197220E-04  2.410403E-05
200714  9.357640E-06  1.156315E-04
200715 -1.187237E-04  1.217979E-04
200716  1.059470E-04  8.976927E-05
200717  7.698314E-05 -1.755103E-05
200718 -6.086566E-05 -3.138530E-05
200719  1.357377E-05  2.785257E-05
200720  2.108241E-06 -1.001233E-05
200721 -7.198153E-06 -5.140439E-06
200722  6.607111E-06  1.013158E-05
200723 -1.243204E-05 -9.427222E-06
200724  2.022165E-06  1.070143E-05
200725  3.264888E-08 -7.327458E-07
200726 -3.369634E-06 -6.410138E-06
200727  8.399778E-06  3.182592E-06
200728  5.868485E-07 -6.344906E-06
200729  1.602360E-06 -4.557115E-06
200730  1.028729E-05  4.499814E-08
200731 -1.792619E-06 -5.009412E-06
200732  5.115474E-07 -5.383512E-06
200733  7.050591E-06  7.976329E-07
200734 -3.677198E-06  1.644577E-06
200735 -3.139976E-06 -2.665243E-06
200736  7.446690E-06 -3.242509E-06
200737  8.910394E-06 -2.597516E-06
200738  1.961301E-06 -3.885913E-06
200739  1.418563E-06 -4.661570E-06
200740  3.801118E-06 -3.124996E-06
200741  4.538821E-08  1.617874E-06
200742 -1.306822E-06  4.168646E-06
200743 -2.356231E-06 -2.147249E-07
200744 -8.339535E-06 -3.050117E-06
200745 -4.204467E-06 -8.496017E-07
200746  1.762475E-06 -2.296624E-06
200747 -8.507471E-07 -2.655708E-06
200748  1.914809E-06  3.457074E-06
200749 -3.047469E-06 -4.901172E-07
200750 -1.937938E-06 -9.880031E-07
200751  4.086767E-06 -1.758859E-06
200752  8.133793E-07 -5.611691E-06
200753  2.352149E-06  5.150087E-06
200754 -5.498935E-06 -3.413438E-06
200755 -2.246054E-06 -1.329947E-06
200756  7.848005E-06  4.302151E-06
200757 -5.119807E-06 -4.215322E-06
200758 -7.510636E-06  1.820696E-06
200759  1.059573E-05  3.594635E-06
200760  1.798223E-05 -2.775043E-06
200761  1.309583E-05 -1.552760E-06
200762  7.753703E-06  4.731407E-06
200763  4.447479E-06  4.963222E-06
200764 -2.077049E-06 -6.203585E-06
200765 -6.421172E-07 -8.328297E-06
200766  6.180731E-06  5.439674E-06
200767 -5.497197E-06  4.772107E-06
200768 -8.644387E-07  1.048281E-05
200769  5.243944E-06  1.541411E-05
200770 -1.159552E-05 -1.896622E-06
200771 -8.682381E-06 -3.742869E-07
200772 -8.566248E-06 -2.276127E-06
200773 -2.110287E-06 -1.629457E-05
200774  1.675314E-05 -8.368408E-06
200775  3.043255E-06  8.867610E-06
200776 -1.448203E-05  4.832542E-06
200777  3.078264E-06 -2.063062E-06
200778  6.238233E-06 -5.560381E-06
200779  3.758119E-06  2.269347E-06
200780  9.040312E-06  1.247491E-05
200781 -1.920872E-05 -1.706155E-05
200782  2.263692E-05  5.751167E-06
200783 -8.293539E-06  9.920930E-06
200784 -1.913639E-05 -4.589407E-05
200785  1.221094E-04  9.568378E-05
200786 -2.642802E-04  1.900132E-04
200787 -5.681089E-04  1.628441E-04
200788 -7.774552E-05  1.975143E-04
200789  1.063849E-04  3.641204E-05
200790 -4.140970E-05 -4.874541E-05
200791  1.552694E-05  3.024704E-05
200792  6.118487E-06 -1.084083E-05
200793 -8.284107E-06  8.792438E-06
200794 -3.926354E-07  8.939519E-06
200795 -2.455129E-06 -1.161033E-05
200796  7.169280E-06  9.110802E-06
200797  8.018651E-07 -9.567207E-06
200798  3.953937E-06 -2.827083E-06
200799  1.169494E-06  3.289093E-06
200800 -5.225358E-06 -5.494256E-06
200801 -2.591132E-06  5.165154E-06
200802 -3.138303E-06  4.211926E-06
200803 -8.222027E-06 -1.332658E-06
200804  1.168323E-06  3.713514E-06
200805 -1.670193E-06  5.119576E-06
200806 -1.426434E-05  1.039713E-06
200807 -8.144709E-06  2.060191E-06
200808 -3.191505E-07  6.025909E-06
200809 -1.624363E-06  4.174746E-06
200810 -5.710929E-06 -4.759550E-07
200811  9.998106E-07 -1.959016E-06
200812  1.004041E-05 -2.041640E-06
200813  6.654539E-06 -1.939279E-06
200814  2.012810E-06 -2.507107E-06
200815  3.210723E-06 -3.042840E-06
200816 -2.081536E-06 -1.957755E-06
200817 -5.839899E-06  7.569600E-07
200818  1.092277E-07  8.106189E-07
200819  2.000587E-06 -5.528517E-06
200820  7.306324E-06  1.034094E-07
200821  3.401198E-06  1.619950E-06
200822 -1.995505E-06  2.831955E-06
200823 -1.545790E-07  3.237356E-06
200824  2.531977E-06 -5.989623E-06
200825  5.808534E-06  4.386276E-06
200826 -2.296914E-06 -2.691625E-06
200827 -9.028392E-07  7.187787E-06
200828  5.532961E-06  1.111919E-06
200829 -1.006905E-06 -1.295833E-05
200830 -5.977902E-07  4.760245E-06
200831  3.660614E-06  5.074524E-06
200832 -2.506282E-06 -7.127763E-06
200833 -4.184972E-06 -7.909839E-06
200834 -9.238708E-07 -1.536693E-06
200835  4.928436E-06  8.355994E-06
200836  2.931984E-06  4.839924E-06
200837 -3.394059E-06 -1.122770E-05
200838  6.478857E-06 -3.549456E-06
200839 -4.302273E-07 -5.622900E-06
200840 -6.161772E-06 -5.916156E-06
200841  1.720442E-06  8.289460E-06
200842 -2.686552E-06 -1.135340E-05
200843  5.045115E-06 -1.871725E-05
200844  8.255623E-06 -1.366844E-05
200845  1.034497E-05 -6.190269E-06
200846  4.280514E-06  6.133649E-06
200847 -9.158328E-06  1.265350E-05
200848 -7.378478E-06 -4.413320E-06
200849  7.757548E-06 -7.310650E-06
200850  7.091465E-06  3.272494E-06
200851 -9.683566E-06 -1.625534E-06
200852  6.908294E-06  8.295439E-06
200853 -4.171913E-06 -1.602993E-05
200854  1.276598E-05  3.087011E-06
200855 -1.140131E-05  1.706327E-05
200856 -1.540187E-05 -5.001341E-05
200857  1.066919E-04  1.004973E-04
200858 -2.824285E-04  1.278520E-04
200859 -5.892385E-04  4.091828E-05
200860 -1.108907E-04  1.740110E-04
200861  9.430060E-05  4.088934E-05
200862 -2.268453E-05 -5.515090E-05
200863  1.140886E-05  3.115776E-05
200864 -2.310294E-06 -1.329368E-05
200865  1.146707E-06  1.377682E-05
200866  2.314058E-06  3.420147E-07
200867  5.696286E-06 -8.104914E-06
200868  3.406615E-06  6.239738E-06
200869 -4.375721E-06 -9.747012E-06
200870  8.815323E-07  6.911156E-06
200871 -6.639534E-06  2.323507E-06
200872 -3.619783E-06 -7.194853E-07
200873 -2.058496E-06  8.645869E-06
200874 -4.027264E-06  8.058431E-07
200875 -2.084250E-06  1.906071E-06
200876  3.609710E-06  6.501854E-06
200877 -8.946215E-07  1.773611E-06
200878 -3.344805E-06  3.061123E-07
200879  6.628614E-07  3.990413E-06
200880 -3.869461E-06  4.642185E-06
200881 -5.751636E-06  2.828283E-06
200882 -5.421515E-06  3.278472E-06
200883 -4.119778E-06  5.038873E-06
200884 -2.298826E-06  2.623778E-06
200885 -2.133555E-06 -1.246413E-06
200886 -1.300487E-07 -5.050565E-06
200887  6.795810E-06 -3.847849E-06
200888  9.056879E-06  8.194283E-07
200889  2.263646E-06  2.319615E-06
200890 -3.582654E-07  6.246776E-06
200891 -3.062874E-06 -1.744393E-06
200892  1.027328E-06 -1.622001E-06
200893  3.999620E-06 -1.782005E-07
200894  9.523147E-07  3.899275E-07
200895 -4.885247E-06  6.032739E-06
200896 -3.771461E-06 -4.599774E-06
200897  1.761335E-06  3.519922E-06
200898  3.194155E-06 -4.478714E-06
200899 -1.417330E-06  9.652725E-06
200900 -8.194663E-07 -9.912416E-07
200901  2.255865E-06 -8.763126E-06
200902  2.799008E-06  6.351341E-06
200903 -4.087274E-06 -2.489137E-06
200904 -1.762145E-05 -1.000276E-05
200905 -1.410212E-05 -6.329289E-06
200906 -6.608868E-06 -9.143531E-06
200907 -1.301388E-06 -3.110239E-06
200908  7.375925E-07  1.070327E-05
200909 -6.473414E-06 -2.819872E-06
200910  2.759510E-06 -6.680795E-07
200911  6.286773E-06  1.080739E-07
200912  2.465570E-06 -1.215586E-05
200913  3.778159E-06  3.844900E-06
200914  4.283544E-06 -3.966117E-06
200915  1.379159E-05 -4.126162E-06
200916  6.884398E-06  1.195003E-06
200917 -9.461405E-07  9.711264E-06
200918 -1.083388E-05  3.384533E-06
200919 -6.288637E-06 -2.891101E-07
200920  1.027078E-05 -4.877314E-06
200921  2.303514E-06 -2.636089E-06
200922 -4.091520E-06  8.701076E-06
200923 -8.960313E-06 -8.511632E-06
200924  1.127650E-05  5.734232E-06
200925  1.135486E-06 -5.426451E-06
200926 -3.453964E-06 -4.733945E-06
200927 -4.721102E-06  2.258702E-05
200928 -9.228738E-06 -5.107040E-05
200929  8.051305E-05  6.834959E-05
200930 -1.166073E-04  7.776250E-05
200931 -2.839720E-04 -2.309999E-05
200932 -1.435990E-05  1.223963E-04
200933  6.417068E-05  1.165386E-05
200934 -1.898052E-05 -4.468126E-05
200935 -8.830803E-07  2.979726E-05
200936 -1.829697E-06 -1.872946E-05
200937  8.597416E-06  1.257617E-05
200938  2.789791E-06 -8.371402E-06
200939  9.782706E-07 -5.386608E-07
200940 -3.823657E-06  4.136608E-06
200941 -7.201467E-06 -4.496398E-06
200942 -1.051159E-06  1.178937E-05
200943 -3.730241E-06 -1.833629E-06
200944  4.096667E-06  2.322450E-06
200945  3.657815E-06  3.903363E-06
200946  4.196750E-06 -5.107754E-06
200947  5.783300E-06  1.376005E-06
200948  5.272251E-06  1.245495E-07
200949  3.372049E-06 -4.258275E-06
200950  7.561214E-06  9.892811E-07
200951  9.231388E-06  1.661300E-06
200952  1.491556E-06 -3.718384E-06
200953  1.789343E-06 -3.217052E-06
200954  3.051167E-06  2.508282E-06
200955 -3.237775E-06  5.322592E-06
200956 -8.971394E-06  1.823055E-06
200957 -7.729814E-06  1.213376E-06
200958 -4.010893E-06 -1.275873E-07
200959  6.853400E-07 -6.924594E-07
200960  7.439052E-06  2.362615E-06
200961  5.913570E-06 -4.944283E-07
200962  9.055488E-07  5.855157E-06
200963 -5.220376E-06  2.173074E-06
200964 -5.547468E-06 -1.777105E-06
200965 -1.716292E-08 -2.763994E-06
200966  4.746601E-06 -5.323418E-06
200967 -2.813069E-06  5.114908E-06
200968 -4.551102E-06 -2.914393E-06
200969 -4.409886E-06  2.835901E-06
200970  5.838909E-06 -7.273994E-06
200971 -2.182152E-07  6.280009E-06
200972 -2.845569E-06 -1.737660E-06
200973 -1.881802E-06 -4.668252E-07
200974 -4.516167E-07  1.837833E-06
200975  3.111662E-07 -7.199026E-06
200976 -9.627821E-06 -3.151983E-06
200977 -7.326443E-06  4.178982E-06
200978 -2.525611E-06 -7.003041E-06
200979 -1.653721E-06 -1.346974E-05
200980 -4.367709E-07  8.468125E-06
200981 -6.647772E-06  4.049067E-06
200982 -1.484311E-06 -4.365662E-07
200983  2.668797E-06  7.458388E-06
200984  7.079030E-06 -7.761082E-06
200985  2.425668E-06  3.940703E-06
200986 -2.319296E-06  2.878576E-06
200987  4.327081E-06  1.043379E-05
200988 -5.587908E-06  7.327171E-06
200989 -1.159378E-05  9.666388E-06
200990 -8.442047E-06 -4.399921E-06
200991  4.510541E-06 -7.201580E-06
200992  1.483308E-05  2.055079E-06
200993 -7.590584E-06 -1.127212E-06
200994 -8.263146E-06  7.203768E-06
200995  1.636220E-06 -8.432092E-06
200996  8.782505E-06  4.211320E-06
200997 -3.025552E-06  4.393566E-06
200998 -7.354980E-06 -1.242053E-05
200999  3.154039E-06  2.585479E-05
201000 -3.841866E-06 -4.238023E-05
201001  4.051180E-05  3.004501E-05
201002  7.265637E-07  7.685193E-05
201003 -3.821593E-05  1.449546E-05
201004  4.246504E-05  9.290871E-05
201005  2.942741E-05 -1.742193E-05
201006 -1.960911E-05 -2.374847E-05
201007 -7.421457E-06  2.423878E-05
201008  7.767460E-06 -1.866079E-05
201009  6.314242E-06  9.307413E-06
201010  3.655408E-07 -1.192658E-05
201011 -7.717893E-06  4.563492E-06
201012 -4.605922E-06  1.899025E-06
201013 -4.195823E-06  3.096377E-07
201014  1.541000E-06  9.892680E-06
201015  3.443129E-06 -5.360326E-06
201016  7.438749E-06  3.220897E-06
201017  5.846606E-06 -1.904114E-06
201018  7.297097E-06 -6.650925E-06
201019  5.511446E-06  2.988620E-07
201020  3.478417E-06 -6.034357E-06
201021  2.626041E-06 -6.268644E-06
201022  5.914055E-06  2.160671E-06
201023  8.276893E-06 -9.385979E-07
201024  5.213426E-06 -7.873630E-06
201025  7.195981E-06 -5.561711E-06
201026  8.660275E-06  3.436300E-07
201027  1.754076E-06  1.338511E-06
201028 -4.310192E-06 -1.529757E-06
201029 -4.398976E-06  3.083821E-06
201030 -4.822719E-06  5.189009E-06
201031 -6.937544E-06  1.176378E-06
201032 -1.299941E-06  9.132039E-07
201033  3.841061E-06 -4.868415E-06
201034  2.971543E-06  1.538807E-06
201035 -1.756747E-06  3.903797E-06
201036 -5.106590E-06 -5.162014E-07
201037 -4.057388E-06 -2.725145E-06
201038  5.605430E-06 -7.841869E-06
201039  8.507182E-07  4.023561E-06
201040  7.037721E-07 -3.941317E-07
201041 -7.906664E-06  2.838584E-06
201042  5.093661E-06 -7.578753E-06
201043  1.794257E-06  2.673450E-06
201044  7.220114E-07 -1.071069E-06
201045 -7.077703E-06  3.682598E-06
201046 -3.472463E-06 -5.775949E-06
201047  6.326463E-06 -3.658714E-06
201048  1.190998E-06  8.888327E-06
201049 -1.634658E-06  1.493120E-05
201050 -1.142516E-06  1.962602E-06
201051  8.524637E-07 -1.379633E-05
201052  3.123103E-06  4.234038E-06
201053 -3.894149E-06  6.709414E-06
201054 -1.142117E-06 -4.399740E-06
201055 -5.865608E-06  6.152437E-06
201056  3.173952E-06 -4.393263E-06
201057 -3.046939E-06  2.356626E-06
201058 -1.213920E-05 -1.274786E-06
201059 -8.710225E-06  9.457309E-06
201060 -1.100132E-05  1.130940E-06
201061 -9.497971E-06  2.478276E-06
201062  2.688116E-06 -4.720259E-06
201063  9.718877E-06 -4.919638E-06
201064  6.243608E-06  6.205778E-06
201065 -1.178082E-05 -4.196751E-06
201066 -3.487871E-06  4.572479E-06
201067  8.809496E-06 -2.549252E-06
201068  9.230372E-07  4.090346E-07
201069 -8.330240E-06  8.806228E-06
201070  1.801340E-07 -1.396536E-05
201071  4.080423E-06  2.444794E-05
201072 -2.494582E-06 -2.853809E-05
201073  1.220607E-05 -1.546849E-06
201074  2.583476E-05  7.640161E-05
201075  3.975024E-05  5.996388E-05
201076  3.496132E-05  6.611635E-05
201077  8.963071E-06 -3.319323E-05
201078 -1.786964E-05 -5.096728E-06
201079 -5.596250E-06  1.532245E-05
201080  1.310451E-05 -1.267292E-05
201081  1.377093E-07  4.895724E-06
201082 -1.337727E-06 -1.068454E-05
201083 -1.269294E-05  5.160471E-06
201084 -3.205363E-08  8.998100E-07
201085 -8.251552E-08  3.117546E-06
201086  5.159653E-06  6.031907E-06
201087  7.769503E-06 -5.996930E-06
201088  5.369817E-06  2.460511E-06
201089  4.493867E-06 -5.315735E-06
201090  4.247775E-06 -5.255933E-06
201091  6.738959E-07 -7.953178E-07
201092  6.717881E-07 -8.127262E-06
201093 -1.549484E-06 -5.263171E-06
201094 -1.439165E-06  1.530722E-06
201095  2.779670E-06 -2.726881E-06
201096  4.263793E-06 -7.029688E-06
201097  6.193412E-06 -4.472773E-06
201098  8.738090E-06 -9.457356E-07
201099  5.684117E-06 -1.613630E-06
201100  2.852341E-06 -2.816312E-06
201101  1.154511E-06  4.274949E-06
201102 -3.291457E-06  7.288153E-06
201103 -9.713552E-06  4.751438E-07
201104 -7.227153E-06 -1.860157E-06
201105  8.743694E-07 -7.164067E-06
201106  4.669011E-06 -1.777894E-06
201107  2.325723E-06  4.579107E-06
201108 -1.288778E-06  1.534325E-06
201109 -6.773294E-06 -1.369841E-06
201110  3.742313E-06 -7.159272E-06
201111  1.819022E-06  3.276835E-06
201112  5.962399E-06  2.391892E-06
201113 -8.971355E-06  2.559762E-06
201114  2.482097E-06 -5.822245E-06
201115  2.621014E-06  1.068881E-06
201116  5.264974E-06  6.801783E-07
201117 -9.338461E-06  3.754089E-06
201118 -2.682131E-06 -1.056971E-05
201119  6.033689E-06  2.434250E-06
201120  4.007293E-06  1.574916E-05
201121 -2.518015E-06  1.810142E-05
201122 -5.816107E-06  8.385382E-06
201123  8.707242E-07 -8.830259E-06
201124  8.349588E-06  2.085513E-06
201125 -1.599116E-06  6.387495E-06
201126  2.277359E-06 -6.905849E-06
201127 -1.124640E-05  6.025153E-07
201128 -2.155670E-06 -3.814961E-06
201129 -7.495233E-06  2.185858E-07
201130 -1.506933E-05 -8.721985E-06
201131 -1.456487E-05  1.524121E-06
201132 -7.955245E-06 -5.660199E-06
201133 -1.755626E-06 -2.061805E-06
201134  1.032692E-05  8.823022E-08
201135  8.371702E-06 -6.403830E-07
201136 -4.060527E-06  4.958014E-06
201137 -9.737856E-06 -7.047377E-06
201138  2.917586E-06  3.994156E-06
201139  9.113981E-06  3.047715E-06
201140 -4.861936E-06 -4.661744E-06
201141 -1.156014E-05  8.847333E-06
201142  8.967755E-06 -9.571852E-06
201143  6.485345E-07  1.852721E-05
201144 -4.416354E-06 -1.662681E-05
201145  5.505809E-06 -1.825930E-05
201146  1.484396E-05  5.982379E-05
201147  3.048187E-05  6.833456E-05
201148  1.274687E-05  3.678198E-05
201149  5.284915E-06 -3.461169E-05
201150 -1.550250E-05  5.031121E-06
201151  2.974065E-07  7.259190E-06
201152  1.105125E-05 -6.568471E-06
201153 -3.629371E-06  4.940065E-07
201154 -2.157399E-06 -7.385631E-06
201155 -1.377791E-05  2.920744E-06
201156  4.449791E-06  2.207658E-06
201157  1.996185E-06  4.297056E-06
201158  7.797523E-06  3.780725E-06
201159  8.908819E-06 -4.805522E-06
201160  2.522493E-06  6.813546E-07
201161  3.215857E-06 -6.439205E-06
201162  1.456545E-07 -4.232638E-06
201163 -3.201571E-06 -2.294857E-06
201164 -1.126741E-06 -7.740882E-06
201165 -5.429998E-06 -4.586563E-06
201166 -6.771625E-06 -1.037156E-06
201167 -1.419767E-06 -4.168461E-06
201168  1.600005E-06 -5.126531E-06
201169  2.748491E-06 -3.201050E-06
201170  6.851782E-06 -1.362728E-06
201171  7.584338E-06 -2.205155E-06
201172  7.274234E-06 -1.706295E-06
201173  4.446093E-06  5.251317E-06
201174 -1.871984E-06  7.168790E-06
201175 -8.760670E-06 -9.407592E-07
201176 -8.530502E-06 -4.082423E-06
201177 -8.546158E-07 -7.130334E-06
201178  5.889684E-06 -2.572064E-06
201179  4.339260E-06  4.879522E-06
201180  1.478285E-06  3.490902E-06
201181 -8.578180E-06 -8.883884E-07
201182  1.495846E-06 -5.631469E-06
201183  1.231062E-06  2.211530E-06
201184  8.472937E-06  4.767700E-06
201185 -9.100183E-06  1.232498E-06
201186 -3.423861E-07 -4.039336E-06
201187  2.527403E-06  8.415040E-07
201188  7.819687E-06  2.570713E-06
201189 -9.739541E-06  2.070881E-06
201190  1.905405E-07 -1.053946E-05
201191  1.581797E-06  5.329271E-06
201192  2.326707E-06  1.546393E-05
201193 -5.877655E-06  1.501726E-05
201194 -1.213585E-05  9.129637E-06
201195 -7.600736E-07 -4.999685E-06
201196  1.247172E-05  2.665940E-06
201197 -1.082293E-06  3.746464E-06
201198  4.451994E-06 -6.432234E-06
201199 -1.297675E-05 -3.935840E-06
201200 -5.598408E-06 -3.501817E-06
201201 -1.005584E-05 -4.446183E-07
201202 -1.226885E-05 -1.210588E-05
201203 -1.454054E-05 -4.828521E-06
201204 -3.393690E-06 -8.128061E-06
201205  3.987516E-06 -3.033185E-06
201206  1.244200E-05  4.577052E-06
201207  5.481709E-06  1.991220E-06
201208 -9.926267E-06  1.317818E-06
201209 -6.165015E-06 -7.748296E-06
201210  6.512744E-06  4.892006E-06
201211  6.403483E-06  5.624713E-06
201212 -5.949531E-06 -8.344629E-06
201213 -1.348242E-05  6.016311E-06
201214  1.325827E-05 -3.029007E-06
201215 -1.864344E-06  1.142174E-05
201216 -7.159831E-06 -1.016581E-05
201217  1.010500E-05 -1.982743E-05
201218  4.252280E-06  3.993643E-05
201219  7.367378E-06  5.294960E-05
201220  1.855245E-06  1.499090E-05
201221  8.469442E-06 -2.676587E-05
201222 -1.454608E-05  7.080688E-06
201223  6.362327E-06  3.468807E-06
201224  6.726831E-06 -3.767667E-06
