Mesh2HRTF 0.1.2
    1
    1  1225
200000 -1.092887E-05 -3.556619E-05
200001 -1.729583E-06  9.975286E-06
200002 -1.778902E-06  9.827513E-06
200003 -1.925703E-06  9.384611E-06
200004 -2.169593E-06  8.643533E-06
200005 -2.509654E-06  7.599782E-06
200006 -2.944048E-06  6.248424E-06
200007 -3.469464E-06  4.585460E-06
200008 -4.080458E-06  2.609503E-06
200009 -4.768713E-06  3.236835E-07
200010 -5.522288E-06 -2.262300E-06
200011 -6.324955E-06 -5.130118E-06
200012 -7.155722E-06 -8.250868E-06
200013 -7.988670E-06 -1.158346E-05
200014 -8.793212E-06 -1.507349E-05
200015 -9.534868E-06 -1.865292E-05
200016 -1.017661E-05 -2.224069E-05
200017 -1.068073E-05 -2.574455E-05
200018 -1.101121E-05 -2.906416E-05
200019 -1.113629E-05 -3.209562E-05
200020 -1.103115E-05 -3.473707E-05
200021 -1.068035E-05 -3.689520E-05
200022 -1.007968E-05 -3.849215E-05
200023 -9.237303E-06 -3.947208E-05
200024 -8.173860E-06 -3.980673E-05
200025 -6.921614E-06 -3.949932E-05
200026 -5.522575E-06 -3.858616E-05
200027 -4.025852E-06 -3.713571E-05
200028 -2.484529E-06 -3.524497E-05
200029 -9.523948E-07 -3.303376E-05
200030  5.190828E-07 -3.063712E-05
200031  1.883243E-06 -2.819699E-05
200032  3.099951E-06 -2.585374E-05
200033  4.136477E-06 -2.373835E-05
200034  4.967584E-06 -2.196587E-05
200035  5.575023E-06 -2.063035E-05
200036  5.946682E-06 -1.980118E-05
200037  6.075701E-06 -1.952086E-05
200038  5.959820E-06 -1.980370E-05
200039  5.601130E-06 -2.063552E-05
200040  5.006307E-06 -2.197394E-05
200041  4.187265E-06 -2.374963E-05
200042  3.162034E-06 -2.586859E-05
200043  1.955612E-06 -2.821578E-05
200044  6.004825E-07 -3.066014E-05
200045 -8.634598E-07 -3.306122E-05
200046 -2.389769E-06 -3.527698E-05
200047 -3.927149E-06 -3.717219E-05
200048 -5.421915E-06 -3.862692E-05
200049 -6.821012E-06 -3.954397E-05
200050 -8.075271E-06 -3.985476E-05
200051 -9.142536E-06 -3.952283E-05
200052 -9.990320E-06 -3.854486E-05
200053 -1.059768E-05 -3.694901E-05
200054 -1.095611E-05 -3.479104E-05
200055 -1.106945E-05 -3.214878E-05
200056 -1.095280E-05 -2.911552E-05
200057 -1.063062E-05 -2.579314E-05
200058 -1.013437E-05 -2.228564E-05
200059 -9.499851E-06 -1.869343E-05
200060 -8.764605E-06 -1.510893E-05
200061 -7.965573E-06 -1.161338E-05
200062 -7.137216E-06 -8.275051E-06
200063 -6.310167E-06 -5.148589E-06
200064 -5.510440E-06 -2.275344E-06
200065 -4.759153E-06  3.155390E-07
200066 -4.072680E-06  2.605514E-06
200067 -3.463105E-06  4.584720E-06
200068 -2.938877E-06  6.249930E-06
200069 -2.505546E-06  7.602515E-06
200070 -2.166500E-06  8.646545E-06
200071 -1.923625E-06  9.387103E-06
200072 -1.777856E-06  9.828910E-06
200073  7.423796E-06  2.519119E-05
200074  7.417752E-06  2.522915E-05
200075  7.408482E-06  2.535927E-05
200076  7.387575E-06  2.554619E-05
200077  7.339492E-06  2.573191E-05
200078  7.240275E-06  2.583847E-05
200079  7.056540E-06  2.577152E-05
200080  6.745449E-06  2.542441E-05
200081  6.256460E-06  2.468266E-05
200082  5.535566E-06  2.342873E-05
200083  4.532414E-06  2.154765E-05
200084  3.210151E-06  1.893431E-05
200085  1.557074E-06  1.550354E-05
200086 -4.016119E-07  1.120410E-05
200087 -2.594325E-06  6.036838E-06
200088 -4.898521E-06  7.595998E-08
200089 -7.143358E-06 -6.509779E-06
200090 -9.121022E-06 -1.344083E-05
200091 -1.060673E-05 -2.032196E-05
200092 -1.138564E-05 -2.665483E-05
200093 -1.128330E-05 -3.187241E-05
200094 -1.019474E-05 -3.539544E-05
200095 -8.106955E-06 -3.670600E-05
200096 -5.109904E-06 -3.542774E-05
200097 -1.392517E-06 -3.139780E-05
200098  2.777052E-06 -2.471443E-05
200099  7.084872E-06 -1.574668E-05
200100  1.121332E-05 -5.099399E-06
200101  1.488464E-05  6.463585E-06
200102  1.789814E-05  1.812461E-05
200103  2.015393E-05  2.912423E-05
200104  2.165903E-05  3.885548E-05
200105  2.251454E-05  4.691920E-05
200106  2.288682E-05  5.312897E-05
200107  2.296826E-05  5.746807E-05
200108  2.293519E-05  6.001392E-05
200109  2.291076E-05  6.085533E-05
200110  2.293965E-05  6.002906E-05
200111  2.297897E-05  5.749634E-05
200112  2.290699E-05  5.316667E-05
200113  2.254825E-05  4.696147E-05
200114  2.171046E-05  3.889700E-05
200115  2.022656E-05  2.915988E-05
200116  1.799398E-05  1.815007E-05
200117  1.500376E-05  6.475744E-06
200118  1.135355E-05 -5.102309E-06
200119  7.241945E-06 -1.576513E-05
200120  2.944937E-06 -2.474779E-05
200121 -1.220977E-06 -3.144469E-05
200122 -4.942234E-06 -3.548632E-05
200123 -7.950268E-06 -3.677425E-05
200124 -1.005504E-05 -3.547129E-05
200125 -1.116494E-05 -3.195379E-05
200126 -1.129102E-05 -2.673958E-05
200127 -1.053617E-05 -2.040772E-05
200128 -9.072952E-06 -1.352491E-05
200129 -7.114586E-06 -6.589093E-06
200130 -4.884699E-06  4.877164E-09
200131 -2.590469E-06  5.977683E-06
200132 -4.026407E-07  1.116053E-05
200133  1.555836E-06  1.547882E-05
200134  3.212546E-06  1.893089E-05
200135  4.541145E-06  2.156673E-05
200136  5.552017E-06  2.346991E-05
200137  6.280662E-06  2.474371E-05
200138  6.776187E-06  2.550121E-05
200139  7.091570E-06  2.585820E-05
200140  7.276644E-06  2.592789E-05
200141  7.373907E-06  2.581623E-05
200142  7.416801E-06  2.561769E-05
200143  7.429708E-06  2.541117E-05
200144  7.428911E-06  2.525644E-05
200145  3.939937E-07 -4.355565E-06
200146  4.289711E-07 -4.096133E-06
200147  5.805302E-07 -3.256313E-06
200148  8.706808E-07 -1.875486E-06
200149  1.330495E-06 -2.108172E-08
200150  1.992123E-06  2.215444E-06
200151  2.876402E-06  4.726493E-06
200152  3.976279E-06  7.398811E-06
200153  5.238259E-06  1.012253E-05
200154  6.546804E-06  1.279277E-05
200155  7.718757E-06  1.529855E-05
200156  8.514948E-06  1.749777E-05
200157  8.673163E-06  1.918464E-05
200158  7.960716E-06  2.006366E-05
200159  6.237895E-06  1.974986E-05
200160  3.517922E-06  1.781343E-05
200161  7.060685E-09  1.387729E-05
200162 -3.889203E-06  7.758908E-06
200163 -7.602037E-06 -3.726601E-07
200164 -1.047721E-05 -9.870300E-06
200165 -1.188638E-05 -1.956575E-05
200166 -1.135463E-05 -2.785405E-05
200167 -8.680390E-06 -3.292415E-05
200168 -4.020225E-06 -3.311475E-05
200169  2.087429E-06 -2.732906E-05
200170  8.776230E-06 -1.540527E-05
200171  1.498419E-05  1.675019E-06
200172  1.964422E-05  2.183684E-05
200173  2.189450E-05  4.225799E-05
200174  2.126041E-05  5.996285E-05
200175  1.776397E-05  7.252735E-05
200176  1.193365E-05  7.870010E-05
200177  4.712968E-06  7.874269E-05
200178 -2.709390E-06  7.435892E-05
200179 -9.109656E-06  6.820233E-05
200180 -1.343712E-05  6.308847E-05
200181 -1.498533E-05  6.114375E-05
200182 -1.350298E-05  6.315488E-05
200183 -9.232484E-06  6.832649E-05
200184 -2.872657E-06  7.452523E-05
200185  4.531085E-06  7.893150E-05
200186  1.175713E-05  7.889122E-05
200187  1.761552E-05  7.270314E-05
200188  2.115818E-05  6.011046E-05
200189  2.184967E-05  4.237036E-05
200190  1.965976E-05  2.191248E-05
200191  1.505496E-05  1.716918E-06
200192  8.890500E-06 -1.539128E-05
200193  2.229217E-06 -2.733609E-05
200194 -3.868345E-06 -3.313639E-05
200195 -8.534639E-06 -3.295554E-05
200196 -1.122793E-05 -2.789232E-05
200197 -1.178708E-05 -1.960982E-05
200198 -1.040860E-05 -9.920143E-06
200199 -7.562643E-06 -4.282816E-07
200200 -3.873547E-06  7.698466E-06
200201  7.323987E-09  1.381466E-05
200202  3.512717E-06  1.775319E-05
200203  6.237404E-06  1.969839E-05
200204  7.974146E-06  2.002865E-05
200205  8.707707E-06  1.917434E-05
200206  8.575031E-06  1.752005E-05
200207  7.805631E-06  1.535983E-05
200208  6.658504E-06  1.289681E-05
200209  5.369901E-06  1.026913E-05
200210  4.120636E-06  7.582826E-06
200211  3.024661E-06  4.937293E-06
200212  2.134739E-06  2.437295E-06
200213  1.458048E-06  1.923592E-07
200214  9.746532E-07 -1.691333E-06
200215  6.539623E-07 -3.120843E-06
200216  4.669542E-07 -4.024320E-06
200217 -5.152828E-06 -1.999971E-05
200218 -5.232654E-06 -1.990588E-05
200219 -5.424384E-06 -1.950845E-05
200220 -5.704827E-06 -1.878071E-05
200221 -6.021030E-06 -1.771605E-05
200222 -6.272692E-06 -1.635434E-05
200223 -6.299574E-06 -1.478539E-05
200224 -5.889868E-06 -1.311656E-05
200225 -4.824260E-06 -1.140845E-05
200226 -2.956739E-06 -9.602462E-06
200227 -3.105603E-07 -7.480410E-06
200228  2.851353E-06 -4.697648E-06
200229  6.023908E-06 -9.112013E-07
200230  8.545679E-06  4.016344E-06
200231  9.757725E-06  9.802702E-06
200232  9.189151E-06  1.561641E-05
200233  6.713245E-06  2.012099E-05
200234  2.631090E-06  2.173689E-05
200235 -2.336425E-06  1.909531E-05
200236 -7.147334E-06  1.158385E-05
200237 -1.061788E-05 -1.729895E-07
200238 -1.166728E-05 -1.408023E-05
200239 -9.600447E-06 -2.674505E-05
200240 -4.376876E-06 -3.413533E-05
200241  3.213856E-06 -3.266413E-05
200242  1.155706E-05 -2.046576E-05
200243  1.845461E-05  1.525111E-06
200244  2.158683E-05  2.913650E-05
200245  1.908880E-05  5.550480E-05
200246  1.007085E-05  7.266481E-05
200247 -5.087087E-06  7.386089E-05
200248 -2.476549E-05  5.590219E-05
200249 -4.644103E-05  2.072670E-05
200250 -6.720450E-05 -2.451290E-05
200251 -8.429367E-05 -6.907614E-05
200252 -9.550754E-05 -1.015961E-04
200253 -9.945268E-05 -1.134600E-04
200254 -9.565070E-05 -1.014689E-04
200255 -8.456526E-05 -6.884227E-05
200256 -6.757637E-05 -2.420799E-05
200257 -4.687430E-05  2.106081E-05
200258 -2.521517E-05  5.622679E-05
200259 -5.508113E-06  7.414716E-05
200260  9.716922E-06  7.289680E-05
200261  1.882797E-05  5.567864E-05
200262  2.142926E-05  2.925738E-05
200263  1.839453E-05  1.603619E-06
200264  1.157599E-05 -2.041682E-05
200265  3.286033E-06 -3.263219E-05
200266 -4.278469E-06 -3.410992E-05
200267 -9.499023E-06 -2.671930E-05
200268 -1.157917E-05 -1.405158E-05
200269 -1.055158E-05 -1.429310E-07
200270 -7.104111E-06  1.161130E-05
200271 -2.311815E-06  1.911582E-05
200272  2.645654E-06  2.174796E-05
200273  6.728822E-06  2.012292E-05
200274  9.217706E-06  1.561209E-05
200275  9.810483E-06  9.796670E-06
200276  8.631446E-06  4.013985E-06
200277  6.147621E-06 -9.036819E-07
200278  3.013161E-06 -4.672582E-06
200279 -1.154346E-07 -7.428231E-06
200280 -2.737308E-06 -9.512525E-06
200281 -4.592435E-06 -1.127159E-05
200282 -5.658775E-06 -1.292892E-05
200283 -6.081896E-06 -1.455199E-05
200284 -6.079296E-06 -1.609100E-05
200285 -5.860094E-06 -1.744835E-05
200286 -5.581586E-06 -1.854011E-05
200287 -5.341524E-06 -1.932646E-05
200288 -5.191138E-06 -1.980784E-05
200289  5.208248E-07 -2.128434E-06
200290  4.887447E-07 -2.425019E-06
200291  3.517847E-07 -3.133731E-06
200292 -8.018224E-11 -4.010388E-06
200293 -7.327933E-07 -4.789567E-06
200294 -2.005511E-06 -5.326212E-06
200295 -3.849780E-06 -5.696689E-06
200296 -6.037392E-06 -6.207687E-06
200297 -8.030604E-06 -7.281802E-06
200298 -9.097127E-06 -9.226589E-06
200299 -8.587446E-06 -1.195614E-05
200300 -6.257636E-06 -1.479916E-05
200301 -2.461217E-06 -1.654181E-05
200302  1.912123E-06 -1.577500E-05
200303  5.730730E-06 -1.146581E-05
200304  7.998093E-06 -3.536295E-06
200305  8.138756E-06  6.801752E-06
200306  6.107287E-06  1.712447E-05
200307  2.354374E-06  2.431539E-05
200308 -2.260340E-06  2.543395E-05
200309 -6.560682E-06  1.875686E-05
200310 -9.193229E-06  4.738732E-06
200311 -8.903732E-06 -1.344674E-05
200312 -4.987228E-06 -3.016270E-05
200313  2.194824E-06 -3.862303E-05
200314  1.088004E-05 -3.318747E-05
200315  1.802987E-05 -1.206364E-05
200316  2.003742E-05  2.060243E-05
200317  1.385715E-05  5.438328E-05
200318 -1.870137E-06  7.470420E-05
200319 -2.619781E-05  6.728406E-05
200320 -5.606338E-05  2.362120E-05
200321 -8.720841E-05 -5.452424E-05
200322 -1.153916E-04 -1.537121E-04
200323 -1.373427E-04 -2.515875E-04
200324 -1.511050E-04 -3.233235E-04
200325 -1.558054E-04 -3.496059E-04
200326 -1.512209E-04 -3.231715E-04
200327 -1.375707E-04 -2.513194E-04
200328 -1.157201E-04 -1.533858E-04
200329 -8.761401E-05 -5.419940E-05
200330 -5.650932E-05  2.390167E-05
200331 -2.663807E-05  6.750266E-05
200332 -2.258393E-06  7.486567E-05
200333  1.355672E-05  5.450382E-05
200334  1.984194E-05  2.069815E-05
200335  1.793539E-05 -1.198294E-05
200336  1.086574E-05 -3.311786E-05
200337  2.231618E-06 -3.856218E-05
200338 -4.927367E-06 -3.010648E-05
200339 -8.841245E-06 -1.338962E-05
200340 -9.138920E-06  4.800623E-06
200341 -6.517487E-06  1.882295E-05
200342 -2.226606E-06  2.549967E-05
200343  2.382448E-06  2.437560E-05
200344  6.135041E-06  1.717725E-05
200345  8.173571E-06  6.849304E-06
200346  8.049516E-06 -3.490339E-06
200347  5.809148E-06 -1.142072E-05
200348  2.026078E-06 -1.573530E-05
200349 -2.308053E-06 -1.651523E-05
200350 -6.068517E-06 -1.479063E-05
200351 -8.372777E-06 -1.196145E-05
200352 -8.872747E-06 -9.230134E-06
200353 -7.814730E-06 -7.260693E-06
200354 -5.847158E-06 -6.140912E-06
200355 -3.698132E-06 -5.574823E-06
200356 -1.898877E-06 -5.156841E-06
200357 -6.698404E-07 -4.596023E-06
200358  2.791902E-08 -3.824956E-06
200359  3.583926E-07 -2.988839E-06
200360  4.877174E-07 -2.345833E-06
200361  3.917867E-06  1.499853E-05
200362  4.159421E-06  1.441336E-05
200363  4.820472E-06  1.287814E-05
200364  5.827038E-06  1.091987E-05
200365  6.869749E-06  9.178903E-06
200366  7.331807E-06  8.172475E-06
200367  6.470626E-06  8.090986E-06
200368  3.842985E-06  8.640130E-06
200369 -2.581706E-07  8.988211E-06
200370 -4.700390E-06  7.953996E-06
200371 -7.940667E-06  4.514373E-06
200372 -8.808964E-06 -1.526357E-06
200373 -7.144505E-06 -9.098967E-06
200374 -3.834462E-06 -1.602690E-05
200375 -2.432079E-07 -1.979663E-05
200376  2.524349E-06 -1.856276E-05
200377  4.009096E-06 -1.190152E-05
200378  4.263569E-06 -1.063829E-06
200379  3.460125E-06  1.121321E-05
200380  1.665750E-06  2.120262E-05
200381 -9.926043E-07  2.501018E-05
200382 -3.924293E-06  1.982446E-05
200383 -5.854386E-06  5.456718E-06
200384 -5.170784E-06 -1.444378E-05
200385 -8.670086E-07 -3.243662E-05
200386  6.370900E-06 -3.931666E-05
200387  1.366458E-05 -2.799210E-05
200388  1.658776E-05  2.060059E-06
200389  1.089962E-05  4.188118E-05
200390 -5.407070E-06  7.373123E-05
200391 -3.086643E-05  7.626145E-05
200392 -6.090563E-05  3.296114E-05
200393 -8.972526E-05 -5.932950E-05
200394 -1.126813E-04 -1.858823E-04
200395 -1.278228E-04 -3.164616E-04
200396 -1.357621E-04 -4.147011E-04
200397 -1.381232E-04 -4.511554E-04
200398 -1.357231E-04 -4.145556E-04
200399 -1.277738E-04 -3.162278E-04
200400 -1.126649E-04 -1.856461E-04
200401 -8.977562E-05 -5.916476E-05
200402 -6.103128E-05  3.302477E-05
200403 -3.104610E-05  7.624567E-05
200404 -5.600067E-06  7.368998E-05
200405  1.073537E-05  4.186782E-05
200406  1.647945E-05  2.100207E-06
200407  1.361718E-05 -2.790777E-05
200408  6.370595E-06 -3.921857E-05
200409 -8.421683E-07 -3.235326E-05
200410 -5.139178E-06 -1.438578E-05
200411 -5.824052E-06  5.496725E-06
200412 -3.893842E-06  1.985981E-05
200413 -9.578651E-07  2.504780E-05
200414  1.704924E-06  2.123977E-05
200415  3.498117E-06  1.124391E-05
200416  4.293264E-06 -1.040176E-06
200417  4.028344E-06 -1.187759E-05
200418  2.539545E-06 -1.852920E-05
200419 -2.188196E-07 -1.975192E-05
200420 -3.786409E-06 -1.598315E-05
200421 -7.063385E-06 -9.078059E-06
200422 -8.694612E-06 -1.547296E-06
200423 -7.802846E-06  4.449474E-06
200424 -4.556268E-06  7.865478E-06
200425 -1.280548E-07  8.910800E-06
200426  3.939827E-06  8.605193E-06
200427  6.519272E-06  8.110175E-06
200428  7.324901E-06  8.233232E-06
200429  6.811481E-06  9.254084E-06
200430  5.736318E-06  1.098400E-05
200431  4.729081E-06  1.291889E-05
200432  4.102196E-06  1.443141E-05
200433 -1.610811E-06  1.012615E-05
200434 -1.507228E-06  9.556185E-06
200435 -1.029598E-06  7.993172E-06
200436  4.045460E-07  6.007381E-06
200437  3.125097E-06  4.240399E-06
200438  6.662918E-06  3.294332E-06
200439  9.652141E-06  3.762606E-06
200440  1.042156E-05  6.065318E-06
200441  8.082900E-06  9.949519E-06
200442  3.381208E-06  1.406417E-05
200443 -1.531155E-06  1.624059E-05
200444 -4.468560E-06  1.459702E-05
200445 -4.697801E-06  8.758590E-06
200446 -3.252439E-06  2.218442E-07
200447 -1.832774E-06 -8.423084E-06
200448 -1.343387E-06 -1.471684E-05
200449 -1.349898E-06 -1.705633E-05
200450 -7.876180E-07 -1.469949E-05
200451  8.330918E-07 -7.664582E-06
200452  2.776181E-06  2.879096E-06
200453  3.505548E-06  1.398496E-05
200454  1.900614E-06  2.105622E-05
200455 -1.592415E-06  1.948235E-05
200456 -4.777759E-06  7.421100E-06
200457 -4.869354E-06 -1.179172E-05
200458 -4.780152E-07 -2.944381E-05
200459  6.805460E-06 -3.447868E-05
200460  1.246129E-05 -1.912642E-05
200461  1.108293E-05  1.525484E-05
200462 -5.396854E-07  5.543455E-05
200463 -2.115142E-05  7.924994E-05
200464 -4.519562E-05  6.433896E-05
200465 -6.559020E-05 -5.158972E-07
200466 -7.752133E-05 -1.069480E-04
200467 -8.083660E-05 -2.266742E-04
200468 -7.945601E-05 -3.210088E-04
200469 -7.820667E-05 -3.567410E-04
200470 -7.923972E-05 -3.208471E-04
200471 -8.047253E-05 -2.264379E-04
200472 -7.711638E-05 -1.067630E-04
200473 -6.524527E-05 -4.787662E-07
200474 -4.496964E-05  6.420995E-05
200475 -2.104968E-05  7.901961E-05
200476 -5.274307E-07  5.521134E-05
200477  1.105401E-05  1.513116E-05
200478  1.242942E-05 -1.911999E-05
200479  6.787851E-06 -3.438010E-05
200480 -4.828328E-07 -2.932627E-05
200481 -4.871073E-06 -1.171551E-05
200482 -4.782244E-06  7.438658E-06
200483 -1.594653E-06  1.946239E-05
200484  1.913711E-06  2.103024E-05
200485  3.543580E-06  1.396912E-05
200486  2.834039E-06  2.869086E-06
200487  8.905909E-07 -7.680505E-06
200488 -7.537727E-07 -1.472526E-05
200489 -1.351462E-06 -1.708367E-05
200490 -1.374451E-06 -1.473297E-05
200491 -1.874769E-06 -8.422925E-06
200492 -3.284341E-06  2.282490E-07
200493 -4.704603E-06  8.749623E-06
200494 -4.445134E-06  1.455416E-05
200495 -1.481863E-06  1.616585E-05
200496  3.445773E-06  1.398611E-05
200497  8.149734E-06  9.908350E-06
200498  1.047671E-05  6.084177E-06
200499  9.679248E-06  3.826134E-06
200500  6.643419E-06  3.353838E-06
200501  3.046692E-06  4.245487E-06
200502  2.765767E-07  5.942627E-06
200503 -1.167375E-06  7.892402E-06
200504 -1.597476E-06  9.481725E-06
200505 -4.615178E-06 -2.884226E-06
200506 -5.368427E-06 -3.146305E-06
200507 -7.149713E-06 -3.894569E-06
200508 -8.442136E-06 -4.729420E-06
200509 -7.606487E-06 -5.659248E-06
200510 -3.876207E-06 -6.910602E-06
200511  1.839695E-06 -8.055237E-06
200512  6.992938E-06 -7.654073E-06
200513  8.853001E-06 -4.227576E-06
200514  6.701821E-06  2.162869E-06
200515  2.679111E-06  9.346105E-06
200516 -1.070019E-08  1.429207E-05
200517  4.538579E-09  1.517243E-05
200518  1.241147E-06  1.231007E-05
200519  1.195531E-06  7.231265E-06
200520 -1.024006E-06  1.090029E-06
200521 -3.880196E-06 -5.661259E-06
200522 -4.879932E-06 -1.209718E-05
200523 -2.737408E-06 -1.582003E-05
200524  1.532966E-06 -1.381097E-05
200525  5.199978E-06 -4.888874E-06
200526  5.576332E-06  8.238405E-06
200527  1.899262E-06  1.929405E-05
200528 -3.824235E-06  2.142947E-05
200529 -7.724738E-06  1.139065E-05
200530 -6.449579E-06 -7.492204E-06
200531  3.223023E-07 -2.550169E-05
200532  8.928843E-06 -3.063009E-05
200533  1.332411E-05 -1.528700E-05
200534  8.655070E-06  1.766481E-05
200535 -5.329499E-06  5.347270E-05
200536 -2.353466E-05  7.086534E-05
200537 -3.836028E-05  5.277597E-05
200538 -4.442375E-05 -2.788693E-06
200539 -4.188004E-05 -7.838895E-05
200540 -3.594142E-05 -1.434056E-04
200541 -3.292618E-05 -1.689291E-04
200542 -3.564550E-05 -1.431906E-04
200543 -4.138013E-05 -7.807604E-05
200544 -4.386215E-05 -2.543338E-06
200545 -3.786947E-05  5.283175E-05
200546 -2.319078E-05  7.071285E-05
200547 -5.140966E-06  5.319671E-05
200548  8.725902E-06  1.740080E-05
200549  1.332723E-05 -1.542819E-05
200550  8.902867E-06 -3.061948E-05
200551  2.882602E-07 -2.539783E-05
200552 -6.484141E-06 -7.392531E-06
200553 -7.759651E-06  1.141685E-05
200554 -3.859351E-06  2.137712E-05
200555  1.872547E-06  1.920602E-05
200556  5.576360E-06  8.160216E-06
200557  5.241563E-06 -4.940658E-06
200558  1.609296E-06 -1.384596E-05
200559 -2.656837E-06 -1.585198E-05
200560 -4.829385E-06 -1.212985E-05
200561 -3.874396E-06 -5.691058E-06
200562 -1.052753E-06  1.066138E-06
200563  1.154291E-06  7.212886E-06
200564  1.205817E-06  1.229379E-05
200565 -1.624863E-08  1.515230E-05
200566 -1.589810E-08  1.426525E-05
200567  2.687531E-06  9.326004E-06
200568  6.723037E-06  2.185830E-06
200569  8.889819E-06 -4.121045E-06
200570  7.048692E-06 -7.459277E-06
200571  1.906965E-06 -7.830930E-06
200572 -3.826491E-06 -6.761094E-06
200573 -7.616727E-06 -5.672644E-06
200574 -8.533567E-06 -4.912056E-06
200575 -7.288122E-06 -4.151393E-06
200576 -5.472564E-06 -3.329538E-06
200577  2.782958E-06 -7.083113E-06
200578  1.257027E-06 -7.026008E-06
200579 -2.896243E-06 -6.687884E-06
200580 -8.096288E-06 -5.539639E-06
200581 -1.209118E-05 -4.469264E-06
200582 -1.250225E-05 -5.361311E-06
200583 -8.230100E-06 -8.868024E-06
200584 -1.184519E-06 -1.302401E-05
200585  4.236292E-06 -1.452181E-05
200586  4.884518E-06 -1.150965E-05
200587  2.114558E-06 -5.174869E-06
200588  2.356045E-07  1.433395E-06
200589  1.621640E-06  6.151119E-06
200590  4.312241E-06  9.108740E-06
200591  4.659671E-06  1.128997E-05
200592  1.437276E-06  1.212129E-05
200593 -3.118923E-06  9.306687E-06
200594 -5.638009E-06  1.488118E-06
200595 -4.373651E-06 -9.113265E-06
200596 -1.894966E-07 -1.706541E-05
200597  4.214620E-06 -1.709850E-05
200598  5.904653E-06 -7.814468E-06
200599  3.400707E-06  6.913688E-06
200600 -2.238770E-06  1.957074E-05
200601 -7.649597E-06  2.266880E-05
200602 -8.882235E-06  1.285640E-05
200603 -3.880837E-06 -6.339076E-06
200604  5.656444E-06 -2.500048E-05
200605  1.448772E-05 -3.133039E-05
200606  1.665179E-05 -1.846229E-05
200607  9.469026E-06  1.032517E-05
200608 -4.279563E-06  4.172820E-05
200609 -1.805033E-05  5.895337E-05
200610 -2.601667E-05  5.186477E-05
200611 -2.684364E-05  2.463163E-05
200612 -2.391946E-05 -5.320326E-06
200613 -2.210705E-05 -1.810435E-05
200614 -2.366437E-05 -5.068659E-06
200615 -2.642404E-05  2.500278E-05
200616 -2.556862E-05  5.217698E-05
200617 -1.769098E-05  5.908412E-05
200618 -4.061434E-06  4.166206E-05
200619  9.560472E-06  1.014124E-05
200620  1.666405E-05 -1.864294E-05
200621  1.446217E-05 -3.141144E-05
200622  5.613125E-06 -2.496335E-05
200623 -3.932949E-06 -6.248023E-06
200624 -8.933069E-06  1.290768E-05
200625 -7.691396E-06  2.262910E-05
200626 -2.272926E-06  1.946079E-05
200627  3.373260E-06  6.792298E-06
200628  5.898682E-06 -7.906675E-06
200629  4.252086E-06 -1.716072E-05
200630 -1.088388E-07 -1.711170E-05
200631 -4.282973E-06 -9.141881E-06
200632 -5.576128E-06  1.491281E-06
200633 -3.096202E-06  9.341227E-06
200634  1.441355E-06  1.216385E-05
200635  4.670418E-06  1.131724E-05
200636  4.337644E-06  9.119884E-06
200637  1.652411E-06  6.161824E-06
200638  2.584649E-07  1.458489E-06
200639  2.123263E-06 -5.118254E-06
200640  4.883902E-06 -1.138606E-05
200641  4.242706E-06 -1.428927E-05
200642 -1.147432E-06 -1.268411E-05
200643 -8.148827E-06 -8.507097E-06
200644 -1.240087E-05 -5.127764E-06
200645 -1.203633E-05 -4.486839E-06
200646 -8.148232E-06 -5.813589E-06
200647 -3.036609E-06 -7.074780E-06
200648  1.134506E-06 -7.302805E-06
200649  1.288088E-05 -3.250612E-06
200650  1.170056E-05 -3.168645E-06
200651  8.027677E-06 -2.202970E-06
200652  1.998862E-06  9.706687E-07
200653 -5.567767E-06  4.859235E-06
200654 -1.177538E-05  5.749188E-06
200655 -1.251159E-05  1.618356E-06
200656 -6.914959E-06 -5.537431E-06
200657  5.493127E-08 -1.150996E-05
200658  2.304661E-06 -1.344384E-05
200659 -3.681214E-07 -1.170549E-05
200660 -2.525110E-06 -8.735091E-06
200661 -3.576724E-07 -6.076497E-06
200662  3.925327E-06 -2.690607E-06
200663  5.602026E-06  3.184368E-06
200664  3.100954E-06  1.058027E-05
200665 -1.076185E-06  1.519777E-05
200666 -3.673122E-06  1.287366E-05
200667 -3.425718E-06  3.534410E-06
200668 -1.080162E-06 -8.235456E-06
200669  1.791830E-06 -1.613362E-05
200670  3.569236E-06 -1.581413E-05
200671  3.033290E-06 -6.952495E-06
200672 -3.584451E-08  6.608666E-06
200673 -4.348687E-06  1.810899E-05
200674 -7.215032E-06  2.057973E-05
200675 -5.687759E-06  1.076439E-05
200676  1.296446E-06 -7.888553E-06
200677  1.112576E-05 -2.592576E-05
200678  1.827090E-05 -3.262036E-05
200679  1.789951E-05 -2.208601E-05
200680  9.401825E-06  2.719449E-06
200681 -3.423332E-06  3.079402E-05
200682 -1.542784E-05  4.948897E-05
200683 -2.342498E-05  5.329018E-05
200684 -2.720689E-05  4.783594E-05
200685 -2.814418E-05  4.424846E-05
200686 -2.704830E-05  4.805989E-05
200687 -2.318049E-05  5.360917E-05
200688 -1.520297E-05  4.974810E-05
200689 -3.297178E-06  3.091196E-05
200690  9.416826E-06  2.706416E-06
200691  1.784989E-05 -2.216679E-05
200692  1.821519E-05 -3.269216E-05
200693  1.108949E-05 -2.593192E-05
200694  1.267325E-06 -7.827781E-06
200695 -5.725386E-06  1.083150E-05
200696 -7.251478E-06  2.057975E-05
200697 -4.364307E-06  1.802197E-05
200698 -3.405012E-08  6.481831E-06
200699  3.032598E-06 -7.057821E-06
200700  3.569050E-06 -1.588184E-05
200701  1.822887E-06 -1.619191E-05
200702 -1.005054E-06 -8.300548E-06
200703 -3.339733E-06  3.496237E-06
200704 -3.620636E-06  1.291282E-05
200705 -1.062301E-06  1.531615E-05
200706  3.111605E-06  1.071988E-05
200707  5.643310E-06  3.287087E-06
200708  3.997868E-06 -2.628611E-06
200709 -2.810491E-07 -6.020480E-06
200710 -2.473238E-06 -8.662198E-06
200711 -3.523784E-07 -1.161179E-05
200712  2.290763E-06 -1.330587E-05
200713  2.861894E-08 -1.127736E-05
200714 -6.925726E-06 -5.193159E-06
200715 -1.247456E-05  1.994951E-06
200716 -1.169066E-05  5.998167E-06
200717 -5.502669E-06  4.837090E-06
200718  1.952324E-06  6.604664E-07
200719  7.864872E-06 -2.646807E-06
200720  1.154825E-05 -3.489584E-06
200721  1.463787E-05 -8.667383E-07
200722  1.494708E-05 -1.099685E-06
200723  1.511776E-05 -1.436497E-07
200724  1.310971E-05  4.646797E-06
200725  6.373449E-06  1.135512E-05
200726 -3.747384E-06  1.458393E-05
200727 -1.039250E-05  1.158955E-05
200728 -8.263033E-06  4.840726E-06
200729 -1.308498E-06 -1.472577E-06
200730  1.591261E-06 -5.244883E-06
200731 -1.839683E-06 -7.016670E-06
200732 -5.242853E-06 -8.559119E-06
200733 -3.291330E-06 -1.061643E-05
200734  1.724729E-06 -1.123493E-05
200735  4.354012E-06 -7.352243E-06
200736  3.042614E-06  1.207319E-06
200737  4.587579E-07  1.028686E-05
200738 -9.377621E-07  1.455972E-05
200739 -1.146421E-06  1.166546E-05
200740 -1.088756E-06  3.357325E-06
200741 -8.242841E-07 -6.263714E-06
200742  1.509119E-07 -1.292783E-05
200743  1.646398E-06 -1.342538E-05
200744  2.366999E-06 -6.653908E-06
200745  8.474884E-07  4.922726E-06
200746 -2.781051E-06  1.513167E-05
200747 -5.739399E-06  1.716294E-05
200748 -4.231482E-06  8.188503E-06
200749  2.828473E-06 -8.332700E-06
200750  1.192948E-05 -2.410146E-05
200751  1.741511E-05 -2.989445E-05
200752  1.567892E-05 -2.065215E-05
200753  7.012408E-06  3.954269E-07
200754 -5.498357E-06  2.285295E-05
200755 -1.791712E-05  3.696680E-05
200756 -2.682205E-05  4.134495E-05
200757 -3.000784E-05  4.164712E-05
200758 -2.674436E-05  4.149090E-05
200759 -1.781143E-05  3.714023E-05
200760 -5.438529E-06  2.294205E-05
200761  6.977336E-06  3.877767E-07
200762  1.556412E-05 -2.070111E-05
200763  1.728949E-05 -2.993601E-05
200764  1.185991E-05 -2.411156E-05
200765  2.826625E-06 -8.298701E-06
200766 -4.210167E-06  8.252181E-06
200767 -5.738363E-06  1.720163E-05
200768 -2.789984E-06  1.509281E-05
200769  8.684240E-07  4.814940E-06
200770  2.418717E-06 -6.764759E-06
200771  1.687181E-06 -1.348577E-05
200772  1.664500E-07 -1.295258E-05
200773 -7.943842E-07 -6.311514E-06
200774 -1.015957E-06  3.267326E-06
200775 -1.066039E-06  1.159832E-05
200776 -9.068592E-07  1.460478E-05
200777  4.341284E-07  1.045477E-05
200778  3.012418E-06  1.412080E-06
200779  4.367453E-06 -7.200325E-06
200780  1.785393E-06 -1.114415E-05
200781 -3.220073E-06 -1.053982E-05
200782 -5.199273E-06 -8.477556E-06
200783 -1.832525E-06 -6.951232E-06
200784  1.575008E-06 -5.188447E-06
200785 -1.341959E-06 -1.360180E-06
200786 -8.310243E-06  5.060141E-06
200787 -1.042311E-05  1.186815E-05
200788 -3.727596E-06  1.478173E-05
200789  6.404715E-06  1.133146E-05
200790  1.304625E-05  4.365391E-06
200791  1.492726E-05 -5.574848E-07
200792  1.476512E-05 -1.405433E-06
200793  6.555647E-06 -4.516327E-06
200794  8.563614E-06 -5.274156E-06
200795  1.368552E-05 -4.692404E-06
200796  1.841052E-05  1.475811E-06
200797  1.640916E-05  1.065831E-05
200798  5.732087E-06  1.553288E-05
200799 -5.434252E-06  1.353988E-05
200800 -7.084553E-06  9.012143E-06
200801 -8.927402E-07  5.991795E-06
200802  2.312048E-06  4.276419E-06
200803 -1.809186E-06  2.165688E-06
200804 -6.409094E-06 -1.395705E-06
200805 -5.053851E-06 -6.585179E-06
200806 -1.238473E-07 -1.149721E-05
200807  2.613858E-06 -1.245466E-05
200808  2.029228E-06 -7.605463E-06
200809  1.032981E-06  7.629252E-07
200810  1.156501E-06  8.272966E-06
200811  9.962501E-07  1.174020E-05
200812 -7.310360E-07  1.023125E-05
200813 -2.859951E-06  4.380698E-06
200814 -2.952315E-06 -3.946476E-06
200815  2.416483E-08 -1.124427E-05
200816  4.241093E-06 -1.308712E-05
200817  5.890878E-06 -7.231437E-06
200818  2.343772E-06  3.596101E-06
200819 -4.591422E-06  1.298445E-05
200820 -9.275083E-06  1.509702E-05
200821 -7.239494E-06  7.785665E-06
200822  7.229637E-07 -6.292368E-06
200823  9.673429E-06 -1.971217E-05
200824  1.448148E-05 -2.357675E-05
200825  1.238770E-05 -1.460581E-05
200826  3.714284E-06  8.813627E-07
200827 -8.219224E-06  1.275655E-05
200828 -1.835519E-05  1.705030E-05
200829 -2.228836E-05  1.748855E-05
200830 -1.831754E-05  1.711858E-05
200831 -8.169444E-06  1.278012E-05
200832  3.725151E-06  7.860507E-07
200833  1.231918E-05 -1.476567E-05
200834  1.435204E-05 -2.370073E-05
200835  9.557541E-06 -1.976473E-05
200836  6.914854E-07 -6.294423E-06
200837 -7.181293E-06  7.816683E-06
200838 -9.193009E-06  1.514133E-05
200839 -4.551315E-06  1.299300E-05
200840  2.354247E-06  3.529876E-06
200841  5.936379E-06 -7.344587E-06
200842  4.333645E-06 -1.317254E-05
200843  1.027916E-07 -1.126043E-05
200844 -2.920813E-06 -3.931711E-06
200845 -2.828088E-06  4.348080E-06
200846 -6.540158E-07  1.012697E-05
200847  1.079880E-06  1.164318E-05
200848  1.171733E-06  8.296045E-06
200849  9.645516E-07  9.283013E-07
200850  1.935999E-06 -7.393948E-06
200851  2.562817E-06 -1.230244E-05
200852 -1.173014E-07 -1.141534E-05
200853 -5.028289E-06 -6.523538E-06
200854 -6.407192E-06 -1.346376E-06
200855 -1.827059E-06  2.158267E-06
200856  2.306834E-06  4.209342E-06
200857 -8.921104E-07  5.944908E-06
200858 -7.124042E-06  9.063134E-06
200859 -5.512676E-06  1.367172E-05
200860  5.679638E-06  1.564347E-05
200861  1.639327E-05  1.063388E-05
200862  1.833013E-05  1.264739E-06
200863  1.348012E-05 -5.017980E-06
200864  8.363892E-06 -5.524234E-06
200865 -4.818879E-06 -1.174858E-05
200866 -1.777617E-06 -1.316715E-05
200867  6.854478E-06 -1.318169E-05
200868  1.749016E-05 -5.651164E-06
200869  2.125054E-05  5.891806E-06
200870  1.258676E-05  1.141149E-05
200871 -7.157322E-07  8.853671E-06
200872 -5.276802E-06  5.955562E-06
200873 -1.538589E-07  7.237410E-06
200874  3.155818E-06  9.372189E-06
200875 -1.131058E-06  8.996496E-06
200876 -6.217335E-06  6.078983E-06
200877 -5.301018E-06  8.516427E-07
200878 -8.788935E-07 -5.910593E-06
200879  1.390034E-06 -1.105469E-05
200880  9.788826E-07 -1.146398E-05
200881  9.966258E-07 -7.093724E-06
200882  2.247964E-06 -2.445355E-07
200883  2.334203E-06  6.506807E-06
200884 -3.414812E-07  1.086199E-05
200885 -3.978431E-06  1.068658E-05
200886 -4.995300E-06  4.924233E-06
200887 -1.404342E-06 -4.501372E-06
200888  5.019275E-06 -1.231802E-05
200889  9.193318E-06 -1.331651E-05
200890  6.444895E-06 -6.659351E-06
200891 -2.700068E-06  3.907456E-06
200892 -1.204370E-05  1.294969E-05
200893 -1.509544E-05  1.527589E-05
200894 -1.025588E-05  8.042430E-06
200895 -7.272158E-07 -5.394053E-06
200896  8.414720E-06 -1.560659E-05
200897  1.247722E-05 -1.539925E-05
200898  9.278800E-06 -7.649747E-06
200899  9.137575E-07 -1.403153E-06
200900 -7.383679E-06 -6.812636E-07
200901 -1.076052E-05 -1.530532E-06
200902 -7.359675E-06 -6.551327E-07
200903  9.637096E-07 -1.465522E-06
200904  9.320503E-06 -7.854754E-06
200905  1.246127E-05 -1.564961E-05
200906  8.344672E-06 -1.577473E-05
200907 -7.832487E-07 -5.460133E-06
200908 -1.022770E-05  8.025949E-06
200909 -1.497906E-05  1.528159E-05
200910 -1.191308E-05  1.296511E-05
200911 -2.633381E-06  3.888864E-06
200912  6.461831E-06 -6.744369E-06
200913  9.246251E-06 -1.342880E-05
200914  5.133185E-06 -1.238192E-05
200915 -1.303663E-06 -4.488937E-06
200916 -4.957048E-06  4.963323E-06
200917 -3.949066E-06  1.067147E-05
200918 -2.608723E-07  1.076408E-05
200919  2.427355E-06  6.397616E-06
200920  2.262393E-06 -2.516922E-07
200921  9.023835E-07 -6.966915E-06
200922  8.349107E-07 -1.129038E-05
200923  1.277895E-06 -1.093656E-05
200924 -9.283456E-07 -5.859860E-06
200925 -5.325388E-06  8.784438E-07
200926 -6.264034E-06  6.075706E-06
200927 -1.179302E-06  8.908010E-06
200928  3.169483E-06  9.199827E-06
200929 -9.078189E-08  7.070475E-06
200930 -5.267497E-06  5.872873E-06
200931 -8.059500E-07  8.848785E-06
200932  1.248137E-05  1.142555E-05
200933  2.119472E-05  5.858687E-06
200934  1.740191E-05 -5.786405E-06
200935  6.650809E-06 -1.340488E-05
200936 -1.980449E-06 -1.335054E-05
200937 -1.313372E-05 -1.810414E-05
200938 -9.853457E-06 -2.031186E-05
200939  7.227099E-09 -2.124419E-05
200940  1.360023E-05 -1.250252E-05
200941  2.138863E-05  1.495711E-06
200942  1.558717E-05  7.177430E-06
200943  2.517295E-06  2.542747E-06
200944 -3.466202E-06 -4.066760E-07
200945  4.563189E-07  4.154933E-06
200946  3.504618E-06  9.717713E-06
200947 -4.910519E-07  1.124893E-05
200948 -5.334156E-06  1.012922E-05
200949 -4.657235E-06  7.007162E-06
200950 -9.426476E-07  9.256091E-07
200951  6.904933E-07 -6.246163E-06
200952  2.297258E-07 -1.079709E-05
200953  7.376543E-07 -1.085180E-05
200954  2.563540E-06 -6.716153E-06
200955  2.913518E-06  2.518076E-07
200956  5.063293E-08  7.674919E-06
200957 -4.156568E-06  1.211055E-05
200958 -5.836518E-06  1.036338E-05
200959 -2.469543E-06  2.254930E-06
200960  4.635959E-06 -7.786349E-06
200961  1.023587E-05 -1.363782E-05
200962  8.705983E-06 -1.224369E-05
200963 -5.805068E-07 -4.475616E-06
200964 -1.199737E-05  6.445482E-06
200965 -1.861615E-05  1.477844E-05
200966 -1.731306E-05  1.407211E-05
200967 -9.285258E-06  3.931276E-06
200968  1.384084E-06 -7.169721E-06
200969  9.122201E-06 -1.047874E-05
200970  1.014098E-05 -7.049336E-06
200971  5.639803E-06 -4.892228E-06
200972  3.190034E-07 -7.243361E-06
200973 -1.885393E-06 -9.264211E-06
200974  3.322875E-07 -7.222994E-06
200975  5.700995E-06 -4.968064E-06
200976  1.023220E-05 -7.269900E-06
200977  9.177666E-06 -1.073187E-05
200978  1.387032E-06 -7.323262E-06
200979 -9.275107E-06  3.878572E-06
200980 -1.722976E-05  1.404879E-05
200981 -1.845824E-05  1.476198E-05
200982 -1.183857E-05  6.438692E-06
200983 -5.002084E-07 -4.511335E-06
200984  8.723031E-06 -1.233782E-05
200985  1.028567E-05 -1.374380E-05
200986  4.752531E-06 -7.832123E-06
200987 -2.365457E-06  2.281992E-06
200988 -5.803223E-06  1.041086E-05
200989 -4.137354E-06  1.211060E-05
200990  1.278012E-07  7.600290E-06
200991  3.015048E-06  1.533605E-07
200992  2.589375E-06 -6.744073E-06
200993  6.419776E-07 -1.077308E-05
200994  6.294979E-08 -1.067787E-05
200995  5.425017E-07 -6.171294E-06
200996 -1.025464E-06  9.448704E-07
200997 -4.710627E-06  6.999397E-06
200998 -5.413532E-06  1.007342E-05
200999 -5.629513E-07  1.109473E-05
201000  3.536378E-06  9.486900E-06
201001  5.837394E-07  3.939297E-06
201002 -3.391763E-06 -5.566491E-07
201003  2.445746E-06  2.438022E-06
201004  1.545790E-05  7.101097E-06
201005  2.130797E-05  1.442016E-06
201006  1.351127E-05 -1.258062E-05
201007 -1.836271E-07 -2.138307E-05
201008 -1.004763E-05 -2.043968E-05
201009 -1.652325E-05 -2.122534E-05
201010 -1.333034E-05 -2.426192E-05
201011 -3.693112E-06 -2.640309E-05
201012  9.881610E-06 -1.687742E-05
201013  1.866822E-05 -5.261775E-07
201014  1.510720E-05  5.353112E-06
201015  4.126872E-06 -1.899881E-06
201016 -1.586825E-06 -6.194334E-06
201017  1.141885E-06  4.467651E-08
201018  3.450568E-06  7.618283E-06
201019 -2.062476E-08  1.017782E-05
201020 -4.177477E-06  1.069540E-05
201021 -3.756084E-06  1.023514E-05
201022 -9.154844E-07  6.069297E-06
201023  1.568988E-07 -1.318856E-06
201024 -2.946226E-07 -8.058792E-06
201025  4.183228E-07 -1.124608E-05
201026  2.417251E-06 -9.930186E-06
201027  3.023932E-06 -4.374832E-06
201028  5.117894E-07  3.655810E-06
201029 -3.582516E-06  1.060708E-05
201030 -5.694022E-06  1.223174E-05
201031 -3.123000E-06  6.671812E-06
201032  3.456855E-06 -2.981387E-06
201033  9.407565E-06 -1.095467E-05
201034  9.144739E-06 -1.346461E-05
201035  1.265256E-06 -9.480070E-06
201036 -9.851271E-06  1.171391E-07
201037 -1.801045E-05  1.038371E-05
201038 -1.942263E-05  1.332053E-05
201039 -1.360273E-05  6.343594E-06
201040 -3.526261E-06 -3.123962E-06
201041  4.987055E-06 -6.319275E-06
201042  7.624242E-06 -3.934233E-06
201043  5.555037E-06 -3.372762E-06
201044  2.890318E-06 -7.075383E-06
201045  1.895502E-06 -9.607645E-06
201046  2.883544E-06 -7.043152E-06
201047  5.611983E-06 -3.419310E-06
201048  7.744526E-06 -4.107425E-06
201049  5.088572E-06 -6.513230E-06
201050 -3.476310E-06 -3.218664E-06
201051 -1.354730E-05  6.331982E-06
201052 -1.930140E-05  1.331096E-05
201053 -1.783049E-05  1.036337E-05
201054 -9.683936E-06  1.044153E-07
201055  1.349186E-06 -9.518716E-06
201056  9.161930E-06 -1.355631E-05
201057  9.450983E-06 -1.104687E-05
201058  3.562114E-06 -3.007548E-06
201059 -3.031237E-06  6.707413E-06
201060 -5.673747E-06  1.227680E-05
201061 -3.577555E-06  1.061611E-05
201062  5.787755E-07  3.611299E-06
201063  3.128212E-06 -4.444852E-06
201064  2.459114E-06 -9.961242E-06
201065  3.385042E-07 -1.120557E-05
201066 -4.600366E-07 -7.989225E-06
201067 -2.229076E-09 -1.280279E-06
201068 -1.007637E-06  6.068584E-06
201069 -3.813082E-06  1.020442E-05
201070 -4.264408E-06  1.059784E-05
201071 -1.014358E-07  9.978891E-06
201072  3.494666E-06  7.372981E-06
201073  1.314899E-06 -1.574638E-07
201074 -1.453781E-06 -6.352234E-06
201075  4.093949E-06 -2.065163E-06
201076  1.498417E-05  5.201412E-06
201077  1.857908E-05 -6.080196E-07
201078  9.794901E-06 -1.692352E-05
201079 -3.865915E-06 -2.648804E-05
201080 -1.350721E-05 -2.435423E-05
201081 -1.644018E-05 -2.151510E-05
201082 -1.312301E-05 -2.518548E-05
201083 -3.865881E-06 -2.840752E-05
201084  7.836972E-06 -1.855862E-05
201085  1.468261E-05 -4.570783E-07
201086  1.200875E-05  5.687447E-06
201087  4.329024E-06 -3.717863E-06
201088  4.455860E-07 -9.600243E-06
201089  2.128773E-06 -2.920077E-06
201090  3.285375E-06  5.262385E-06
201091  4.122872E-07  7.898791E-06
201092 -2.898879E-06  9.398132E-06
201093 -2.927029E-06  1.108407E-05
201094 -1.121092E-06  8.789682E-06
201095 -4.554307E-07  1.996839E-06
201096 -7.399014E-07 -5.374952E-06
201097  6.255981E-08 -1.005078E-05
201098  2.023645E-06 -1.063248E-05
201099  2.906770E-06 -6.737488E-06
201100  1.059063E-06  6.171905E-07
201101 -2.537142E-06  8.337976E-06
201102 -4.907134E-06  1.190133E-05
201103 -3.378523E-06  8.499324E-06
201104  1.973334E-06  2.179720E-07
201105  7.462682E-06 -7.856452E-06
201106  8.222825E-06 -1.216617E-05
201107  2.504673E-06 -1.098967E-05
201108 -6.773701E-06 -3.718415E-06
201109 -1.471255E-05  5.754497E-06
201110 -1.743643E-05  9.368326E-06
201111 -1.341984E-05  4.012873E-06
201112 -5.007270E-06 -3.483689E-06
201113  1.994343E-06 -5.164856E-06
201114  3.734595E-06 -2.209817E-06
201115  2.266040E-06 -1.609160E-06
201116  1.338352E-06 -5.198415E-06
201117  1.299744E-06 -7.613005E-06
201118  1.303142E-06 -5.154819E-06
201119  2.300013E-06 -1.616814E-06
201120  3.854013E-06 -2.314000E-06
201121  2.104052E-06 -5.277719E-06
201122 -4.948219E-06 -3.504831E-06
201123 -1.334893E-05  4.056340E-06
201124 -1.729796E-05  9.392190E-06
201125 -1.452829E-05  5.751258E-06
201126 -6.614576E-06 -3.720741E-06
201127  2.583520E-06 -1.101878E-05
201128  8.241506E-06 -1.224501E-05
201129  7.499734E-06 -7.927560E-06
201130  2.057606E-06  2.148936E-07
201131 -3.310498E-06  8.543114E-06
201132 -4.902965E-06  1.193917E-05
201133 -2.544695E-06  8.349287E-06
201134  1.113496E-06  6.017195E-07
201135  3.007323E-06 -6.769169E-06
201136  2.078658E-06 -1.064897E-05
201137  4.480572E-09 -1.003092E-05
201138 -8.910789E-07 -5.341789E-06
201139 -6.109741E-07  2.010429E-06
201140 -1.208186E-06  8.782091E-06
201141 -2.969676E-06  1.104489E-05
201142 -2.969447E-06  9.273075E-06
201143  3.409289E-07  7.673048E-06
201144  3.336400E-06  5.030346E-06
201145  2.321203E-06 -3.072153E-06
201146  6.201355E-07 -9.727807E-06
201147  4.347361E-06 -3.910050E-06
201148  1.191891E-05  5.482060E-06
201149  1.459952E-05 -5.666434E-07
201150  7.753058E-06 -1.859396E-05
201151 -4.018051E-06 -2.846736E-05
201152 -1.327562E-05 -2.526127E-05
201153 -1.481354E-05 -2.076596E-05
201154 -1.092111E-05 -2.456621E-05
201155 -1.466140E-06 -2.806023E-05
201156  7.577530E-06 -1.808885E-05
201157  1.035799E-05  6.130742E-07
201158  7.222892E-06  6.704663E-06
201159  3.462163E-06 -3.761996E-06
201160  2.556124E-06 -1.046559E-05
201161  3.428217E-06 -3.965049E-06
201162  3.201273E-06  3.806650E-06
201163  9.200949E-07  5.926786E-06
201164 -1.572246E-06  7.809835E-06
201165 -2.286630E-06  1.071332E-05
201166 -1.620497E-06  9.528025E-06
201167 -1.198442E-06  3.328299E-06
201168 -1.168036E-06 -3.830182E-06
201169 -3.194970E-07 -8.699070E-06
201170  1.509301E-06 -1.003068E-05
201171  2.694926E-06 -7.261091E-06
201172  1.653819E-06 -8.418374E-07
201173 -1.276656E-06  6.654994E-06
201174 -3.772497E-06  1.078005E-05
201175 -3.286190E-06  8.434896E-06
201176  5.521016E-07  1.359294E-06
201177  5.054487E-06 -5.793754E-06
201178  6.447969E-06 -1.005146E-05
201179  3.014485E-06 -9.984628E-06
201180 -3.694159E-06 -4.636391E-06
201181 -1.016153E-05  2.813069E-06
201182 -1.274835E-05  5.120824E-06
201183 -9.629271E-06 -1.341395E-07
201184 -3.219607E-06 -6.310283E-06
201185  7.960511E-07 -6.620988E-06
201186 -1.697632E-07 -2.958074E-06
201187 -2.523430E-06 -1.740585E-06
201188 -2.661682E-06 -4.356680E-06
201189 -2.076163E-06 -6.224380E-06
201190 -2.726422E-06 -4.310130E-06
201191 -2.522133E-06 -1.718161E-06
201192 -7.335753E-08 -2.999238E-06
201193  8.834033E-07 -6.660605E-06
201194 -3.183634E-06 -6.267144E-06
201195 -9.570850E-06 -3.619223E-08
201196 -1.261369E-05  5.190534E-06
201197 -9.989491E-06  2.842559E-06
201198 -3.557862E-06 -4.618705E-06
201199  3.079160E-06 -9.998340E-06
201200  6.467305E-06 -1.011124E-05
201201  5.085230E-06 -5.839160E-06
201202  6.088259E-07  1.381114E-06
201203 -3.249804E-06  8.487917E-06
201204 -3.784621E-06  1.081011E-05
201205 -1.291332E-06  6.664226E-06
201206  1.697016E-06 -8.324381E-07
201207  2.785127E-06 -7.250688E-06
201208  1.568323E-06 -1.001937E-05
201209 -3.599188E-07 -8.683467E-06
201210 -1.301860E-06 -3.820175E-06
201211 -1.344464E-06  3.327024E-06
201212 -1.697700E-06  9.524821E-06
201213 -2.306646E-06  1.068031E-05
201214 -1.608381E-06  7.673562E-06
201215  8.764618E-07  5.689624E-06
201216  3.256877E-06  3.601272E-06
201217  3.616244E-06 -4.053322E-06
201218  2.753904E-06 -1.054197E-05
201219  3.538841E-06 -3.950623E-06
201220  7.186297E-06  6.473222E-06
201221  1.029180E-05  4.827769E-07
201222  7.496690E-06 -1.812875E-05
201223 -1.595252E-06 -2.811682E-05
201224 -1.104348E-05 -2.463894E-05
