Mesh2HRTF 0.1.2
    1
    1  1225
200000 -6.465083E-06 -5.633584E-06
200001 -2.285938E-05 -3.004277E-06
200002 -2.315038E-05 -2.814414E-06
200003 -2.395446E-05 -2.412203E-06
200004 -2.519602E-05 -1.847683E-06
200005 -2.674907E-05 -1.202406E-06
200006 -2.843834E-05 -5.851698E-07
200007 -3.004591E-05 -1.227568E-07
200008 -3.132648E-05  5.539888E-08
200009 -3.203222E-05 -1.617222E-07
200010 -3.194514E-05 -8.427112E-07
200011 -3.091178E-05 -1.991796E-06
200012 -2.887288E-05 -3.535204E-06
200013 -2.588043E-05 -5.321396E-06
200014 -2.209663E-05 -7.138063E-06
200015 -1.777389E-05 -8.744512E-06
200016 -1.321919E-05 -9.913595E-06
200017 -8.750635E-06 -1.047400E-05
200018 -4.655183E-06 -1.034290E-05
200019 -1.155861E-06 -9.541024E-06
200020  1.606683E-06 -8.186505E-06
200021  3.577254E-06 -6.469433E-06
200022  4.776495E-06 -4.613659E-06
200023  5.283283E-06 -2.835291E-06
200024  5.214155E-06 -1.307316E-06
200025  4.703773E-06 -1.373486E-07
200026  3.888760E-06  6.385242E-07
200027  2.895744E-06  1.047132E-06
200028  1.833461E-06  1.159465E-06
200029  7.883713E-07  1.067910E-06
200030 -1.767828E-07  8.652468E-07
200031 -1.021966E-06  6.294180E-07
200032 -1.726875E-06  4.156736E-07
200033 -2.286562E-06  2.555794E-07
200034 -2.706339E-06  1.609558E-07
200035 -2.996641E-06  1.303511E-07
200036 -3.168473E-06  1.558994E-07
200037 -3.229906E-06  2.290444E-07
200038 -3.183897E-06  3.442707E-07
200039 -3.027572E-06  5.004632E-07
200040 -2.753018E-06  6.997971E-07
200041 -2.349530E-06  9.442493E-07
200042 -1.807160E-06  1.230096E-06
200043 -1.121268E-06  1.541239E-06
200044 -2.976047E-07  1.842865E-06
200045  6.427134E-07  2.077566E-06
200046  1.659009E-06  2.166337E-06
200047  2.688280E-06  2.016374E-06
200048  3.644397E-06  1.536248E-06
200049  4.419682E-06  6.568610E-07
200050  4.889336E-06 -6.457983E-07
200051  4.919251E-06 -2.331872E-06
200052  4.377753E-06 -4.288982E-06
200053  3.151448E-06 -6.338396E-06
200054  1.164410E-06 -8.257363E-06
200055 -1.601614E-06 -9.814710E-06
200056 -5.089900E-06 -1.081269E-05
200057 -9.159340E-06 -1.112561E-05
200058 -1.358763E-05 -1.072579E-05
200059 -1.808967E-05 -9.690138E-06
200060 -2.235022E-05 -8.185499E-06
200061 -2.606592E-05 -6.436231E-06
200062 -2.898846E-05 -4.682019E-06
200063 -3.095982E-05 -3.135894E-06
200064 -3.193204E-05 -1.951648E-06
200065 -3.196784E-05 -1.206534E-06
200066 -3.122341E-05 -9.006390E-07
200067 -2.991856E-05 -9.700882E-07
200068 -2.830190E-05 -1.308554E-06
200069 -2.661843E-05 -1.790890E-06
200070 -2.508467E-05 -2.293936E-06
200071 -2.387356E-05 -2.711722E-06
200072 -2.310786E-05 -2.964710E-06
200073  3.068982E-05 -3.822330E-06
200074  3.150469E-05 -4.527926E-06
200075  3.369264E-05 -6.491605E-06
200076  3.636887E-05 -9.145494E-06
200077  3.814959E-05 -1.158164E-05
200078  3.742340E-05 -1.271050E-05
200079  3.285139E-05 -1.159405E-05
200080  2.398944E-05 -7.887211E-06
200081  1.175848E-05 -2.188094E-06
200082 -1.553433E-06  3.944340E-06
200083 -1.290541E-05  8.430893E-06
200084 -1.956432E-05  9.459092E-06
200085 -2.016116E-05  6.284256E-06
200086 -1.524180E-05 -3.433234E-07
200087 -7.039990E-06 -8.355044E-06
200088  1.417608E-06 -1.508941E-05
200089  7.450958E-06 -1.825960E-05
200090  9.606312E-06 -1.676552E-05
200091  7.943355E-06 -1.104542E-05
200092  3.704508E-06 -2.868608E-06
200093 -1.384807E-06  5.314853E-06
200094 -5.821529E-06  1.120891E-05
200095 -8.746182E-06  1.339412E-05
200096 -9.984613E-06  1.170276E-05
200097 -9.812892E-06  7.144636E-06
200098 -8.648753E-06  1.444573E-06
200099 -6.843474E-06 -3.609250E-06
200100 -4.633841E-06 -6.748161E-06
200101 -2.200777E-06 -7.528425E-06
200102  2.634232E-07 -6.287832E-06
200103  2.544637E-06 -3.837240E-06
200104  4.452988E-06 -1.067275E-06
200105  5.880485E-06  1.354999E-06
200106  6.825759E-06  3.109343E-06
200107  7.372188E-06  4.177608E-06
200108  7.635921E-06  4.705822E-06
200109  7.710925E-06  4.855016E-06
200110  7.631252E-06  4.695182E-06
200111  7.359163E-06  4.166379E-06
200112  6.800450E-06  3.113334E-06
200113  5.844003E-06  1.389270E-06
200114  4.415834E-06 -9.939652E-07
200115  2.527171E-06 -3.724411E-06
200116  2.908349E-07 -6.140822E-06
200117 -2.108071E-06 -7.352873E-06
200118 -4.470744E-06 -6.544392E-06
200119 -6.626845E-06 -3.369796E-06
200120 -8.416515E-06  1.732446E-06
200121 -9.615154E-06  7.491624E-06
200122 -9.870033E-06  1.210843E-05
200123 -8.748777E-06  1.384009E-05
200124 -5.952659E-06  1.165793E-05
200125 -1.632515E-06  5.717017E-06
200126  3.369783E-06 -2.564405E-06
200127  7.559817E-06 -1.087941E-05
200128  9.212092E-06 -1.675899E-05
200129  7.077919E-06 -1.841365E-05
200130  1.088193E-06 -1.538988E-05
200131 -7.313614E-06 -8.780313E-06
200132 -1.545724E-05 -8.706284E-07
200133 -2.032430E-05  5.676699E-06
200134 -1.968655E-05  8.794173E-06
200135 -1.299952E-05  7.736251E-06
200136 -1.628952E-06  3.254029E-06
200137  1.169868E-05 -2.836163E-06
200138  2.394950E-05 -8.457709E-06
200139  3.283898E-05 -1.206178E-05
200140  3.744373E-05 -1.306553E-05
200141  3.819976E-05 -1.182969E-05
200142  3.643568E-05 -9.303603E-06
200143  3.375551E-05 -6.581102E-06
200144  3.154269E-05 -4.567377E-06
200145 -6.011354E-05  2.035800E-05
200146 -6.153846E-05  2.324093E-05
200147 -6.350107E-05  3.001839E-05
200148 -6.048927E-05  3.573867E-05
200149 -4.688421E-05  3.455310E-05
200150 -2.175979E-05  2.339239E-05
200151  7.941338E-06  5.057550E-06
200152  2.965494E-05 -1.226970E-05
200153  3.282813E-05 -1.983198E-05
200154  1.664140E-05 -1.426945E-05
200155 -8.531236E-06 -7.519845E-08
200156 -2.747246E-05  1.347885E-05
200157 -2.957314E-05  1.848323E-05
200158 -1.463552E-05  1.297566E-05
200159  8.305907E-06  1.116563E-06
200160  2.725473E-05 -1.027169E-05
200161  3.396777E-05 -1.580401E-05
200162  2.737569E-05 -1.377149E-05
200163  1.274255E-05 -6.014307E-06
200164 -2.044802E-06  3.578040E-06
200165 -1.070904E-05  1.079018E-05
200166 -1.124710E-05  1.250747E-05
200167 -5.965616E-06  7.783544E-06
200168  7.595705E-07 -1.599944E-06
200169  5.408423E-06 -1.151287E-05
200170  7.032343E-06 -1.711088E-05
200171  6.844741E-06 -1.528790E-05
200172  6.400208E-06 -6.601703E-06
200173  6.061027E-06  4.789311E-06
200174  4.957741E-06  1.345321E-05
200175  2.174481E-06  1.580206E-05
200176 -2.157586E-06  1.180866E-05
200177 -6.861977E-06  4.274118E-06
200178 -1.062585E-05 -3.411458E-06
200179 -1.285019E-05 -9.120902E-06
200180 -1.376153E-05 -1.235289E-05
200181 -1.390217E-05 -1.343719E-05
200182 -1.354674E-05 -1.258391E-05
200183 -1.246743E-05 -9.508142E-06
200184 -1.016975E-05 -3.842782E-06
200185 -6.456735E-06  3.894883E-06
200186 -1.906637E-06  1.152202E-05
200187  2.250687E-06  1.558487E-05
200188  4.950393E-06  1.323973E-05
200189  6.134801E-06  4.504502E-06
200190  6.701085E-06 -7.012235E-06
200191  7.409339E-06 -1.583816E-05
200192  7.757393E-06 -1.776761E-05
200193  6.099380E-06 -1.220615E-05
200194  1.226717E-06 -2.253194E-06
200195 -5.820165E-06  7.215491E-06
200196 -1.139462E-05  1.201559E-05
200197 -1.101984E-05  1.032300E-05
200198 -2.351876E-06  3.084365E-06
200199  1.257618E-05 -6.538844E-06
200200  2.741424E-05 -1.426687E-05
200201  3.419721E-05 -1.617261E-05
200202  2.760752E-05 -1.043699E-05
200203  8.695364E-06  1.152824E-06
200204 -1.429180E-05  1.311231E-05
200205 -2.934633E-05  1.855084E-05
200206 -2.742090E-05  1.331124E-05
200207 -8.690303E-06 -5.640665E-07
200208  1.627871E-05 -1.504296E-05
200209  3.232520E-05 -2.074602E-05
200210  2.912318E-05 -1.313859E-05
200211  7.505720E-06  4.379662E-06
200212 -2.200744E-05  2.295903E-05
200213 -4.692112E-05  3.432773E-05
200214 -6.036848E-05  3.564148E-05
200215 -6.332588E-05  2.997969E-05
200216 -6.141700E-05  2.322590E-05
200217  1.358644E-04 -1.047938E-04
200218  1.296575E-04 -1.097651E-04
200219  1.006416E-04 -1.101437E-04
200220  3.902478E-05 -8.249069E-05
200221 -3.284623E-05 -2.795291E-05
200222 -6.937954E-05  2.242797E-05
200223 -4.724512E-05  3.785422E-05
200224  7.482078E-06  1.791287E-05
200225  4.438400E-05 -1.021144E-05
200226  3.699862E-05 -2.071655E-05
200227  1.870024E-06 -1.107729E-05
200228 -2.566536E-05  2.852745E-06
200229 -2.644346E-05  7.158460E-06
200230 -8.214800E-06  2.052961E-06
200231  9.817006E-06 -3.186194E-06
200232  1.601816E-05 -2.308517E-06
200233  1.155047E-05  2.648834E-06
200234  3.645618E-06  5.795443E-06
200235 -1.870470E-06  4.149641E-06
200236 -2.743725E-06 -3.401966E-07
200237  7.523399E-07 -3.779072E-06
200238  6.413051E-06 -4.182084E-06
200239  1.031293E-05 -2.852752E-06
200240  8.768564E-06 -2.597981E-06
200241  1.683678E-06 -4.232269E-06
200242 -6.310727E-06 -4.599434E-06
200243 -9.401115E-06  6.586614E-07
200244 -6.226105E-06  1.080689E-05
200245 -1.615360E-06  1.739203E-05
200246 -1.564499E-06  1.106308E-05
200247 -6.165670E-06 -7.429463E-06
200248 -8.729370E-06 -2.516396E-05
200249 -2.926656E-06 -2.850220E-05
200250  1.015893E-05 -1.591588E-05
200251  2.349037E-05  2.355907E-06
200252  3.152714E-05  1.562587E-05
200253  3.375108E-05  2.000650E-05
200254  3.114500E-05  1.544442E-05
200255  2.305937E-05  2.160943E-06
200256  1.003523E-05 -1.591475E-05
200257 -2.691743E-06 -2.822096E-05
200258 -8.426482E-06 -2.471446E-05
200259 -6.145727E-06 -7.015591E-06
200260 -1.912432E-06  1.132948E-05
200261 -2.082219E-06  1.756133E-05
200262 -6.462784E-06  1.097733E-05
200263 -9.259947E-06  8.255988E-07
200264 -5.948141E-06 -4.546539E-06
200265  1.961720E-06 -4.374161E-06
200266  8.749906E-06 -2.886525E-06
200267  1.000177E-05 -3.159878E-06
200268  5.970248E-06 -4.422623E-06
200269  3.567834E-07 -3.965749E-06
200270 -2.986077E-06 -5.303831E-07
200271 -1.941745E-06  3.940607E-06
200272  3.692861E-06  5.631876E-06
200273  1.162547E-05  2.642522E-06
200274  1.605098E-05 -2.074845E-06
200275  9.813527E-06 -2.736418E-06
200276 -8.191388E-06  2.562246E-06
200277 -2.636582E-05  7.497201E-06
200278 -2.560598E-05  2.836530E-06
200279  1.792030E-06 -1.148218E-05
200280  3.674100E-05 -2.136060E-05
200281  4.404492E-05 -1.081103E-05
200282  7.238343E-06  1.766175E-05
200283 -4.726690E-05  3.813025E-05
200284 -6.919052E-05  2.317821E-05
200285 -3.257741E-05 -2.699196E-05
200286  3.922674E-05 -8.163473E-05
200287  1.007198E-04 -1.095821E-04
200288  1.296609E-04 -1.095123E-04
200289 -6.438342E-05  4.921707E-04
200290  2.024943E-05  3.734666E-04
200291  1.661526E-04  1.190836E-04
200292  1.914997E-04 -7.324391E-05
200293  6.890036E-05 -1.027761E-04
200294 -5.946734E-05 -3.028232E-05
200295 -7.370505E-05  2.811686E-05
200296 -5.421889E-06  2.611984E-05
200297  3.828112E-05 -8.952512E-07
200298  1.662398E-05 -9.256223E-06
200299 -2.090567E-05  2.584657E-06
200300 -2.153134E-05  1.034781E-05
200301  7.801457E-06  2.787592E-06
200302  2.607543E-05 -8.367185E-06
200303  1.446550E-05 -8.561912E-06
200304 -9.581168E-06  1.610637E-06
200305 -2.111525E-05  1.056248E-05
200306 -1.411444E-05  1.123178E-05
200307 -2.601573E-07  6.878592E-06
200308  8.036991E-06  3.431124E-06
200309  8.302608E-06  2.295106E-06
200310  4.861309E-06  2.367454E-06
200311  9.002861E-07  3.904562E-06
200312 -3.283215E-06  6.037114E-06
200313 -6.471032E-06  4.113119E-06
200314 -5.436830E-06 -3.768864E-06
200315  1.211837E-06 -9.399577E-06
200316  9.498682E-06 -3.368985E-06
200317  1.147065E-05  7.150210E-06
200318  3.040405E-06  2.821609E-06
200319 -6.972133E-06 -1.715638E-05
200320 -1.727789E-06 -2.301925E-05
200321  2.026363E-05  8.438085E-06
200322  3.201872E-05  5.387963E-05
200323  5.543064E-06  6.705587E-05
200324 -4.599234E-05  4.235059E-05
200325 -7.326361E-05  2.414448E-05
200326 -4.767608E-05  4.191038E-05
200327  3.144404E-06  6.639075E-05
200328  3.009010E-05  5.340046E-05
200329  1.935341E-05  8.453697E-06
200330 -1.919277E-06 -2.269740E-05
200331 -7.058074E-06 -1.710227E-05
200332  2.776427E-06  2.314443E-06
200333  1.118816E-05  6.459713E-06
200334  9.424449E-06 -3.643559E-06
200335  1.294695E-06 -9.137807E-06
200336 -5.485954E-06 -3.361589E-06
200337 -6.842308E-06  4.346332E-06
200338 -3.788915E-06  6.207325E-06
200339  7.415582E-07  4.303789E-06
200340  5.406695E-06  3.076923E-06
200341  9.437151E-06  3.153248E-06
200342  9.267930E-06  4.249743E-06
200343  6.024662E-07  7.541584E-06
200344 -1.381119E-05  1.164913E-05
200345 -2.135983E-05  1.069160E-05
200346 -1.024124E-05  1.534077E-06
200347  1.370936E-05 -8.707356E-06
200348  2.566707E-05 -8.571107E-06
200349  7.973859E-06  2.411570E-06
200350 -2.099387E-05  9.785362E-06
200351 -2.046223E-05  2.022282E-06
200352  1.669584E-05 -9.617118E-06
200353  3.806494E-05 -1.011036E-06
200354 -5.653121E-06  2.623155E-05
200355 -7.375671E-05  2.853255E-05
200356 -5.936487E-05 -2.947424E-05
200357  6.894669E-05 -1.016823E-04
200358  1.912854E-04 -7.217306E-05
200359  1.657086E-04  1.198463E-04
200360  1.987525E-05  3.738305E-04
200361 -2.199841E-04  7.067662E-04
200362 -7.737224E-05  5.431838E-04
200363  1.642742E-04  1.994722E-04
200364  2.105652E-04 -5.056468E-05
200365  5.286467E-05 -9.025254E-05
200366 -7.490171E-05 -1.960286E-05
200367 -4.616276E-05  2.291540E-05
200368  3.519963E-05  8.592248E-06
200369  4.113877E-05 -1.250755E-05
200370 -1.110724E-05 -1.015253E-05
200371 -3.352818E-05  2.068977E-06
200372 -6.658175E-06  6.129985E-06
200373  1.841570E-05  2.525906E-06
200374  1.016808E-05 -4.790064E-08
200375 -9.112768E-06  1.533021E-06
200376 -9.941246E-06  2.704958E-06
200377  4.522224E-06 -1.106335E-06
200378  1.281303E-05 -6.106765E-06
200379  5.314002E-06 -3.702297E-06
200380 -9.211539E-06  6.623153E-06
200381 -1.563035E-05  1.393892E-05
200382 -7.866479E-06  9.214358E-06
200383  3.896810E-06 -1.486739E-06
200384  6.590081E-06 -4.225888E-06
200385  2.616607E-06  1.806701E-06
200386  2.027827E-06  2.276929E-06
200387  3.636477E-06 -6.325549E-06
200388  7.515217E-07 -5.848763E-06
200389 -5.185462E-06  1.101193E-05
200390 -1.029189E-05  1.730672E-05
200391 -1.141460E-05 -6.614625E-06
200392  1.441490E-06 -2.470824E-05
200393  2.652864E-05  9.760010E-06
200394  2.068082E-05  6.378640E-05
200395 -6.419750E-05  4.972968E-05
200396 -1.951851E-04 -3.810486E-05
200397 -2.606127E-04 -9.129036E-05
200398 -1.957102E-04 -3.816808E-05
200399 -6.487736E-05  4.904157E-05
200400  2.023988E-05  6.250926E-05
200401  2.634467E-05  8.833645E-06
200402  1.232430E-06 -2.469888E-05
200403 -1.170889E-05 -6.301217E-06
200404 -1.036545E-05  1.705595E-05
200405 -4.873093E-06  1.032976E-05
200406  1.172939E-06 -6.267518E-06
200407  3.807187E-06 -6.434620E-06
200408  1.869280E-06  1.902800E-06
200409  2.257338E-06  1.020249E-06
200410  6.222292E-06 -4.869765E-06
200411  3.779929E-06 -1.566124E-06
200412 -7.562080E-06  9.449799E-06
200413 -1.514017E-05  1.404398E-05
200414 -9.087981E-06  6.540228E-06
200415  4.816038E-06 -3.809620E-06
200416  1.204270E-05 -6.304528E-06
200417  3.918905E-06 -1.593428E-06
200418 -1.035822E-05  2.064122E-06
200419 -9.475790E-06  1.173212E-06
200420  9.981650E-06 -3.031203E-08
200421  1.859774E-05  2.460838E-06
200422 -6.164321E-06  5.653450E-06
200423 -3.294047E-05  1.494921E-06
200424 -1.059308E-05 -1.040359E-05
200425  4.149458E-05 -1.257319E-05
200426  3.539807E-05  8.317804E-06
200427 -4.597318E-05  2.247358E-05
200428 -7.449671E-05 -1.976515E-05
200429  5.356260E-05 -8.989827E-05
200430  2.114010E-04 -4.994020E-05
200431  1.650011E-04  1.999756E-04
200432 -7.695349E-05  5.434124E-04
200433  1.077759E-04  6.261316E-05
200434  1.453583E-04  1.469027E-05
200435  1.631468E-04 -6.527513E-05
200436  6.044282E-05 -7.750243E-05
200437 -6.205586E-05 -2.138756E-05
200438 -6.250291E-05  2.418151E-05
200439  1.463846E-05  1.942713E-05
200440  3.611140E-05 -1.812734E-06
200441 -6.572673E-06 -3.925389E-06
200442 -2.489477E-05  3.281725E-06
200443  4.565441E-06  9.252253E-07
200444  2.491555E-05 -3.945040E-06
200445  5.561816E-06 -1.930562E-06
200446 -2.025166E-05 -7.065046E-08
200447 -1.696901E-05 -2.187120E-06
200448  4.357237E-06 -2.773249E-06
200449  1.289799E-05 -1.215781E-06
200450  5.031134E-06 -1.408062E-06
200451 -2.867839E-06 -3.628980E-06
200452 -7.557257E-06 -4.248925E-06
200453 -1.160771E-05 -2.707484E-07
200454 -6.290095E-06  4.245360E-06
200455  5.787610E-06  1.946743E-06
200456  4.878073E-06 -2.735048E-06
200457 -6.466776E-06  1.496892E-06
200458 -6.571270E-06  8.733056E-06
200459  9.796390E-07  2.920086E-06
200460  3.515684E-07 -8.996877E-06
200461 -1.361384E-06 -4.512166E-06
200462  4.084858E-06  1.028410E-05
200463  5.283665E-06  3.068359E-06
200464  6.506587E-07 -2.315680E-05
200465  8.586245E-06 -1.745475E-05
200466  2.369343E-05  3.338648E-05
200467  6.550431E-06  6.414918E-05
200468 -4.808347E-05  3.586583E-05
200469 -8.010561E-05  9.337922E-06
200470 -4.747988E-05  3.667342E-05
200471  7.457525E-06  6.442756E-05
200472  2.445102E-05  3.243351E-05
200473  8.742390E-06 -1.861042E-05
200474  7.966397E-08 -2.329849E-05
200475  4.599360E-06  3.627675E-06
200476  4.124887E-06  1.048450E-05
200477 -7.536112E-07 -4.809759E-06
200478  5.741809E-07 -9.152851E-06
200479  5.430244E-07  2.997118E-06
200480 -6.979313E-06  8.481481E-06
200481 -6.280887E-06  8.357010E-07
200482  5.522498E-06 -3.207673E-06
200483  6.502828E-06  1.948656E-06
200484 -5.665941E-06  4.379248E-06
200485 -1.112398E-05 -2.612103E-07
200486 -7.418583E-06 -4.192434E-06
200487 -3.177473E-06 -3.360254E-06
200488  4.710188E-06 -1.061923E-06
200489  1.313212E-05 -1.052426E-06
200490  5.107410E-06 -2.859597E-06
200491 -1.612741E-05 -2.226200E-06
200492 -1.962215E-05  1.495108E-07
200493  5.798690E-06 -1.861153E-06
200494  2.483442E-05 -4.434593E-06
200495  4.574092E-06  3.136248E-07
200496 -2.458265E-05  3.172199E-06
200497 -6.253559E-06 -3.752636E-06
200498  3.611391E-05 -1.967793E-06
200499  1.445710E-05  1.895922E-05
200500 -6.254767E-05  2.390607E-05
200501 -6.190082E-05 -2.131123E-05
200502  6.080683E-05 -7.744720E-05
200503  1.638277E-04 -6.553640E-05
200504  1.460319E-04  1.434838E-05
200505  5.838798E-05 -6.921037E-05
200506  3.545023E-05 -6.015593E-05
200507 -2.376362E-05 -3.423922E-05
200508 -6.918913E-05 -2.376195E-06
200509 -4.068630E-05  1.476957E-05
200510  2.794174E-05  9.291083E-06
200511  4.067753E-05 -5.215542E-06
200512 -7.562525E-06 -1.069131E-05
200513 -3.041573E-05 -1.783261E-06
200514 -1.774843E-06  7.693114E-06
200515  1.754378E-05  4.585556E-06
200516 -2.058708E-08 -2.221885E-07
200517 -1.450266E-05  1.549125E-06
200518 -6.667997E-07 -8.836441E-07
200519  1.791595E-05 -5.961929E-06
200520  1.362176E-05 -3.679716E-06
200521 -8.140726E-06  2.091110E-06
200522 -1.718547E-05  5.659245E-06
200523 -1.468730E-07  4.596832E-06
200524  1.635227E-05 -3.115904E-06
200525  6.556636E-06 -8.754270E-06
200526 -9.700635E-06 -2.763544E-06
200527 -7.027123E-06  4.079849E-06
200528 -9.271505E-07 -6.788947E-07
200529 -2.226584E-06 -5.988386E-06
200530  2.053676E-06 -1.010077E-06
200531  5.596284E-06  3.953077E-06
200532  1.664082E-06 -4.407346E-07
200533  1.638622E-06 -6.549715E-06
200534  3.008742E-06 -7.471538E-07
200535 -2.791464E-06  1.234369E-05
200536 -1.037810E-05  7.886387E-06
200537 -1.047198E-05 -1.352554E-05
200538  1.344449E-06 -1.658499E-05
200539  1.930330E-05  6.910197E-06
200540  3.155942E-05  2.740021E-05
200541  3.502141E-05  3.261378E-05
200542  3.188568E-05  2.747221E-05
200543  1.963135E-05  6.794506E-06
200544  1.328676E-06 -1.705791E-05
200545 -1.081261E-05 -1.400698E-05
200546 -1.089933E-05  7.747523E-06
200547 -3.199439E-06  1.244643E-05
200548  3.213628E-06 -7.117601E-07
200549  2.169121E-06 -6.726693E-06
200550  1.736183E-06 -4.316816E-07
200551  5.344714E-06  4.417890E-06
200552  2.057875E-06 -7.086268E-07
200553 -1.964500E-06 -6.292751E-06
200554 -6.476581E-07 -1.191896E-06
200555 -6.695289E-06  3.738140E-06
200556 -9.218866E-06 -2.806074E-06
200557  7.183524E-06 -8.343323E-06
200558  1.709331E-05 -2.461252E-06
200559  5.093528E-07  4.780822E-06
200560 -1.677487E-05  5.143996E-06
200561 -7.962105E-06  1.445701E-06
200562  1.354503E-05 -4.182810E-06
200563  1.783341E-05 -6.413771E-06
200564 -4.429626E-07 -1.151857E-06
200565 -1.429979E-05  1.310205E-06
200566 -2.101701E-07 -7.792786E-07
200567  1.718766E-05  4.052762E-06
200568 -2.022776E-06  7.724221E-06
200569 -3.065822E-05 -1.488758E-06
200570 -8.018415E-06 -1.073030E-05
200571  4.019188E-05 -5.461349E-06
200572  2.780298E-05  9.294404E-06
200573 -4.073304E-05  1.506662E-05
200574 -6.945868E-05 -2.116463E-06
200575 -2.372813E-05 -3.426922E-05
200576  3.590683E-05 -6.031970E-05
200577 -6.225211E-05  2.905060E-05
200578 -5.956753E-05  2.955427E-05
200579 -4.156056E-05  2.812055E-05
200580 -1.290643E-06  1.969033E-05
200581  3.341296E-05  4.782065E-06
200582  2.368555E-05 -5.693244E-06
200583 -1.371600E-05 -4.183797E-06
200584 -2.072874E-05 -1.317052E-06
200585  9.247380E-06 -2.154902E-06
200586  2.242901E-05 -5.004040E-07
200587 -2.018096E-07 -2.288258E-06
200588 -1.708523E-05 -3.842529E-06
200589 -4.554104E-06  2.020734E-06
200590  9.972898E-06  3.321943E-06
200591  5.612375E-06  1.776746E-06
200592 -2.082719E-06  2.299136E-06
200593 -3.426275E-07 -2.075767E-06
200594  2.583385E-06 -3.797312E-06
200595  3.190438E-07  3.065644E-06
200596 -6.498621E-07  5.534672E-06
200597  5.747463E-07 -1.682620E-06
200598  1.329342E-06 -5.177669E-06
200599  5.486328E-06 -5.636252E-07
200600  4.371701E-06  6.080691E-07
200601  4.829417E-07 -1.374966E-06
200602  4.600830E-06 -1.218307E-06
200603 -1.671601E-06 -4.386517E-07
200604 -9.860148E-06  4.547418E-06
200605 -5.373841E-07  3.762053E-06
200606  2.139056E-06 -7.600853E-06
200607 -4.016540E-06 -5.105843E-06
200608  1.270854E-06  9.732186E-06
200609  7.552267E-06  7.233331E-06
200610  1.120890E-06 -1.088936E-05
200611 -8.821800E-06 -2.070261E-05
200612 -1.186535E-05 -1.898953E-05
200613 -1.116753E-05 -1.711501E-05
200614 -1.139690E-05 -1.967096E-05
200615 -8.533728E-06 -2.140703E-05
200616  7.410480E-07 -1.115029E-05
200617  7.302340E-06  7.273874E-06
200618  1.716926E-06  9.377663E-06
200619 -3.692996E-06 -5.627127E-06
200620  2.097436E-06 -7.548722E-06
200621 -6.407899E-07  3.857342E-06
200622 -9.917502E-06  4.544137E-06
200623 -1.295675E-06  4.434046E-08
200624  5.248593E-06 -9.305082E-07
200625  7.184965E-07 -1.802801E-06
200626  4.079911E-06  7.691358E-08
200627  5.261206E-06 -8.600479E-07
200628  1.417140E-06 -5.087497E-06
200629  5.192475E-07 -1.047342E-06
200630 -8.706599E-07  6.299148E-06
200631  2.932274E-07  3.050518E-06
200632  2.832397E-06 -4.796994E-06
200633 -3.992031E-08 -3.153340E-06
200634 -2.080537E-06  1.687567E-06
200635  5.447884E-06  1.543838E-06
200636  1.004673E-05  3.494271E-06
200637 -4.345301E-06  2.311493E-06
200638 -1.697132E-05 -3.833865E-06
200639 -2.748683E-07 -2.339311E-06
200640  2.230389E-05 -2.558188E-07
200641  9.482915E-06 -1.963152E-06
200642 -2.043991E-05 -1.618128E-06
200643 -1.388513E-05 -4.503263E-06
200644  2.365198E-05 -5.616279E-06
200645  3.383217E-05  5.121502E-06
200646 -1.071560E-06  2.016195E-05
200647 -4.143527E-05  2.848353E-05
200648 -5.917968E-05  2.968780E-05
200649  1.891563E-05 -4.589196E-06
200650  2.490535E-05 -4.703780E-06
200651  3.672794E-05 -4.852139E-06
200652  3.592197E-05 -2.296552E-06
200653  9.242348E-06 -1.385821E-06
200654 -2.269185E-05 -4.541230E-06
200655 -2.246824E-05  1.095056E-06
200656  4.360960E-06  1.065764E-05
200657  1.417844E-05  5.792697E-06
200658 -4.969145E-06 -1.511531E-06
200659 -1.253327E-05 -3.914695E-06
200660  5.852264E-06 -3.418190E-06
200661  1.455937E-05  1.406393E-06
200662 -8.222299E-07 -6.766212E-07
200663 -1.593877E-05 -2.873029E-07
200664 -9.612525E-06  5.016711E-06
200665  7.365922E-06  1.040098E-06
200666  1.273409E-05 -4.283777E-06
200667 -1.170739E-06 -3.116937E-06
200668 -1.280384E-05  9.742490E-07
200669 -4.022677E-06  2.818404E-06
200670  8.315866E-06  2.739489E-06
200671  1.316777E-05  4.624725E-06
200672  4.341480E-06  2.334481E-06
200673 -8.252110E-06  2.273266E-07
200674 -5.616155E-07  1.493029E-06
200675  1.940656E-06 -5.189259E-06
200676 -2.457198E-06 -2.377668E-06
200677  3.957338E-06  6.530526E-06
200678  2.975982E-06 -6.914064E-07
200679  2.008875E-06 -6.371681E-06
200680  5.193639E-06 -1.238982E-06
200681  1.531740E-06  6.368666E-06
200682 -2.521893E-06  1.116576E-05
200683 -2.678435E-06  1.003660E-05
200684 -1.974077E-06  5.316278E-06
200685 -1.583291E-06  2.707102E-06
200686 -1.493442E-06  5.222655E-06
200687 -2.397302E-06  9.872495E-06
200688 -3.027615E-06  1.103541E-05
200689  1.247226E-06  6.437062E-06
200690  5.954296E-06 -1.674948E-06
200691  2.343661E-06 -6.949352E-06
200692  2.416568E-06 -4.730834E-07
200693  3.382566E-06  6.549469E-06
200694 -2.710046E-06 -2.723136E-06
200695  2.108790E-06 -4.942884E-06
200696 -3.968743E-07  1.604562E-06
200697 -8.278904E-06  7.863237E-08
200698  4.218801E-06  2.635546E-06
200699  1.319962E-05  4.939397E-06
200700  8.641703E-06  2.931384E-06
200701 -4.059331E-06  3.023396E-06
200702 -1.332898E-05  1.071787E-06
200703 -1.604901E-06 -3.114150E-06
200704  1.265377E-05 -4.314087E-06
200705  7.663729E-06  1.010502E-06
200706 -8.952089E-06  4.986798E-06
200707 -1.524107E-05 -1.794407E-07
200708 -4.972639E-07 -4.331198E-07
200709  1.461151E-05  1.476430E-06
200710  6.072625E-06 -3.495675E-06
200711 -1.237092E-05 -3.849890E-06
200712 -5.179963E-06 -1.226971E-06
200713  1.424592E-05  5.926124E-06
200714  4.625432E-06  1.018675E-05
200715 -2.289709E-05  6.738348E-07
200716 -2.326390E-05 -4.651288E-06
200717  9.412461E-06 -1.547990E-06
200718  3.628053E-05 -2.366444E-06
200719  3.690707E-05 -5.131032E-06
200720  2.521386E-05 -5.218230E-06
200721  2.312577E-05 -5.427304E-06
200722  1.851322E-05 -6.072794E-06
200723  5.034073E-06 -1.055927E-05
200724 -1.300855E-05 -1.215754E-05
200725 -2.141561E-05 -5.891540E-06
200726 -6.974646E-06 -1.982956E-06
200727  1.692782E-05 -7.503845E-07
200728  1.588177E-05  3.973141E-06
200729 -4.296888E-06 -5.682328E-07
200730 -1.494902E-05 -2.889478E-06
200731 -3.030436E-06  4.477084E-06
200732  9.425952E-06  5.934463E-06
200733 -7.099762E-07  2.104691E-06
200734 -6.979432E-06 -6.943153E-06
200735  1.159381E-06 -5.490698E-06
200736  5.124739E-06  2.924528E-06
200737 -3.635510E-06  2.904206E-06
200738 -6.081376E-06  1.717587E-06
200739  1.810863E-06 -1.980095E-06
200740  4.476297E-06 -3.761638E-06
200741  2.279135E-06  1.453363E-06
200742 -5.115366E-06  5.451437E-06
200743 -3.255629E-06  7.178753E-06
200744  4.638241E-06  1.118896E-06
200745 -3.001475E-06 -3.986450E-06
200746 -1.373941E-06  4.071412E-06
200747  4.365535E-06 -5.254078E-07
200748  5.441134E-06 -3.110412E-06
200749  2.706636E-06  2.011896E-06
200750 -7.070293E-06  2.498933E-06
200751 -4.966296E-07  5.800639E-06
200752  2.434371E-06 -3.507011E-06
200753 -7.140445E-06 -9.573438E-06
200754 -5.257430E-06 -3.978073E-07
200755  4.254269E-06  7.908420E-06
200756  9.439806E-06  9.884905E-06
200757  1.029573E-05  9.955610E-06
200758  9.531089E-06  1.023366E-05
200759  4.471501E-06  8.157878E-06
200760 -5.236061E-06 -5.875927E-07
200761 -7.243688E-06 -9.670181E-06
200762  2.810159E-06 -3.772886E-06
200763 -4.905397E-07  5.553719E-06
200764 -7.487772E-06  2.653452E-06
200765  2.424692E-06  1.739772E-06
200766  5.177615E-06 -3.557371E-06
200767  4.192892E-06 -4.078854E-07
200768 -1.691246E-06  3.984465E-06
200769 -3.099253E-06 -3.922261E-06
200770  4.786152E-06  1.734707E-06
200771 -3.163482E-06  7.183572E-06
200772 -4.863639E-06  4.981682E-06
200773  2.356121E-06  1.010996E-06
200774  4.330540E-06 -4.133124E-06
200775  1.751630E-06 -1.980573E-06
200776 -6.408915E-06  2.236135E-06
200777 -4.297906E-06  3.415577E-06
200778  5.016532E-06  3.172845E-06
200779  1.452813E-06 -5.244783E-06
200780 -6.937448E-06 -6.979862E-06
200781 -6.868879E-07  1.675057E-06
200782  9.686862E-06  5.507598E-06
200783 -2.862835E-06  4.204107E-06
200784 -1.528802E-05 -3.089458E-06
200785 -4.778631E-06 -6.676654E-07
200786  1.562256E-05  3.595777E-06
200787  1.654410E-05 -1.013148E-06
200788 -7.349963E-06 -2.179919E-06
200789 -2.135404E-05 -6.354496E-06
200790 -1.280986E-05 -1.235829E-05
200791  5.240130E-06 -1.102696E-05
200792  1.900105E-05 -6.988692E-06
200793 -2.198925E-05  6.210932E-06
200794 -2.469688E-05  6.288555E-06
200795 -2.798443E-05  1.721239E-06
200796 -2.248436E-05 -4.486378E-06
200797 -5.289699E-06 -6.313128E-08
200798  1.085631E-05  8.829772E-06
200799  1.450985E-05  1.691441E-06
200800 -2.185616E-06 -7.505978E-06
200801 -6.878629E-06 -8.847415E-06
200802  5.996942E-06 -2.104593E-06
200803  8.806965E-06  6.906878E-06
200804 -8.705898E-07  3.401450E-06
200805 -1.491715E-05 -9.840542E-07
200806 -4.614773E-06 -3.862066E-06
200807  1.083976E-05 -1.507362E-06
200808  1.008956E-05 -6.504019E-07
200809 -4.571516E-06 -3.273552E-06
200810 -1.117364E-05  2.271285E-06
200811  1.072239E-06  3.555982E-06
200812  8.851118E-06 -9.311239E-07
200813  5.766413E-06 -1.496737E-06
200814 -7.277535E-06 -9.806862E-07
200815 -1.259584E-05  2.011689E-06
200816  3.682076E-06  1.686265E-06
200817  5.404613E-06 -3.199219E-06
200818 -1.666648E-07  5.527454E-06
200819 -2.972705E-06  1.745056E-06
200820 -4.634681E-07 -7.564443E-07
200821  2.245093E-06 -1.828475E-06
200822 -5.786477E-06 -3.002829E-06
200823 -1.391605E-06  7.031294E-06
200824  5.808080E-07 -2.218800E-06
200825 -5.303956E-07 -6.295817E-06
200826  4.657294E-06 -3.202334E-06
200827  4.410362E-06 -5.927858E-06
200828  2.466133E-07 -8.052209E-06
200829 -2.211782E-06 -8.128628E-06
200830  1.042308E-08 -7.903474E-06
200831  4.705504E-06 -5.657177E-06
200832  5.399003E-06 -3.214167E-06
200833 -3.583329E-07 -6.362264E-06
200834  5.531025E-07 -2.359853E-06
200835 -1.401011E-06  7.060801E-06
200836 -5.497241E-06 -2.929558E-06
200837  2.407222E-06 -1.996029E-06
200838 -8.488910E-07 -8.046618E-07
200839 -3.221582E-06  1.941013E-06
200840 -3.033130E-07  5.437688E-06
200841  5.567953E-06 -3.088580E-06
200842  3.918482E-06  2.020567E-06
200843 -1.264774E-05  1.473366E-06
200844 -7.201704E-06 -1.888479E-06
200845  5.716109E-06 -2.115423E-06
200846  8.656402E-06 -1.033116E-06
200847  1.121946E-06  3.772938E-06
200848 -1.157478E-05  2.583657E-06
200849 -5.762522E-06 -3.133479E-06
200850  9.364281E-06 -5.242847E-07
200851  1.039798E-05 -1.221289E-06
200852 -4.932869E-06 -3.964019E-06
200853 -1.467816E-05 -1.199325E-06
200854 -7.051168E-07  3.133908E-06
200855  8.708515E-06  6.478403E-06
200856  5.925576E-06 -2.661065E-06
200857 -7.082113E-06 -9.157218E-06
200858 -2.359512E-06 -7.662641E-06
200859  1.451860E-05  1.740733E-06
200860  1.104557E-05  8.784151E-06
200861 -5.093792E-06 -3.500874E-07
200862 -2.247609E-05 -4.382591E-06
200863 -2.786159E-05  1.700171E-06
200864 -2.401247E-05  5.715096E-06
200865 -1.023586E-05 -3.326150E-06
200866 -9.560109E-06  2.894935E-07
200867 -5.847344E-06  7.459479E-06
200868  3.537479E-06  1.006231E-05
200869  1.361681E-05  8.522167E-06
200870  3.739773E-06  1.035830E-05
200871 -8.587582E-06  7.019582E-07
200872 -1.387573E-05 -7.702723E-06
200873 -3.074729E-06 -1.701599E-06
200874  1.180466E-05  3.367025E-06
200875  4.805727E-06  1.515997E-07
200876 -2.196484E-07 -6.584706E-06
200877 -4.722465E-06 -2.764536E-06
200878  1.359287E-06  3.123975E-06
200879 -9.910470E-07  2.518383E-06
200880 -1.318160E-06 -3.193632E-06
200881  4.603803E-06 -5.811069E-06
200882  2.029886E-06  1.028682E-06
200883 -1.448368E-06  4.498270E-06
200884 -4.095368E-06  9.535407E-07
200885  2.166129E-06 -2.700077E-06
200886  5.735819E-06 -3.285661E-06
200887 -5.388505E-06 -1.069242E-06
200888 -1.353578E-06  2.477956E-06
200889  3.069544E-06 -2.839712E-06
200890  1.576380E-06  2.543702E-06
200891 -3.937356E-06 -1.493159E-06
200892 -6.673885E-06  3.456103E-07
200893  3.365299E-06 -6.674290E-07
200894  4.001045E-06 -4.532064E-06
200895  1.711693E-06  2.894067E-06
200896 -3.291064E-06 -1.997442E-06
200897 -3.827686E-07  7.383658E-06
200898  6.375532E-06  5.725083E-06
200899  2.218446E-06 -7.520985E-06
200900 -2.639183E-06 -1.383033E-05
200901 -4.793897E-06 -1.507515E-05
200902 -3.002062E-06 -1.397705E-05
200903  2.464115E-06 -7.260127E-06
200904  7.074044E-06  6.058209E-06
200905 -3.698628E-07  7.435531E-06
200906 -3.491308E-06 -2.150794E-06
200907  1.839573E-06  3.038677E-06
200908  4.715270E-06 -4.458952E-06
200909  3.582026E-06 -5.850808E-07
200910 -7.217593E-06  5.635719E-07
200911 -4.097561E-06 -1.323990E-06
200912  1.714565E-06  2.593902E-06
200913  3.388116E-06 -2.694382E-06
200914 -1.185113E-06  2.575361E-06
200915 -5.565379E-06 -1.479365E-06
200916  5.904539E-06 -3.771324E-06
200917  2.214205E-06 -3.177179E-06
200918 -4.497978E-06  1.034585E-06
200919 -1.624810E-06  4.811929E-06
200920  1.695978E-06  9.757850E-07
200921  3.796109E-06 -6.061600E-06
200922 -1.584599E-06 -3.095563E-06
200923 -1.434552E-06  2.788578E-06
200924  1.008140E-06  3.003391E-06
200925 -4.429089E-06 -2.530529E-06
200926 -3.056797E-07 -6.605825E-06
200927  4.387554E-06 -1.785642E-07
200928  1.197257E-05  3.066935E-06
200929 -2.795026E-06 -1.912693E-06
200930 -1.387128E-05 -7.688630E-06
200931 -8.628286E-06  9.277639E-07
200932  3.995164E-06  1.049217E-05
200933  1.383312E-05  8.582846E-06
200934  3.529713E-06  1.029122E-05
200935 -5.833579E-06  7.666658E-06
200936 -8.916480E-06  1.778896E-07
200937  1.698281E-05 -6.762480E-06
200938  1.766110E-05 -3.228131E-06
200939  1.649757E-05  7.699817E-06
200940  1.278000E-05  1.435851E-05
200941  1.362945E-05  5.409323E-06
200942 -1.693869E-06 -1.018698E-06
200943 -1.159053E-05 -3.437283E-06
200944 -6.622075E-06  8.722638E-07
200945 -2.305695E-06  8.920392E-06
200946  1.426893E-06  5.372998E-06
200947 -5.342694E-06 -6.659125E-06
200948  4.006537E-06 -8.546667E-06
200949  6.528818E-06 -2.146298E-07
200950  5.822677E-06  5.418097E-06
200951 -8.835187E-06  6.798676E-07
200952 -1.058614E-05 -3.499827E-06
200953  6.878024E-06 -1.430815E-06
200954  1.016288E-05  9.999381E-07
200955  5.500455E-08  8.155291E-07
200956 -1.092896E-05 -1.243413E-07
200957 -3.474671E-06 -1.842989E-06
200958  1.222467E-05  6.278089E-07
200959  3.630562E-06 -1.913407E-07
200960 -2.584721E-06  1.353664E-06
200961 -1.502164E-06 -5.681607E-06
200962  2.083638E-06 -1.529247E-06
200963  2.513389E-06 -2.221118E-06
200964 -6.115494E-06  1.983475E-06
200965  1.334214E-06  1.210712E-06
200966  5.658496E-06 -2.331306E-06
200967  3.401816E-06  1.170480E-06
200968 -4.130580E-06 -2.243131E-06
200969 -4.783563E-06  1.154701E-05
200970  7.730847E-07  5.009685E-06
200971 -1.176160E-06 -6.266283E-06
200972 -8.082378E-07 -8.589992E-06
200973 -7.089231E-07 -9.197952E-06
200974 -1.106330E-06 -8.882866E-06
200975 -1.028555E-06 -6.027641E-06
200976  9.577336E-07  5.441485E-06
200977 -5.078569E-06  1.156470E-05
200978 -4.232232E-06 -2.414616E-06
200979  3.590882E-06  1.335341E-06
200980  6.304259E-06 -2.292738E-06
200981  1.367987E-06  1.319635E-06
200982 -6.573264E-06  2.113548E-06
200983  2.571273E-06 -2.202344E-06
200984  2.302354E-06 -1.411494E-06
200985 -1.211643E-06 -5.569889E-06
200986 -2.496088E-06  1.343904E-06
200987  3.275612E-06 -1.990154E-07
200988  1.242298E-05  8.739057E-07
200989 -3.184429E-06 -2.113702E-06
200990 -1.125166E-05 -2.351031E-07
200991 -2.102816E-07  9.677259E-07
200992  9.971079E-06  7.356151E-07
200993  6.653541E-06 -1.708947E-06
200994 -1.019536E-05 -3.172231E-06
200995 -8.936251E-06  1.020561E-06
200996  5.607040E-06  5.297228E-06
200997  6.606941E-06  2.086253E-07
200998  3.791244E-06 -8.575525E-06
200999 -5.785891E-06 -6.944715E-06
201000  1.560903E-06  5.501349E-06
201001 -1.975931E-06  8.886968E-06
201002 -6.701138E-06  8.735939E-07
201003 -1.192554E-05 -3.273537E-06
201004 -1.588628E-06 -8.578071E-07
201005  1.377536E-05  5.706077E-06
201006  1.297436E-05  1.455968E-05
201007  1.655009E-05  7.878502E-06
201008  1.810512E-05 -3.107757E-06
201009  1.877591E-05 -2.133725E-06
201010  1.989543E-05 -1.382152E-06
201011  1.650386E-05  4.090590E-06
201012  4.769998E-06  6.805620E-06
201013  6.172109E-06 -4.382610E-06
201014  1.779423E-06 -9.861798E-06
201015 -2.095769E-06 -4.062785E-06
201016  3.908899E-06  8.923330E-06
201017 -1.781443E-06  1.122344E-05
201018 -4.676323E-06  2.644338E-06
201019 -9.573721E-06 -8.206354E-06
201020  2.451264E-06 -3.229152E-06
201021  5.109870E-06  1.551326E-06
201022  6.647037E-06  2.979212E-06
201023 -4.710317E-06 -2.062230E-06
201024 -1.038234E-05 -1.909274E-06
201025  1.337386E-06  2.978940E-06
201026  7.220492E-06  3.721313E-07
201027  3.873619E-06 -2.428008E-06
201028 -6.738181E-06 -3.296382E-07
201029 -6.714594E-06 -7.143699E-07
201030  7.124438E-06  3.645020E-06
201031  6.526266E-06  8.552860E-07
201032  2.088886E-06  9.691072E-07
201033 -1.277765E-06 -6.919317E-06
201034  5.585011E-08 -3.677156E-06
201035  6.896944E-06  4.735428E-07
201036 -2.409682E-06  3.732957E-06
201037 -1.449904E-06  6.703259E-07
201038 -2.018424E-07 -1.942212E-06
201039  2.659437E-06  1.296393E-06
201040 -5.326309E-07 -1.309236E-06
201041 -3.764475E-06  7.568164E-06
201042 -4.053952E-07 -2.467299E-06
201043 -3.549404E-06 -6.092847E-06
201044 -1.805016E-06 -3.169634E-06
201045 -9.200420E-07 -3.032892E-06
201046 -1.929624E-06 -3.459998E-06
201047 -3.429332E-06 -5.876119E-06
201048 -5.783186E-07 -2.173922E-06
201049 -4.127303E-06  7.450706E-06
201050 -4.005992E-07 -1.414594E-06
201051  2.835278E-06  1.437148E-06
201052  2.199485E-07 -1.982302E-06
201053 -1.553054E-06  6.384645E-07
201054 -2.614969E-06  3.708751E-06
201055  7.171314E-06  4.167170E-07
201056  2.432524E-07 -3.579973E-06
201057 -1.038226E-06 -6.861686E-06
201058  2.182941E-06  9.238235E-07
201059  5.999966E-06  1.012509E-06
201060  7.119393E-06  4.315721E-06
201061 -6.348105E-06 -7.819510E-07
201062 -6.807450E-06 -6.263970E-07
201063  3.728402E-06 -2.414965E-06
201064  7.191841E-06  1.047124E-07
201065  1.445251E-06  2.877791E-06
201066 -9.789656E-06 -1.319042E-06
201067 -4.661446E-06 -1.589872E-06
201068  6.523939E-06  2.941376E-06
201069  4.916096E-06  1.921898E-06
201070  2.314269E-06 -3.343316E-06
201071 -9.749132E-06 -8.543757E-06
201072 -4.685746E-06  2.954050E-06
201073 -1.647388E-06  1.122972E-05
201074  3.729742E-06  8.796655E-06
201075 -2.521939E-06 -4.055507E-06
201076  1.888322E-06 -9.780302E-06
201077  6.212638E-06 -4.063317E-06
201078  5.154930E-06  7.008143E-06
201079  1.665023E-05  4.267669E-06
201080  2.012189E-05 -1.241583E-06
201081  6.188091E-06 -1.210722E-06
201082  8.770740E-06 -1.991397E-06
201083  8.450388E-06 -1.081763E-06
201084 -2.856845E-06 -2.697956E-06
201085  1.479087E-06 -1.150151E-05
201086  5.726064E-06 -1.018381E-05
201087  3.999558E-06 -1.834900E-06
201088  7.991034E-06  1.218795E-05
201089  6.673784E-07  7.621712E-06
201090 -2.573788E-06  3.095444E-07
201091 -8.297763E-06 -5.903393E-06
201092 -2.893615E-06  1.578679E-06
201093 -1.668952E-06 -6.256236E-07
201094  5.587192E-06 -5.256886E-07
201095  2.804681E-06 -1.914462E-06
201096 -5.904982E-06  3.770977E-07
201097 -4.622826E-06  3.741632E-06
201098  9.397128E-07 -1.582301E-06
201099  6.549904E-06 -3.133120E-06
201100  7.453452E-08  1.440701E-06
201101 -7.102929E-06 -3.253502E-07
201102 -9.774311E-07  2.817004E-06
201103  5.508682E-06  6.698264E-07
201104  7.342723E-06  2.895612E-06
201105  1.133827E-06 -4.595469E-06
201106 -2.905245E-06 -4.472078E-06
201107  6.759432E-06  2.969901E-06
201108  7.449816E-07  4.284369E-06
201109 -2.279465E-06 -8.003205E-07
201110 -5.749431E-06 -3.557987E-06
201111  1.516654E-06  1.836667E-06
201112  3.507000E-06  4.631680E-07
201113  1.098360E-06  3.406665E-06
201114  2.551635E-06 -6.794463E-06
201115 -4.984433E-06 -5.332336E-06
201116 -4.550360E-06 -8.680243E-07
201117 -3.757210E-06 -8.691823E-07
201118 -4.533251E-06 -1.049301E-06
201119 -4.905331E-06 -5.099996E-06
201120  2.294797E-06 -6.650230E-06
201121  8.728835E-07  3.205998E-06
201122  3.817275E-06  4.810454E-07
201123  1.662928E-06  1.928733E-06
201124 -5.464314E-06 -3.640099E-06
201125 -2.394164E-06 -9.735475E-07
201126  7.466105E-07  4.214020E-06
201127  7.129213E-06  2.948076E-06
201128 -2.777561E-06 -4.408436E-06
201129  1.336963E-06 -4.518469E-06
201130  7.480681E-06  2.886263E-06
201131  4.937522E-06  7.267484E-07
201132 -1.258737E-06  3.489790E-06
201133 -6.867413E-06 -2.529149E-07
201134  1.871893E-07  1.155713E-06
201135  6.534966E-06 -3.100417E-06
201136  1.027196E-06 -1.715039E-06
201137 -4.435490E-06  3.836035E-06
201138 -5.500981E-06  1.075670E-06
201139  2.743886E-06 -1.397738E-06
201140  5.454696E-06 -4.636531E-07
201141 -2.025355E-06 -4.103513E-07
201142 -2.891240E-06  1.472457E-06
201143 -8.138300E-06 -6.254764E-06
201144 -2.683237E-06  5.760001E-07
201145  6.485298E-07  7.571107E-06
201146  7.839143E-06  1.196257E-05
201147  3.702651E-06 -1.932169E-06
201148  5.966344E-06 -1.016778E-05
201149  1.421824E-06 -1.132146E-05
201150 -2.433450E-06 -2.466729E-06
201151  8.614233E-06 -8.317153E-07
201152  8.864814E-06 -1.940463E-06
201153 -2.766724E-06 -5.395350E-06
201154  8.016539E-07 -5.615432E-06
201155  3.723957E-06 -4.759358E-06
201156 -4.422717E-06 -8.069427E-06
201157  1.240556E-06 -1.391339E-05
201158  6.392019E-06 -6.609579E-06
201159  4.691860E-06 -3.279955E-07
201160  7.179962E-06  1.181080E-05
201161  4.038957E-06  4.208133E-06
201162  1.542452E-06  8.476755E-07
201163 -6.271609E-06 -3.047701E-06
201164 -7.898351E-06  2.566583E-06
201165 -5.382430E-06 -4.870261E-06
201166  5.158443E-06 -2.775552E-06
201167  7.519738E-06  4.095276E-07
201168 -2.483807E-06  2.323896E-06
201169 -7.733312E-06  1.981883E-06
201170 -2.988471E-06 -3.869121E-06
201171  7.655490E-06 -2.093073E-06
201172  4.058118E-06  3.783325E-06
201173 -6.391652E-06 -5.874371E-07
201174 -6.084437E-06 -1.497006E-07
201175  4.262900E-06  1.604951E-07
201176  9.329254E-06  5.802967E-06
201177  1.725855E-06 -9.084997E-07
201178 -4.778476E-06 -4.911561E-06
201179  5.126812E-06  3.943552E-06
201180  2.566330E-06  3.565508E-06
201181 -2.188590E-06 -1.571828E-06
201182 -8.026836E-06 -5.020141E-06
201183  1.276532E-06  2.772405E-06
201184  5.925236E-06  1.701080E-06
201185  4.790485E-06  1.428745E-06
201186  4.175318E-06 -6.673837E-06
201187 -7.030555E-06 -4.167875E-06
201188 -6.884861E-06  3.412712E-09
201189 -5.784322E-06 -2.156251E-07
201190 -6.845846E-06 -4.421409E-08
201191 -7.089455E-06 -3.927903E-06
201192  3.947903E-06 -6.589309E-06
201193  4.712126E-06  1.229867E-06
201194  6.273507E-06  1.826373E-06
201195  1.411311E-06  2.813608E-06
201196 -7.784651E-06 -5.057003E-06
201197 -2.232703E-06 -1.824423E-06
201198  2.647967E-06  3.522583E-06
201199  5.482408E-06  3.989512E-06
201200 -4.715656E-06 -4.865659E-06
201201  1.855162E-06 -7.452234E-07
201202  9.473417E-06  5.872007E-06
201203  3.800920E-06  2.569617E-08
201204 -6.548922E-06  2.627840E-07
201205 -6.357415E-06 -4.927513E-07
201206  4.213256E-06  3.614413E-06
201207  7.660024E-06 -1.969504E-06
201208 -2.875561E-06 -3.836157E-06
201209 -7.618143E-06  2.215724E-06
201210 -2.406832E-06  2.959179E-06
201211  7.249562E-06  8.067134E-07
201212  4.958389E-06 -2.685719E-06
201213 -5.755630E-06 -4.826538E-06
201214 -7.810546E-06  2.542148E-06
201215 -5.871370E-06 -3.307106E-06
201216  1.392575E-06  1.008947E-06
201217  3.974677E-06  4.099512E-06
201218  7.113373E-06  1.156016E-05
201219  4.579765E-06 -4.499430E-07
201220  6.763096E-06 -6.582132E-06
201221  1.150396E-06 -1.391101E-05
201222 -4.073181E-06 -7.835085E-06
201223  3.814156E-06 -4.440799E-06
201224  8.886069E-07 -5.648098E-06
