Mesh2HRTF 0.1.2
    1
    1  1225
200000  2.938828E-06  3.821844E-05
200001  7.655122E-06  3.893320E-05
200002  7.652788E-06  3.896907E-05
200003  7.643545E-06  3.907300E-05
200004  7.626250E-06  3.924108E-05
200005  7.599008E-06  3.946677E-05
200006  7.559180E-06  3.974086E-05
200007  7.503401E-06  4.005146E-05
200008  7.427601E-06  4.038401E-05
200009  7.327052E-06  4.072129E-05
200010  7.196438E-06  4.104363E-05
200011  7.029954E-06  4.132901E-05
200012  6.821443E-06  4.155352E-05
200013  6.564566E-06  4.169172E-05
200014  6.253024E-06  4.171734E-05
200015  5.880813E-06  4.160404E-05
200016  5.442518E-06  4.132627E-05
200017  4.933626E-06  4.086041E-05
200018  4.350917E-06  4.018586E-05
200019  3.692702E-06  3.928629E-05
200020  2.959254E-06  3.815080E-05
200021  2.153044E-06  3.677515E-05
200022  1.278981E-06  3.516269E-05
200023  3.445671E-07  3.332525E-05
200024 -6.400458E-07  3.128357E-05
200025 -1.662114E-06  2.906755E-05
200026 -2.706477E-06  2.671593E-05
200027 -3.755855E-06  2.427561E-05
200028 -4.791272E-06  2.180053E-05
200029 -5.792576E-06  1.935002E-05
200030 -6.739061E-06  1.698686E-05
200031 -7.610144E-06  1.477495E-05
200032 -8.386081E-06  1.277680E-05
200033 -9.048677E-06  1.105095E-05
200034 -9.581974E-06  9.649411E-06
200035 -9.972855E-06  8.615386E-06
200036 -1.021156E-05  7.981252E-06
200037 -1.029208E-05  7.767069E-06
200038 -1.021239E-05  7.979626E-06
200039 -9.974509E-06  8.612126E-06
200040 -9.584468E-06  9.644503E-06
200041 -9.052026E-06  1.104437E-05
200042 -8.390303E-06  1.276854E-05
200043 -7.615258E-06  1.476498E-05
200044 -6.745085E-06  1.697517E-05
200045 -5.799525E-06  1.933660E-05
200046 -4.799157E-06  2.178540E-05
200047 -3.764678E-06  2.425881E-05
200048 -2.716232E-06  2.669751E-05
200049 -1.672786E-06  2.904760E-05
200050 -6.516078E-07  3.126220E-05
200051  3.321547E-07  3.330259E-05
200052  1.265771E-06  3.513892E-05
200053  2.139103E-06  3.675044E-05
200054  2.944665E-06  3.812538E-05
200055  3.677560E-06  3.926038E-05
200056  4.335333E-06  4.015971E-05
200057  4.917736E-06  4.083427E-05
200058  5.426439E-06  4.130039E-05
200059  5.864705E-06  4.157868E-05
200060  6.237049E-06  4.169275E-05
200061  6.548892E-06  4.166812E-05
200062  6.806246E-06  4.153114E-05
200063  7.015413E-06  4.130806E-05
200064  7.182730E-06  4.102428E-05
200065  7.314351E-06  4.070371E-05
200066  7.416073E-06  4.036833E-05
200067  7.493202E-06  4.003782E-05
200068  7.550450E-06  3.972935E-05
200069  7.591868E-06  3.945747E-05
200070  7.620803E-06  3.923405E-05
200071  7.639870E-06  3.906829E-05
200072  7.650937E-06  3.896671E-05
200073  5.776224E-06  2.075324E-05
200074  5.796714E-06  2.087304E-05
200075  5.853664E-06  2.122892E-05
200076  5.946089E-06  2.181974E-05
200077  6.072185E-06  2.264283E-05
200078  6.229075E-06  2.369284E-05
200079  6.412448E-06  2.496028E-05
200080  6.616122E-06  2.642979E-05
200081  6.831565E-06  2.807824E-05
200082  7.047407E-06  2.987284E-05
200083  7.248998E-06  3.176952E-05
200084  7.418085E-06  3.371145E-05
200085  7.532673E-06  3.562833E-05
200086  7.567158E-06  3.743622E-05
200087  7.492769E-06  3.903841E-05
200088  7.278396E-06  4.032724E-05
200089  6.891797E-06  4.118720E-05
200090  6.301183E-06  4.149915E-05
200091  5.477126E-06  4.114579E-05
200092  4.394683E-06  4.001819E-05
200093  3.035630E-06  3.802307E-05
200094  1.390629E-06  3.509060E-05
200095 -5.388504E-07  3.118210E-05
200096 -2.739006E-06  2.629714E-05
200097 -5.182769E-06  2.047940E-05
200098 -7.829577E-06  1.382049E-05
200099 -1.062593E-05  6.461379E-06
200100 -1.350677E-05 -1.409348E-06
200101 -1.639768E-05 -9.560497E-06
200102 -1.921769E-05 -1.772668E-05
200103 -2.188274E-05 -2.561984E-05
200104 -2.430939E-05 -3.294339E-05
200105 -2.641869E-05 -3.940800E-05
200106 -2.813999E-05 -4.474804E-05
200107 -2.941432E-05 -4.873740E-05
200108 -3.019737E-05 -5.120349E-05
200109 -3.046162E-05 -5.203810E-05
200110 -3.019777E-05 -5.120440E-05
200111 -2.941518E-05 -4.873933E-05
200112 -2.814142E-05 -4.475117E-05
200113 -2.642084E-05 -3.941262E-05
200114 -2.431244E-05 -3.294983E-05
200115 -2.188689E-05 -2.562847E-05
200116 -1.922313E-05 -1.773789E-05
200117 -1.640460E-05 -9.574651E-06
200118 -1.351534E-05 -1.426770E-06
200119 -1.063628E-05  6.440439E-06
200120 -7.841811E-06  1.379588E-05
200121 -5.196959E-06  2.045107E-05
200122 -2.755189E-06  2.626519E-05
200123 -5.570325E-07  3.114672E-05
200124  1.370468E-06  3.505215E-05
200125  3.013541E-06  3.798199E-05
200126  4.370743E-06  3.997504E-05
200127  5.451445E-06  4.110119E-05
200128  6.273908E-06  4.145376E-05
200129  6.863116E-06  4.114173E-05
200130  7.248545E-06  4.028236E-05
200131  7.462035E-06  3.899476E-05
200132  7.535881E-06  3.739439E-05
200133  7.501246E-06  3.558881E-05
200134  7.386942E-06  3.367466E-05
200135  7.218610E-06  3.173577E-05
200136  7.018265E-06  2.984236E-05
200137  6.804163E-06  2.805117E-05
200138  6.590942E-06  2.640621E-05
200139  6.389945E-06  2.494020E-05
200140  6.209659E-06  2.367623E-05
200141  6.056211E-06  2.262965E-05
200142  5.933848E-06  2.180993E-05
200143  5.845379E-06  2.122241E-05
200144  5.792534E-06  2.086980E-05
200145  1.246170E-06 -1.222015E-06
200146  1.271249E-06 -1.103178E-06
200147  1.341631E-06 -7.425272E-07
200148  1.460364E-06 -1.240056E-07
200149  1.632298E-06  7.771824E-07
200150  1.863632E-06  1.991740E-06
200151  2.161167E-06  3.552425E-06
200152  2.531167E-06  5.489300E-06
200153  2.977806E-06  7.824257E-06
200154  3.501222E-06  1.056504E-05
200155  4.095299E-06  1.369907E-05
200156  4.745373E-06  1.718738E-05
200157  5.426130E-06  2.095908E-05
200158  6.100011E-06  2.490689E-05
200159  6.716434E-06  2.888408E-05
200160  7.212118E-06  3.270358E-05
200161  7.512722E-06  3.613975E-05
200162  7.535888E-06  3.893333E-05
200163  7.195674E-06  4.080013E-05
200164  6.408187E-06  4.144366E-05
200165  5.098095E-06  4.057176E-05
200166  3.205541E-06  3.791674E-05
200167  6.928845E-07  3.325820E-05
200168 -2.449370E-06  2.644718E-05
200169 -6.198079E-06  1.742953E-05
200170 -1.049496E-05  6.266413E-06
200171 -1.524642E-05 -6.850819E-06
200172 -2.032602E-05 -2.159372E-05
200173 -2.557927E-05 -3.749996E-05
200174 -3.083076E-05 -5.398796E-05
200175 -3.589287E-05 -7.038330E-05
200176 -4.057556E-05 -8.595573E-05
200177 -4.469654E-05 -9.996468E-05
200178 -4.809113E-05 -1.117095E-04
200179 -5.062109E-05 -1.205799E-04
200180 -5.218210E-05 -1.261023E-04
200181 -5.270932E-05 -1.279767E-04
200182 -5.218081E-05 -1.261004E-04
200183 -5.061870E-05 -1.205763E-04
200184 -4.808802E-05 -1.117047E-04
200185 -4.469322E-05 -9.995945E-05
200186 -4.057260E-05 -8.595093E-05
200187 -3.589089E-05 -7.037993E-05
200188 -3.083032E-05 -5.398707E-05
200189 -2.558085E-05 -3.750256E-05
200190 -2.033000E-05 -2.160076E-05
200191 -1.525307E-05 -6.863079E-06
200192 -1.050441E-05  6.248354E-06
200193 -6.210387E-06  1.740535E-05
200194 -2.464527E-06  2.641683E-05
200195  6.749137E-07  3.322195E-05
200196  3.184794E-06  3.787515E-05
200197  5.074592E-06  4.052567E-05
200198  6.381926E-06  4.139413E-05
200199  7.166649E-06  4.074839E-05
200200  7.504104E-06  3.888072E-05
200201  7.478234E-06  3.608760E-05
200202  7.175073E-06  3.265314E-05
200203  6.677103E-06  2.883646E-05
200204  6.058817E-06  2.486299E-05
200205  5.383657E-06  2.091956E-05
200206  4.702353E-06  1.715262E-05
200207  4.052587E-06  1.366922E-05
200208  3.459744E-06  1.054001E-05
200209  2.938502E-06  7.803764E-06
200210  2.494933E-06  5.472933E-06
200211  2.128803E-06  3.539690E-06
200212  1.835803E-06  1.982117E-06
200213  1.609523E-06  7.701719E-07
200214  1.443013E-06 -1.288446E-07
200215  1.329948E-06 -7.455480E-07
200216  1.265375E-06 -1.104626E-06
200217 -2.199170E-06 -1.535398E-05
200218 -2.200628E-06 -1.534119E-05
200219 -2.208022E-06 -1.528745E-05
200220 -2.214445E-06 -1.515479E-05
200221 -2.207811E-06 -1.488247E-05
200222 -2.170241E-06 -1.439071E-05
200223 -2.077886E-06 -1.358596E-05
200224 -1.901670E-06 -1.236766E-05
200225 -1.609359E-06 -1.063646E-05
200226 -1.169125E-06 -8.303522E-06
200227 -5.544338E-07 -5.300917E-06
200228  2.500500E-07 -1.592495E-06
200229  1.242320E-06  2.814946E-06
200230  2.397367E-06  7.860774E-06
200231  3.662858E-06  1.342051E-05
200232  4.956894E-06  1.929751E-05
200233  6.168455E-06  2.521746E-05
200234  7.160907E-06  3.082706E-05
200235  7.778719E-06  3.569845E-05
200236  7.857254E-06  3.934111E-05
200237  7.235149E-06  4.122249E-05
200238  5.768433E-06  4.079833E-05
200239  3.345207E-06  3.755235E-05
200240 -1.006134E-07  3.104384E-05
200241 -4.578027E-06  2.096017E-05
200242 -1.003163E-05  7.169347E-06
200243 -1.633928E-05 -1.023315E-05
200244 -2.331536E-05 -3.089018E-05
200245 -3.071933E-05 -5.416798E-05
200246 -3.826899E-05 -7.916598E-05
200247 -4.565705E-05 -1.047546E-04
200248 -5.256946E-05 -1.296409E-04
200249 -5.870401E-05 -1.524584E-04
200250 -6.378775E-05 -1.718734E-04
200251 -6.759210E-05 -1.866974E-04
200252 -6.994508E-05 -1.959925E-04
200253 -7.074004E-05 -1.991580E-04
200254 -6.994102E-05 -1.959873E-04
200255 -6.758447E-05 -1.866874E-04
200256 -6.377743E-05 -1.718594E-04
200257 -5.869220E-05 -1.524415E-04
200258 -5.255749E-05 -1.296226E-04
200259 -4.564622E-05 -1.047364E-04
200260 -3.826044E-05 -7.914951E-05
200261 -3.071391E-05 -5.415481E-05
200262 -2.331360E-05 -3.088180E-05
200263 -1.634136E-05 -1.023085E-05
200264 -1.003746E-05  7.164590E-06
200265 -4.587326E-06  2.094772E-05
200266 -1.130079E-07  3.102347E-05
200267  3.330059E-06  3.752430E-05
200268  5.750759E-06  4.076335E-05
200269  7.215000E-06  4.118176E-05
200270  7.834493E-06  3.929623E-05
200271  7.753048E-06  3.565130E-05
200272  7.131941E-06  3.077968E-05
200273  6.135822E-06  2.517189E-05
200274  4.920356E-06  1.925561E-05
200275  3.622430E-06  1.338382E-05
200276  2.353407E-06  7.830417E-06
200277  1.195573E-06  2.791529E-06
200278  2.016352E-07 -1.608880E-06
200279 -6.031011E-07 -5.310663E-06
200280 -1.216470E-06 -8.307424E-06
200281 -1.653823E-06 -1.063560E-05
200282 -1.941869E-06 -1.236331E-05
200283 -2.112773E-06 -1.357942E-05
200284 -2.199174E-06 -1.438322E-05
200285 -2.230566E-06 -1.487512E-05
200286 -2.231091E-06 -1.514849E-05
200287 -2.218851E-06 -1.528288E-05
200288 -2.205946E-06 -1.533879E-05
200289 -2.733091E-06 -1.759633E-05
200290 -2.775003E-06 -1.773063E-05
200291 -2.900513E-06 -1.810996E-05
200292 -3.105924E-06 -1.868383E-05
200293 -3.382044E-06 -1.936981E-05
200294 -3.710117E-06 -2.005652E-05
200295 -4.057990E-06 -2.060816E-05
200296 -4.377988E-06 -2.087099E-05
200297 -4.607722E-06 -2.068164E-05
200298 -4.674520E-06 -1.987707E-05
200299 -4.503389E-06 -1.830593E-05
200300 -4.027710E-06 -1.584092E-05
200301 -3.201205E-06 -1.239218E-05
200302 -2.009520E-06 -7.921655E-06
200303 -4.798301E-07 -2.458542E-06
200304  1.312826E-06  3.884341E-06
200305  3.243332E-06  1.089423E-05
200306  5.138976E-06  1.824384E-05
200307  6.786969E-06  2.548135E-05
200308  7.947115E-06  3.202877E-05
200309  8.369382E-06  3.719275E-05
200310  7.815531E-06  4.019170E-05
200311  6.083086E-06  4.020210E-05
200312  3.029141E-06  3.642436E-05
200313 -1.409046E-06  2.816593E-05
200314 -7.199722E-06  1.493546E-05
200315 -1.421092E-05 -3.461843E-06
200316 -2.221452E-05 -2.684046E-05
200317 -3.089973E-05 -5.457697E-05
200318 -3.989422E-05 -8.559234E-05
200319 -4.879024E-05 -1.183845E-04
200320 -5.717248E-05 -1.511158E-04
200321 -6.464477E-05 -1.817512E-04
200322 -7.085350E-05 -2.082367E-04
200323 -7.550626E-05 -2.286959E-04
200324 -7.838554E-05 -2.416227E-04
200325 -7.935775E-05 -2.460417E-04
200326 -7.837814E-05 -2.416155E-04
200327 -7.549238E-05 -2.286821E-04
200328 -7.083483E-05 -2.082172E-04
200329 -6.462353E-05 -1.817275E-04
200330 -5.715107E-05 -1.510895E-04
200331 -4.877093E-05 -1.183575E-04
200332 -3.987883E-05 -8.556625E-05
200333 -3.088946E-05 -5.455347E-05
200334 -2.220986E-05 -2.682106E-05
200335 -1.421167E-05 -3.447885E-06
200336 -7.205176E-06  1.494286E-05
200337 -1.418189E-06  2.816596E-05
200338  3.017388E-06  3.641658E-05
200339  6.069642E-06  4.018657E-05
200340  7.800979E-06  4.016905E-05
200341  8.353863E-06  3.716421E-05
200342  7.930307E-06  3.199617E-05
200343  6.768151E-06  2.544695E-05
200344  5.117161E-06  1.821019E-05
200345  3.217476E-06  1.086392E-05
200346  1.282061E-06  3.859724E-06
200347 -5.159465E-07 -2.475569E-06
200348 -2.050800E-06 -7.929865E-06
200349 -3.246710E-06 -1.239114E-05
200350 -4.075758E-06 -1.583098E-05
200351 -4.551710E-06 -1.828820E-05
200352 -4.720551E-06 -1.985323E-05
200353 -4.648999E-06 -2.065374E-05
200354 -4.412555E-06 -2.084125E-05
200355 -4.084742E-06 -2.057872E-05
200356 -3.728971E-06 -2.002929E-05
200357 -3.393892E-06 -1.934637E-05
200358 -3.112367E-06 -1.866534E-05
200359 -2.903416E-06 -1.809724E-05
200360 -2.775985E-06 -1.772415E-05
200361 -7.800654E-07 -1.074845E-05
200362 -8.466941E-07 -1.098802E-05
200363 -1.042575E-06 -1.168250E-05
200364 -1.378776E-06 -1.278630E-05
200365 -1.866552E-06 -1.422282E-05
200366 -2.507096E-06 -1.588465E-05
200367 -3.280853E-06 -1.763542E-05
200368 -4.139426E-06 -1.931395E-05
200369 -5.002796E-06 -2.074084E-05
200370 -5.763516E-06 -2.172682E-05
200371 -6.297937E-06 -2.208200E-05
200372 -6.482808E-06 -2.162514E-05
200373 -6.214301E-06 -2.019321E-05
200374 -5.426164E-06 -1.765201E-05
200375 -4.104308E-06 -1.390988E-05
200376 -2.296316E-06 -8.936213E-06
200377 -1.155197E-07 -2.785767E-06
200378  2.260189E-06  4.371980E-06
200379  4.594838E-06  1.222181E-05
200380  6.606737E-06  2.027569E-05
200381  7.987587E-06  2.785725E-05
200382  8.428480E-06  3.410632E-05
200383  7.651444E-06  3.801134E-05
200384  5.443079E-06  3.847543E-05
200385  1.685269E-06  3.441719E-05
200386 -3.622529E-06  2.490173E-05
200387 -1.035384E-05  9.290045E-06
200388 -1.826068E-05 -1.261238E-05
200389 -2.699316E-05 -4.043184E-05
200390 -3.612980E-05 -7.315359E-05
200391 -4.521347E-05 -1.091227E-04
200392 -5.378744E-05 -1.461324E-04
200393 -6.142705E-05 -1.816008E-04
200394 -6.776412E-05 -2.128208E-04
200395 -7.250311E-05 -2.372531E-04
200396 -7.543003E-05 -2.528215E-04
200397 -7.641625E-05 -2.581662E-04
200398 -7.541937E-05 -2.528140E-04
200399 -7.248326E-05 -2.372388E-04
200400 -6.773776E-05 -2.128011E-04
200401 -6.139762E-05 -1.815773E-04
200402 -5.375861E-05 -1.461069E-04
200403 -4.518856E-05 -1.090968E-04
200404 -3.611131E-05 -7.312857E-05
200405 -2.698246E-05 -4.040870E-05
200406 -1.825795E-05 -1.259190E-05
200407 -1.035822E-05  9.307150E-06
200408 -3.632374E-06  2.491475E-05
200409  1.671939E-06  3.442541E-05
200410  5.428207E-06  3.847822E-05
200411  7.636586E-06  3.800831E-05
200412  8.414566E-06  3.409756E-05
200413  7.974811E-06  2.784350E-05
200414  6.594562E-06  2.025840E-05
200415  4.582099E-06  1.220310E-05
200416  2.245302E-06  4.354468E-06
200417 -1.342815E-07 -2.799253E-06
200418 -2.320468E-06 -8.942994E-06
200419 -4.134774E-06 -1.390779E-05
200420 -5.462928E-06 -1.763967E-05
200421 -6.256169E-06 -2.017026E-05
200422 -6.527366E-06 -2.159228E-05
200423 -6.341777E-06 -2.204088E-05
200424 -5.802735E-06 -2.167987E-05
200425 -5.033707E-06 -2.069093E-05
200426 -4.159347E-06 -1.926408E-05
200427 -3.288786E-06 -1.758840E-05
200428 -2.504100E-06 -1.584282E-05
200429 -1.855650E-06 -1.418793E-05
200430 -1.364374E-06 -1.275950E-05
200431 -1.029482E-06 -1.166442E-05
200432 -8.389831E-07 -1.097893E-05
200433  1.892311E-06 -6.921831E-07
200434  1.837772E-06 -9.469392E-07
200435  1.682090E-06 -1.694211E-06
200436  1.389123E-06 -2.909981E-06
200437  9.107072E-07 -4.549577E-06
200438  2.046986E-07 -6.543297E-06
200439 -7.451390E-07 -8.794051E-06
200440 -1.912408E-06 -1.117864E-05
200441 -3.219442E-06 -1.355281E-05
200442 -4.540173E-06 -1.575842E-05
200443 -5.715016E-06 -1.763028E-05
200444 -6.574827E-06 -1.900005E-05
200445 -6.968306E-06 -1.969678E-05
200446 -6.786523E-06 -1.954578E-05
200447 -5.980018E-06 -1.837041E-05
200448 -4.567210E-06 -1.600221E-05
200449 -2.635946E-06 -1.230416E-05
200450 -3.411518E-07 -7.208966E-06
200451  2.099768E-06 -7.699842E-07
200452  4.414824E-06  6.781757E-06
200453  6.291879E-06  1.498505E-05
200454  7.402782E-06  2.311366E-05
200455  7.437667E-06  3.017332E-05
200456  6.145641E-06  3.494332E-05
200457  3.374363E-06  3.607113E-05
200458 -9.004167E-07  3.222101E-05
200459 -6.562642E-06  2.226638E-05
200460 -1.336425E-05  5.503688E-06
200461 -2.095215E-05 -1.814569E-05
200462 -2.890792E-05 -4.798583E-05
200463 -3.679199E-05 -8.248795E-05
200464 -4.418423E-05 -1.193520E-04
200465 -5.071512E-05 -1.556980E-04
200466 -5.608423E-05 -1.883722E-04
200467 -6.006673E-05 -2.143290E-04
200468 -6.251068E-05 -2.310293E-04
200469 -6.332995E-05 -2.367899E-04
200470 -6.249745E-05 -2.310220E-04
200471 -6.004229E-05 -2.143156E-04
200472 -5.605225E-05 -1.883546E-04
200473 -5.068026E-05 -1.556786E-04
200474 -4.415136E-05 -1.193329E-04
200475 -3.676535E-05 -8.247054E-05
200476 -2.889051E-05 -4.797064E-05
200477 -2.094530E-05 -1.813246E-05
200478 -1.336761E-05  5.515607E-06
200479 -6.574468E-06  2.227765E-05
200480 -9.180553E-07  3.223195E-05
200481  3.353847E-06  3.608149E-05
200482  6.124899E-06  3.495235E-05
200483  7.418649E-06  3.018003E-05
200484  7.386519E-06  2.311718E-05
200485  6.278450E-06  1.498504E-05
200486  4.403455E-06  6.778675E-06
200487  2.089005E-06 -7.747748E-07
200488 -3.532135E-07 -7.213289E-06
200489 -2.651379E-06 -1.230531E-05
200490 -4.587881E-06 -1.599736E-05
200491 -6.007132E-06 -1.835711E-05
200492 -6.820144E-06 -1.952234E-05
200493 -7.006966E-06 -1.966259E-05
200494 -6.615378E-06 -1.895575E-05
200495 -5.752857E-06 -1.757767E-05
200496 -4.569916E-06 -1.570025E-05
200497 -3.235973E-06 -1.349239E-05
200498 -1.912150E-06 -1.111947E-05
200499 -7.272161E-07 -8.739325E-06
200500  2.377574E-07 -6.495597E-06
200501  9.530281E-07 -4.510645E-06
200502  1.432441E-06 -2.880711E-06
200503  1.717456E-06 -1.674834E-06
200504  1.857621E-06 -9.373321E-07
200505  3.515540E-06  7.425922E-06
200506  3.510865E-06  7.243852E-06
200507  3.509058E-06  6.702351E-06
200508  3.445428E-06  5.793886E-06
200509  3.227872E-06  4.516190E-06
200510  2.762003E-06  2.882762E-06
200511  1.980483E-06  9.304279E-07
200512  8.697917E-07 -1.279352E-06
200513 -5.133172E-07 -3.665889E-06
200514 -2.041959E-06 -6.138456E-06
200515 -3.537875E-06 -8.603825E-06
200516 -4.804605E-06 -1.096654E-05
200517 -5.665365E-06 -1.311907E-05
200518 -5.994157E-06 -1.492387E-05
200519 -5.732090E-06 -1.619461E-05
200520 -4.888129E-06 -1.668720E-05
200521 -3.530539E-06 -1.611052E-05
200522 -1.777923E-06 -1.416316E-05
200523  2.044151E-07 -1.059603E-05
200524  2.203992E-06 -5.294528E-06
200525  3.963842E-06  1.632131E-06
200526  5.197098E-06  9.770509E-06
200527  5.617791E-06  1.835104E-05
200528  4.984448E-06  2.624465E-05
200529  3.145930E-06  3.202554E-05
200530  7.611112E-08  3.410991E-05
200531 -4.113346E-06  3.096728E-05
200532 -9.186122E-06  2.138335E-05
200533 -1.481650E-05  4.734652E-06
200534 -2.063725E-05 -1.877796E-05
200535 -2.628856E-05 -4.799418E-05
200536 -3.145784E-05 -8.080402E-05
200537 -3.590381E-05 -1.143255E-04
200538 -3.946309E-05 -1.452394E-04
200539 -4.204134E-05 -1.702364E-04
200540 -4.359460E-05 -1.865000E-04
200541 -4.410810E-05 -1.921401E-04
200542 -4.357985E-05 -1.864917E-04
200543 -4.201429E-05 -1.702218E-04
200544 -3.942820E-05 -1.452218E-04
200545 -3.586669E-05 -1.143085E-04
200546 -3.142425E-05 -8.079084E-05
200547 -2.626340E-05 -4.798635E-05
200548 -2.062374E-05 -1.877532E-05
200549 -1.481576E-05  4.733789E-06
200550 -9.197173E-06  2.138152E-05
200551 -4.133558E-06  3.096708E-05
200552  5.028054E-08  3.411315E-05
200553  3.118098E-06  3.203286E-05
200554  4.957590E-06  2.625538E-05
200555  5.593804E-06  1.836354E-05
200556  5.176702E-06  9.782785E-06
200557  3.946752E-06  1.642423E-06
200558  2.189198E-06 -5.287184E-06
200559  1.904527E-07 -1.059149E-05
200560 -1.792789E-06 -1.416007E-05
200561 -3.548144E-06 -1.610661E-05
200562 -4.910159E-06 -1.667960E-05
200563 -5.759666E-06 -1.618050E-05
200564 -6.027291E-06 -1.490100E-05
200565 -5.702407E-06 -1.308627E-05
200566 -4.841923E-06 -1.092391E-05
200567 -3.569974E-06 -8.552795E-06
200568 -2.062197E-06 -6.081598E-06
200569 -5.152247E-07 -3.606550E-06
200570  8.907858E-07 -1.221191E-06
200571  2.025320E-06  9.839571E-07
200572  2.826811E-06  2.928896E-06
200573  3.303852E-06  4.553183E-06
200574  3.520113E-06  5.821082E-06
200575  3.568821E-06  6.719944E-06
200576  3.544089E-06  7.252421E-06
200577  3.243061E-06  1.114424E-05
200578  3.309095E-06  1.108598E-05
200579  3.524575E-06  1.090247E-05
200580  3.801987E-06  1.055290E-05
200581  4.011499E-06  9.986159E-06
200582  4.009721E-06  9.158523E-06
200583  3.676059E-06  8.047149E-06
200584  2.949194E-06  6.653627E-06
200585  1.853059E-06  4.996208E-06
200586  5.017066E-07  3.094821E-06
200587 -9.223652E-07  9.576843E-07
200588 -2.212051E-06 -1.420309E-06
200589 -3.186935E-06 -4.040579E-06
200590 -3.732721E-06 -6.865999E-06
200591 -3.814664E-06 -9.777881E-06
200592 -3.464157E-06 -1.254081E-05
200593 -2.751381E-06 -1.479188E-05
200594 -1.762682E-06 -1.606552E-05
200595 -5.954320E-07 -1.585667E-05
200596  6.303992E-07 -1.371666E-05
200597  1.757144E-06 -9.369445E-06
200598  2.587719E-06 -2.831067E-06
200599  2.907515E-06  5.489464E-06
200600  2.527220E-06  1.473319E-05
200601  1.332182E-06  2.360423E-05
200602 -6.805273E-07  3.047353E-05
200603 -3.391756E-06  3.358021E-05
200604 -6.580526E-06  3.131574E-05
200605 -9.967850E-06  2.255061E-05
200606 -1.327030E-05  6.940738E-06
200607 -1.624875E-05 -1.485894E-05
200608 -1.874130E-05 -4.113872E-05
200609 -2.067534E-05 -6.927416E-05
200610 -2.205854E-05 -9.605899E-05
200611 -2.295318E-05 -1.181826E-04
200612 -2.344139E-05 -1.327667E-04
200613 -2.359028E-05 -1.378549E-04
200614 -2.342628E-05 -1.327552E-04
200615 -2.292563E-05 -1.181627E-04
200616 -2.202340E-05 -9.603589E-05
200617 -2.063871E-05 -6.925383E-05
200618 -1.870936E-05 -4.112593E-05
200619 -1.622667E-05 -1.485611E-05
200620 -1.326133E-05  6.934038E-06
200621 -9.972819E-06  2.253731E-05
200622 -6.597927E-06  3.130029E-05
200623 -3.418295E-06  3.356729E-05
200624 -7.120685E-07  3.046678E-05
200625  1.299566E-06  2.360541E-05
200626  2.496393E-06  1.474196E-05
200627  2.879870E-06  5.503761E-06
200628  2.563274E-06 -2.814285E-06
200629  1.735020E-06 -9.353323E-06
200630  6.093801E-07 -1.370366E-05
200631 -6.165209E-07 -1.584800E-05
200632 -1.784878E-06 -1.606089E-05
200633 -2.775671E-06 -1.478952E-05
200634 -3.491490E-06 -1.253788E-05
200635 -3.845708E-06 -9.771117E-06
200636 -3.767326E-06 -6.852457E-06
200637 -3.223461E-06 -4.018248E-06
200638 -2.246828E-06 -1.388493E-06
200639 -9.496043E-07  9.982636E-07
200640  4.893174E-07  3.142156E-06
200641  1.862959E-06  5.047289E-06
200642  2.986896E-06  6.704861E-06
200643  3.742882E-06  8.094906E-06
200644  4.101027E-06  9.199742E-06
200645  4.116223E-06  1.001887E-05
200646  3.904013E-06  1.057646E-05
200647  3.605940E-06  1.091731E-05
200648  3.354279E-06  1.109304E-05
200649  1.298660E-06  1.060294E-05
200650  1.432564E-06  1.067482E-05
200651  1.858043E-06  1.087056E-05
200652  2.477908E-06  1.112111E-05
200653  3.141962E-06  1.133469E-05
200654  3.673968E-06  1.142168E-05
200655  3.910292E-06  1.131419E-05
200656  3.743935E-06  1.097207E-05
200657  3.161207E-06  1.037220E-05
200658  2.254996E-06  9.485600E-06
200659  1.203116E-06  8.253867E-06
200660  2.138951E-07  6.580276E-06
200661 -5.414522E-07  4.347613E-06
200662 -9.799520E-07  1.465232E-06
200663 -1.117827E-06 -2.065514E-06
200664 -1.038749E-06 -6.088712E-06
200665 -8.406025E-07 -1.025756E-05
200666 -5.927350E-07 -1.404085E-05
200667 -3.264443E-07 -1.677727E-05
200668 -5.889254E-08 -1.777251E-05
200669  1.702488E-07 -1.642734E-05
200670  2.768340E-07 -1.238092E-05
200671  1.423495E-07 -5.648677E-06
200672 -3.459115E-07  3.272347E-06
200673 -1.243751E-06  1.336226E-05
200674 -2.513094E-06  2.313182E-05
200675 -4.016886E-06  3.078953E-05
200676 -5.548356E-06  3.451751E-05
200677 -6.882790E-06  3.282018E-05
200678 -7.833235E-06  2.487946E-05
200679 -8.293638E-06  1.083218E-05
200680 -8.260083E-06 -8.109735E-06
200681 -7.828035E-06 -2.974872E-05
200682 -7.168389E-06 -5.120611E-05
200683 -6.488010E-06 -6.939538E-05
200684 -5.982686E-06 -8.157283E-05
200685 -5.792279E-06 -8.585008E-05
200686 -5.968293E-06 -8.155589E-05
200687 -6.461866E-06 -6.936605E-05
200688 -7.135264E-06 -5.117209E-05
200689 -7.793914E-06 -2.971855E-05
200690 -8.231039E-06 -8.090429E-06
200691 -8.274719E-06  1.083684E-05
200692 -7.827556E-06  2.486963E-05
200693 -6.891017E-06  3.279960E-05
200694 -5.568733E-06  3.449219E-05
200695 -4.045837E-06  3.076607E-05
200696 -2.546277E-06  2.311561E-05
200697 -1.277277E-06  1.335632E-05
200698 -3.773307E-07  3.276884E-06
200699  1.136541E-07 -5.635869E-06
200700  2.499628E-07 -1.236357E-05
200701  1.436164E-07 -1.640964E-05
200702 -8.665910E-08 -1.775818E-05
200703 -3.559908E-07 -1.676875E-05
200704 -6.240298E-07 -1.403879E-05
200705 -8.733614E-07 -1.026071E-05
200706 -1.072823E-06 -6.094210E-06
200707 -1.153207E-06 -2.069639E-06
200708 -1.016305E-06  1.466131E-06
200709 -5.773617E-07  4.356321E-06
200710  1.816570E-07  6.598265E-06
200711  1.179948E-06  8.281184E-06
200712  2.248129E-06  9.520969E-06
200713  3.178455E-06  1.041320E-05
200714  3.791536E-06  1.101537E-05
200715  3.990242E-06  1.135606E-05
200716  3.781677E-06  1.145862E-05
200717  3.265264E-06  1.136421E-05
200718  2.598309E-06  1.114220E-05
200719  1.954365E-06  1.088360E-05
200720  1.486181E-06  1.068090E-05
200721 -1.451377E-06  7.376072E-06
200722 -1.271250E-06  7.551077E-06
200723 -6.996524E-07  8.049459E-06
200724  1.724760E-07  8.783258E-06
200725  1.196913E-06  9.633859E-06
200726  2.187558E-06  1.048250E-05
200727  2.955510E-06  1.123521E-05
200728  3.356965E-06  1.183166E-05
200729  3.340764E-06  1.223299E-05
200730  2.973870E-06  1.239180E-05
200731  2.424539E-06  1.221732E-05
200732  1.899728E-06  1.155469E-05
200733  1.559533E-06  1.019656E-05
200734  1.450394E-06  7.934527E-06
200735  1.493792E-06  4.640726E-06
200736  1.536989E-06  3.540866E-07
200737  1.435728E-06 -4.658796E-06
200738  1.120994E-06 -9.890140E-06
200739  6.149115E-07 -1.463155E-05
200740 -5.605839E-09 -1.806301E-05
200741 -6.680106E-07 -1.937881E-05
200742 -1.346960E-06 -1.793721E-05
200743 -2.065949E-06 -1.341665E-05
200744 -2.859604E-06 -5.954121E-06
200745 -3.721330E-06  3.767745E-06
200746 -4.567868E-06  1.452168E-05
200747 -5.241226E-06  2.465458E-05
200748 -5.547680E-06  3.233124E-05
200749 -5.315856E-06  3.587537E-05
200750 -4.450552E-06  3.414307E-05
200751 -2.965625E-06  2.683942E-05
200752 -9.906229E-07  1.468882E-05
200753  1.246013E-06 -6.031382E-07
200754  3.451577E-06 -1.660943E-05
200755  5.316011E-06 -3.062100E-05
200756  6.564649E-06 -4.017531E-05
200757  7.007918E-06 -4.355658E-05
200758  6.577390E-06 -4.015209E-05
200759  5.339153E-06 -3.058051E-05
200760  3.480902E-06 -1.656169E-05
200761  1.276223E-06 -5.593159E-07
200762 -9.649475E-07  1.471941E-05
200763 -2.949065E-06  2.685144E-05
200764 -4.446022E-06  3.413600E-05
200765 -5.324062E-06  3.585319E-05
200766 -5.567023E-06  3.230098E-05
200767 -5.268308E-06  2.462427E-05
200768 -4.598534E-06  1.449822E-05
200769 -3.751985E-06  3.755311E-06
200770 -2.888321E-06 -5.954684E-06
200771 -2.092901E-06 -1.340741E-05
200772 -1.373939E-06 -1.792214E-05
200773 -6.972602E-07 -1.936269E-05
200774 -3.857758E-08 -1.805035E-05
200775  5.782157E-07 -1.462570E-05
200776  1.081804E-06 -9.892496E-06
200777  1.395697E-06 -4.668458E-06
200778  1.497410E-06  3.400915E-07
200779  1.455346E-06  4.626555E-06
200780  1.413530E-06  7.924361E-06
200781  1.525271E-06  1.019365E-05
200782  1.870519E-06  1.156095E-05
200783  2.404860E-06  1.223332E-05
200784  2.970214E-06  1.241699E-05
200785  3.360706E-06  1.226569E-05
200786  3.407130E-06  1.186908E-05
200787  3.038735E-06  1.127363E-05
200788  2.300057E-06  1.051796E-05
200789  1.326707E-06  9.663081E-06
200790  3.002656E-07  8.804519E-06
200791 -5.967186E-07  8.062703E-06
200792 -1.213697E-06  7.557258E-06
200793 -4.066997E-06  3.259688E-06
200794 -3.870071E-06  3.495567E-06
200795 -3.240370E-06  4.175125E-06
200796 -2.248864E-06  5.202688E-06
200797 -1.021461E-06  6.448517E-06
200798  2.684889E-07  7.781926E-06
200799  1.426277E-06  9.099508E-06
200800  2.283076E-06  1.033709E-05
200801  2.753120E-06  1.145854E-05
200802  2.874365E-06  1.242268E-05
200803  2.801968E-06  1.313961E-05
200804  2.741960E-06  1.343698E-05
200805  2.848427E-06  1.305946E-05
200806  3.138116E-06  1.171595E-05
200807  3.474851E-06  9.168620E-06
200808  3.636766E-06  5.336419E-06
200809  3.427904E-06  3.762949E-07
200810  2.769281E-06 -5.285320E-06
200811  1.721553E-06 -1.097894E-05
200812  4.368549E-07 -1.586889E-05
200813 -9.214496E-07 -1.906816E-05
200814 -2.240378E-06 -1.978001E-05
200815 -3.468601E-06 -1.745409E-05
200816 -4.579778E-06 -1.193790E-05
200817 -5.518421E-06 -3.593223E-06
200818 -6.166104E-06  6.661103E-06
200819 -6.350553E-06  1.741730E-05
200820 -5.893448E-06  2.697624E-05
200821 -4.672176E-06  3.365762E-05
200822 -2.667895E-06  3.616358E-05
200823  1.507149E-08  3.390654E-05
200824  3.157607E-06  2.720822E-05
200825  6.453082E-06  1.730358E-05
200826  9.545970E-06  6.131432E-06
200827  1.207834E-05 -4.051403E-06
200828  1.374125E-05 -1.114808E-05
200829  1.432413E-05 -1.368064E-05
200830  1.375162E-05 -1.111922E-05
200831  1.209726E-05 -4.000757E-06
200832  9.570157E-06  6.191979E-06
200833  6.478409E-06  1.736084E-05
200834  3.179763E-06  2.725105E-05
200835  3.022905E-08  3.392822E-05
200836 -2.662424E-06  3.616274E-05
200837 -4.677366E-06  3.363799E-05
200838 -5.908271E-06  2.694524E-05
200839 -6.372239E-06  1.738385E-05
200840 -6.191032E-06  6.633162E-06
200841 -5.543441E-06 -3.610580E-06
200842 -4.603433E-06 -1.194321E-05
200843 -3.491654E-06 -1.744910E-05
200844 -2.265276E-06 -1.976860E-05
200845 -9.509034E-07 -1.905523E-05
200846  4.014167E-07 -1.585932E-05
200847  1.680766E-06 -1.097658E-05
200848  2.725457E-06 -5.292036E-06
200849  3.383853E-06  3.612729E-07
200850  3.594674E-06  5.316281E-06
200851  3.435850E-06  9.147894E-06
200852  3.102642E-06  1.169905E-05
200853  2.817031E-06  1.304964E-05
200854  2.716214E-06  1.343607E-05
200855  2.785200E-06  1.314835E-05
200856  2.871953E-06  1.244109E-05
200857  2.771935E-06  1.148585E-05
200858  2.329765E-06  1.037133E-05
200859  1.504471E-06  9.137268E-06
200860  3.756779E-07  7.818851E-06
200861 -8.960288E-07  6.480452E-06
200862 -2.123834E-06  5.226875E-06
200863 -3.138702E-06  4.190694E-06
200864 -3.812890E-06  3.503003E-06
200865 -5.912729E-06 -4.376631E-07
200866 -5.725574E-06 -1.832694E-07
200867 -5.118348E-06  5.555015E-07
200868 -4.133857E-06  1.686343E-06
200869 -2.862252E-06  3.083401E-06
200870 -1.447360E-06  4.619174E-06
200871 -7.328420E-08  6.192929E-06
200872  1.077844E-06  7.744971E-06
200873  1.890044E-06  9.249204E-06
200874  2.370331E-06  1.068239E-05
200875  2.656962E-06  1.197731E-05
200876  2.954699E-06  1.297815E-05
200877  3.417836E-06  1.342454E-05
200878  4.045754E-06  1.298660E-05
200879  4.659774E-06  1.135267E-05
200880  4.982552E-06  8.342618E-06
200881  4.774413E-06  4.004490E-06
200882  3.945593E-06 -1.339714E-06
200883  2.584297E-06 -7.108921E-06
200884  8.977834E-07 -1.252855E-05
200885 -8.859513E-07 -1.673146E-05
200886 -2.594953E-06 -1.888335E-05
200887 -4.131472E-06 -1.832468E-05
200888 -5.434836E-06 -1.471641E-05
200889 -6.424667E-06 -8.166598E-06
200890 -6.967739E-06  6.980917E-07
200891 -6.892537E-06  1.075621E-05
200892 -6.043279E-06  2.053926E-05
200893 -4.341973E-06  2.849739E-05
200894 -1.827435E-06  3.333207E-05
200895  1.340358E-06  3.431049E-05
200896  4.901975E-06  3.147069E-05
200897  8.531174E-06  2.565242E-05
200898  1.187019E-05  1.833508E-05
200899  1.456828E-05  1.131463E-05
200900  1.632560E-05  6.294037E-06
200901  1.693818E-05  4.486018E-06
200902  1.633314E-05  6.326654E-06
200903  1.458219E-05  1.137210E-05
200904  1.188838E-05  1.840445E-05
200905  8.551015E-06  2.571939E-05
200906  4.920579E-06  3.152316E-05
200907  1.354849E-06  3.434084E-05
200908 -1.819505E-06  3.333811E-05
200909 -4.342035E-06  2.848226E-05
200910 -6.051201E-06  2.051022E-05
200911 -6.906538E-06  1.072248E-05
200912 -6.985006E-06  6.682258E-07
200913 -6.442577E-06 -8.186913E-06
200914 -5.452259E-06 -1.472525E-05
200915 -4.149452E-06 -1.832342E-05
200916 -2.616228E-06 -1.887560E-05
200917 -9.134154E-07 -1.672190E-05
200918  8.628374E-07 -1.252209E-05
200919  2.543046E-06 -7.109609E-06
200920  3.901137E-06 -1.349578E-06
200921  4.730296E-06  3.986295E-06
200922  4.941409E-06  8.319588E-06
200923  4.622860E-06  1.132959E-05
200924  4.013347E-06  1.296780E-05
200925  3.390056E-06  1.341276E-05
200926  2.932367E-06  1.297463E-05
200927  2.642354E-06  1.198257E-05
200928  2.367657E-06  1.069694E-05
200929  1.905241E-06  9.273350E-06
200930  1.117246E-06  7.777871E-06
200931 -5.497656E-09  6.231826E-06
200932 -1.352323E-06  4.659546E-06
200933 -2.748893E-06  3.120196E-06
200934 -4.019098E-06  1.715560E-06
200935 -5.023959E-06  5.751053E-07
200936 -5.672113E-06 -1.736143E-07
200937 -6.754121E-06 -3.068695E-06
200938 -6.594140E-06 -2.829768E-06
200939 -6.063554E-06 -2.129450E-06
200940 -5.175156E-06 -1.047144E-06
200941 -3.978495E-06  3.079129E-07
200942 -2.579440E-06  1.823546E-06
200943 -1.140740E-06  3.409639E-06
200944  1.520627E-07  5.012991E-06
200945  1.158369E-06  6.615428E-06
200946  1.854128E-06  8.210944E-06
200947  2.356784E-06  9.762789E-06
200948  2.866763E-06  1.115267E-05
200949  3.541305E-06  1.214866E-05
200950  4.373597E-06  1.242245E-05
200951  5.160950E-06  1.162782E-05
200952  5.591665E-06  9.517271E-06
200953  5.399595E-06  6.049457E-06
200954  4.491814E-06  1.445845E-06
200955  2.979463E-06 -3.816443E-06
200956  1.109360E-06 -9.062800E-06
200957 -8.485519E-07 -1.351040E-05
200958 -2.689263E-06 -1.637543E-05
200959 -4.295553E-06 -1.699242E-05
200960 -5.599740E-06 -1.494023E-05
200961 -6.523688E-06 -1.016091E-05
200962 -6.944575E-06 -3.043721E-06
200963 -6.711781E-06  5.566044E-06
200964 -5.703237E-06  1.446865E-05
200965 -3.884092E-06  2.232661E-05
200966 -1.334320E-06  2.795410E-05
200967  1.762013E-06  3.059977E-05
200968  5.148956E-06  3.013826E-05
200969  8.531427E-06  2.711179E-05
200970  1.160082E-05  2.260666E-05
200971  1.405964E-05  1.799365E-05
200972  1.565311E-05  1.459482E-05
200973  1.620663E-05  1.335925E-05
200974  1.565764E-05  1.462870E-05
200975  1.406823E-05  1.805345E-05
200976  1.161270E-05  2.267925E-05
200977  8.545605E-06  2.718283E-05
200978  5.164115E-06  3.019565E-05
200979  1.776331E-06  3.063562E-05
200980 -1.323049E-06  2.796558E-05
200981 -3.877862E-06  2.231606E-05
200982 -5.703012E-06  1.444273E-05
200983 -6.716999E-06  5.533833E-06
200984 -6.953416E-06 -3.073482E-06
200985 -6.534102E-06 -1.018223E-05
200986 -5.610777E-06 -1.495089E-05
200987 -4.308211E-06 -1.699353E-05
200988 -2.706173E-06 -1.637024E-05
200989 -8.724709E-07 -1.350331E-05
200990  1.077386E-06 -9.058530E-06
200991  2.940998E-06 -3.819010E-06
200992  4.450363E-06  1.434497E-06
200993  5.358924E-06  6.030428E-06
200994  5.554368E-06  9.494397E-06
200995  5.128070E-06  1.160599E-05
200996  4.345157E-06  1.240557E-05
200997  3.517131E-06  1.213856E-05
200998  2.847219E-06  1.114962E-05
200999  2.343414E-06  9.766874E-06
201000  1.850181E-06  8.223133E-06
201001  1.168822E-06  6.637253E-06
201002  1.826618E-07  5.045070E-06
201003 -1.085642E-06  3.450195E-06
201004 -2.499838E-06  1.868131E-06
201005 -3.881351E-06  3.506467E-07
201006 -5.075062E-06 -1.011641E-06
201007 -5.980175E-06 -2.104675E-06
201008 -6.546549E-06 -2.817214E-06
201009 -6.657108E-06 -4.502950E-06
201010 -6.531123E-06 -4.302615E-06
201011 -6.100374E-06 -3.707004E-06
201012 -5.350987E-06 -2.775405E-06
201013 -4.294634E-06 -1.590775E-06
201014 -2.998863E-06 -2.409112E-07
201015 -1.600577E-06  1.199707E-06
201016 -2.814288E-07  2.683082E-06
201017  8.000737E-07  4.191897E-06
201018  1.591328E-06  5.728837E-06
201019  2.186039E-06  7.284306E-06
201020  2.774604E-06  8.785272E-06
201021  3.514527E-06  1.004874E-05
201022  4.398728E-06  1.077805E-05
201023  5.216712E-06  1.062635E-05
201024  5.645023E-06  9.311164E-06
201025  5.412456E-06  6.729112E-06
201026  4.435944E-06  3.020593E-06
201027  2.850950E-06 -1.433297E-06
201028  9.350233E-07 -6.066648E-06
201029 -1.015043E-06 -1.021141E-05
201030 -2.779224E-06 -1.318873E-05
201031 -4.240771E-06 -1.440281E-05
201032 -5.347380E-06 -1.343790E-05
201033 -6.048063E-06 -1.015609E-05
201034 -6.255800E-06 -4.778681E-06
201035 -5.862717E-06  2.084941E-06
201036 -4.794061E-06  9.501032E-06
201037 -3.059869E-06  1.638104E-05
201038 -7.697761E-07  2.172267E-05
201039  1.891714E-06  2.485009E-05
201040  4.704851E-06  2.557710E-05
201041  7.443295E-06  2.424474E-05
201042  9.885623E-06  2.162574E-05
201043  1.182195E-05  1.872325E-05
201044  1.306991E-05  1.651488E-05
201045  1.350184E-05  1.570515E-05
201046  1.307152E-05  1.654752E-05
201047  1.182540E-05  1.878085E-05
201048  9.891436E-06  2.169582E-05
201049  7.452116E-06  2.431392E-05
201050  4.716927E-06  2.563415E-05
201051  1.906271E-06  2.488745E-05
201052 -7.547132E-07  2.173712E-05
201053 -3.046889E-06  1.637404E-05
201054 -4.785291E-06  9.478378E-06
201055 -5.858922E-06  2.055206E-06
201056 -6.256251E-06 -4.806880E-06
201057 -6.051312E-06 -1.017670E-05
201058 -5.352538E-06 -1.344860E-05
201059 -4.248509E-06 -1.440454E-05
201060 -2.791703E-06 -1.318451E-05
201061 -1.034580E-06 -1.020535E-05
201062  9.077241E-07 -6.063229E-06
201063  2.817660E-06 -1.436341E-06
201064  4.400159E-06  3.009408E-06
201065  5.377662E-06  6.711256E-06
201066  5.613347E-06  9.290774E-06
201067  5.188746E-06  1.060823E-05
201068  4.374234E-06  1.076540E-05
201069  3.493243E-06  1.004221E-05
201070  2.756802E-06  8.783986E-06
201071  2.172953E-06  7.287877E-06
201072  1.585573E-06  5.738773E-06
201073  8.057579E-07  4.211135E-06
201074 -2.593620E-07  2.713913E-06
201075 -1.558041E-06  1.241567E-06
201076 -2.935157E-06 -1.922010E-07
201077 -4.214939E-06 -1.541833E-06
201078 -5.267353E-06 -2.733060E-06
201079 -6.029793E-06 -3.676435E-06
201080 -6.490520E-06 -4.286754E-06
201081 -5.822729E-06 -4.891689E-06
201082 -5.728952E-06 -4.743421E-06
201083 -5.395748E-06 -4.291005E-06
201084 -4.789110E-06 -3.568894E-06
201085 -3.890670E-06 -2.627316E-06
201086 -2.735411E-06 -1.523622E-06
201087 -1.435231E-06 -3.135720E-07
201088 -1.632160E-07  9.578885E-07
201089  9.117565E-07  2.266519E-06
201090  1.713902E-06  3.612702E-06
201091  2.312164E-06  5.004732E-06
201092  2.879744E-06  6.412737E-06
201093  3.566755E-06  7.710992E-06
201094  4.365472E-06  8.652868E-06
201095  5.068745E-06  8.916115E-06
201096  5.361532E-06  8.211416E-06
201097  4.989146E-06  6.401286E-06
201098  3.893760E-06  3.570470E-06
201099  2.240974E-06  2.379160E-08
201100  3.367605E-07 -3.772281E-06
201101 -1.502168E-06 -7.271479E-06
201102 -3.049958E-06 -9.927467E-06
201103 -4.201910E-06 -1.126266E-05
201104 -4.936675E-06 -1.093166E-05
201105 -5.250692E-06 -8.788727E-06
201106 -5.115819E-06 -4.954752E-06
201107 -4.488341E-06  1.459474E-07
201108 -3.355544E-06  5.820932E-06
201109 -1.777051E-06  1.123714E-05
201110  1.137151E-07  1.561318E-05
201111  2.146496E-06  1.841119E-05
201112  4.158559E-06  1.946189E-05
201113  6.016705E-06  1.898692E-05
201114  7.612386E-06  1.752082E-05
201115  8.847938E-06  1.576078E-05
201116  9.634126E-06  1.438417E-05
201117  9.904161E-06  1.387708E-05
201118  9.633114E-06  1.441343E-05
201119  8.846809E-06  1.581234E-05
201120  7.612864E-06  1.758354E-05
201121  6.020942E-06  1.904913E-05
201122  4.168229E-06  1.951392E-05
201123  2.161777E-06  1.844631E-05
201124  1.328332E-07  1.562802E-05
201125 -1.757258E-06  1.123230E-05
201126 -3.338337E-06  5.801197E-06
201127 -4.475811E-06  1.191417E-07
201128 -5.108361E-06 -4.980380E-06
201129 -5.247469E-06 -8.807249E-06
201130 -4.936776E-06 -1.094078E-05
201131 -4.205472E-06 -1.126330E-05
201132 -3.058372E-06 -9.922539E-06
201133 -1.517054E-06 -7.264916E-06
201134  3.151047E-07 -3.768346E-06
201135  2.214321E-06  2.158370E-08
201136  3.865194E-06  3.560837E-06
201137  4.961443E-06  6.386112E-06
201138  5.336048E-06  8.195031E-06
201139  5.045523E-06  8.903008E-06
201140  4.344110E-06  8.645319E-06
201141  3.547161E-06  7.708380E-06
201142  2.862464E-06  6.413076E-06
201143  2.298525E-06  5.007294E-06
201144  1.706206E-06  3.619690E-06
201145  9.133471E-07  2.282400E-06
201146 -1.483785E-07  9.867153E-07
201147 -1.403756E-06 -2.710620E-07
201148 -2.686408E-06 -1.471240E-06
201149 -3.827896E-06 -2.572346E-06
201150 -4.722099E-06 -3.519626E-06
201151 -5.338503E-06 -4.254424E-06
201152 -5.695776E-06 -4.724077E-06
201153 -4.450446E-06 -4.474854E-06
201154 -4.381830E-06 -4.385124E-06
201155 -4.128123E-06 -4.094440E-06
201156 -3.642980E-06 -3.609900E-06
201157 -2.888326E-06 -2.945518E-06
201158 -1.875885E-06 -2.124882E-06
201159 -6.969752E-07 -1.183452E-06
201160  4.864842E-07 -1.647891E-07
201161  1.503149E-06  8.941923E-07
201162  2.261618E-06  1.982308E-06
201163  2.807041E-06  3.115337E-06
201164  3.287969E-06  4.298920E-06
201165  3.836273E-06  5.463786E-06
201166  4.438106E-06  6.421676E-06
201167  4.895572E-06  6.891862E-06
201168  4.918186E-06  6.600921E-06
201169  4.287292E-06  5.402635E-06
201170  2.985986E-06  3.351402E-06
201171  1.218734E-06  6.982726E-07
201172 -6.771208E-07 -2.173855E-06
201173 -2.365053E-06 -4.835972E-06
201174 -3.615213E-06 -6.885338E-06
201175 -4.339539E-06 -7.991156E-06
201176 -4.557203E-06 -7.922861E-06
201177 -4.327823E-06 -6.581688E-06
201178 -3.702447E-06 -4.044398E-06
201179 -2.721996E-06 -5.979040E-07
201180 -1.451327E-06  3.276538E-06
201181 -7.068481E-09  6.994169E-06
201182  1.454314E-06  1.001138E-05
201183  2.783780E-06  1.196646E-05
201184  3.886854E-06  1.276072E-05
201185  4.738079E-06  1.255797E-05
201186  5.359254E-06  1.171575E-05
201187  5.783957E-06  1.067883E-05
201188  6.033820E-06  9.865157E-06
201189  6.115710E-06  9.567720E-06
201190  6.030635E-06  9.889455E-06
201191  5.779081E-06  1.072149E-05
201192  5.355486E-06  1.176750E-05
201193  4.738867E-06  1.260943E-05
201194  3.895077E-06  1.280422E-05
201195  2.800399E-06  1.199643E-05
201196  1.477706E-06  1.002452E-05
201197  1.940772E-08  6.990302E-06
201198 -1.426066E-06  3.259367E-06
201199 -2.701291E-06 -6.214769E-07
201200 -3.687785E-06 -4.066693E-06
201201 -4.318961E-06 -6.597052E-06
201202 -4.553152E-06 -7.929127E-06
201203 -4.339751E-06 -7.989304E-06
201204 -3.620088E-06 -6.878300E-06
201205 -2.375328E-06 -4.827627E-06
201206 -6.926794E-07 -2.168266E-06
201207  1.199442E-06  6.979566E-07
201208  2.965260E-06  3.344374E-06
201209  4.266853E-06  5.391164E-06
201210  4.898454E-06  6.589360E-06
201211  4.876087E-06  6.884161E-06
201212  4.418505E-06  6.419064E-06
201213  3.816921E-06  5.464412E-06
201214  3.270008E-06  4.299912E-06
201215  2.792199E-06  3.115881E-06
201216  2.252105E-06  1.985477E-06
201217  1.501593E-06  9.060219E-07
201218  4.956905E-07 -1.385416E-07
201219 -6.746788E-07 -1.140817E-06
201220 -1.839875E-06 -2.069314E-06
201221 -2.841305E-06 -2.884925E-06
201222 -3.592087E-06 -3.553982E-06
201223 -4.084196E-06 -4.051985E-06
201224 -4.356206E-06 -4.362344E-06
