Mesh2HRTF 0.1.2
    1
    1  1225
200000  4.238951E-06  3.804351E-05
200001  8.869247E-06  3.847306E-05
200002  8.866836E-06  3.850813E-05
200003  8.859942E-06  3.861314E-05
200004  8.847356E-06  3.878418E-05
200005  8.827053E-06  3.901473E-05
200006  8.796195E-06  3.929561E-05
200007  8.751137E-06  3.961495E-05
200008  8.687451E-06  3.995819E-05
200009  8.599959E-06  4.030817E-05
200010  8.482802E-06  4.064519E-05
200011  8.329532E-06  4.094728E-05
200012  8.133251E-06  4.119051E-05
200013  7.886786E-06  4.134949E-05
200014  7.582923E-06  4.139794E-05
200015  7.214678E-06  4.130951E-05
200016  6.775621E-06  4.105871E-05
200017  6.260232E-06  4.062188E-05
200018  5.664287E-06  3.997844E-05
200019  4.985250E-06  3.911201E-05
200020  4.222656E-06  3.801166E-05
200021  3.378460E-06  3.667305E-05
200022  2.457316E-06  3.509939E-05
200023  1.466797E-06  3.330229E-05
200024  4.174833E-07  3.130222E-05
200025 -6.770603E-07  2.912869E-05
200026 -1.800450E-06  2.681997E-05
200027 -2.933794E-06  2.442243E-05
200028 -4.056143E-06  2.198935E-05
200029 -5.145078E-06  1.957937E-05
200030 -6.177405E-06  1.725451E-05
200031 -7.129932E-06  1.507787E-05
200032 -7.980302E-06  1.311122E-05
200033 -8.707826E-06  1.141235E-05
200034 -9.294289E-06  1.003265E-05
200035 -9.724678E-06  9.014760E-06
200036 -9.987794E-06  8.390674E-06
200037 -1.007672E-05  8.180206E-06
200038 -9.989090E-06  8.390079E-06
200039 -9.727234E-06  9.013601E-06
200040 -9.298030E-06  1.003098E-05
200041 -8.712645E-06  1.141028E-05
200042 -7.986063E-06  1.310884E-05
200043 -7.136474E-06  1.507533E-05
200044 -6.184546E-06  1.725193E-05
200045 -5.152626E-06  1.957692E-05
200046 -4.063895E-06  2.198717E-05
200047 -2.941549E-06  2.442067E-05
200048 -1.808013E-06  2.681876E-05
200049 -6.842475E-07  2.912815E-05
200050  4.108392E-07  3.130245E-05
200051  1.460842E-06  3.330336E-05
200052  2.452172E-06  3.510135E-05
200053  3.374219E-06  3.667591E-05
200054  4.219384E-06  3.801542E-05
200055  4.982978E-06  3.911662E-05
200056  5.663019E-06  3.998384E-05
200057  6.259942E-06  4.062799E-05
200058  6.776255E-06  4.106541E-05
200059  7.216158E-06  4.131669E-05
200060  7.585146E-06  4.140545E-05
200061  7.889632E-06  4.135718E-05
200062  8.136584E-06  4.119824E-05
200063  8.333209E-06  4.095489E-05
200064  8.486671E-06  4.065253E-05
200065  8.603869E-06  4.031510E-05
200066  8.691253E-06  3.996457E-05
200067  8.754691E-06  3.962066E-05
200068  8.799371E-06  3.930054E-05
200069  8.829739E-06  3.901879E-05
200070  8.849457E-06  3.878729E-05
200071  8.861384E-06  3.861525E-05
200072  8.867570E-06  3.850920E-05
200073  6.420365E-06  2.015728E-05
200074  6.439932E-06  2.027525E-05
200075  6.501464E-06  2.063153E-05
200076  6.604091E-06  2.122510E-05
200077  6.746143E-06  2.205348E-05
200078  6.924885E-06  2.311155E-05
200079  7.136126E-06  2.439009E-05
200080  7.373753E-06  2.587399E-05
200081  7.629191E-06  2.754034E-05
200082  7.890836E-06  2.935654E-05
200083  8.143517E-06  3.127859E-05
200084  8.368059E-06  3.324972E-05
200085  8.541027E-06  3.519961E-05
200086  8.634738E-06  3.704428E-05
200087  8.617627E-06  3.868704E-05
200088  8.455027E-06  4.002031E-05
200089  8.110398E-06  4.092881E-05
200090  7.547015E-06  4.129383E-05
200091  6.730050E-06  4.099869E-05
200092  5.628984E-06  3.993524E-05
200093  4.220180E-06  3.801110E-05
200094  2.489463E-06  3.515735E-05
200095  4.345058E-07  3.133606E-05
200096 -1.933203E-06  2.654729E-05
200097 -4.586995E-06  2.083470E-05
200098 -7.484438E-06  1.428934E-05
200099 -1.056767E-05  7.050866E-06
200100 -1.376468E-05 -6.941864E-07
200101 -1.699162E-05 -8.717419E-06
200102 -2.015594E-05 -1.675689E-05
200103 -2.316031E-05 -2.452848E-05
200104 -2.590710E-05 -3.173981E-05
200105 -2.830307E-05 -3.810576E-05
200106 -3.026408E-05 -4.336465E-05
200107 -3.171947E-05 -4.729375E-05
200108 -3.261584E-05 -4.972305E-05
200109 -3.291986E-05 -5.054592E-05
200110 -3.262020E-05 -4.972599E-05
200111 -3.172804E-05 -4.729949E-05
200112 -3.027654E-05 -4.337289E-05
200113 -2.831898E-05 -3.811610E-05
200114 -2.592592E-05 -3.175174E-05
200115 -2.318138E-05 -2.454141E-05
200116 -2.017855E-05 -1.677019E-05
200117 -1.701504E-05 -8.730446E-06
200118 -1.378817E-05 -7.063135E-07
200119 -1.059049E-05  7.040224E-06
200120 -7.505927E-06  1.428070E-05
200121 -4.606540E-06  2.082850E-05
200122 -1.950280E-06  2.654386E-05
200123  4.203284E-07  3.133564E-05
200124  2.478513E-06  3.516005E-05
200125  4.212681E-06  3.801694E-05
200126  5.625054E-06  3.994412E-05
200127  6.729699E-06  4.101042E-05
200128  7.550154E-06  4.130812E-05
200129  8.116843E-06  4.094532E-05
200130  8.464505E-06  4.003863E-05
200131  8.629787E-06  3.870673E-05
200132  8.649158E-06  3.706487E-05
200133  8.557232E-06  3.522060E-05
200134  8.385529E-06  3.327065E-05
200135  8.161705E-06  3.129899E-05
200136  7.909184E-06  2.937601E-05
200137  7.647146E-06  2.755850E-05
200138  7.390783E-06  2.589051E-05
200139  7.151734E-06  2.440471E-05
200140  6.938622E-06  2.312403E-05
200141  6.757621E-06  2.206365E-05
200142  6.612986E-06  2.123283E-05
200143  6.507534E-06  2.063673E-05
200144  6.443009E-06  2.027787E-05
200145  1.368899E-06 -1.825201E-06
200146  1.390344E-06 -1.709029E-06
200147  1.461814E-06 -1.351623E-06
200148  1.586410E-06 -7.364838E-07
200149  1.769084E-06  1.619545E-07
200150  2.016281E-06  1.375454E-06
200151  2.335300E-06  2.938045E-06
200152  2.733248E-06  4.881164E-06
200153  3.215526E-06  7.228037E-06
200154  3.783848E-06  9.987537E-06
200155  4.433853E-06  1.314785E-05
200156  5.152499E-06  1.667027E-05
200157  5.915512E-06  2.048369E-05
200158  6.685232E-06  2.448008E-05
200159  7.409243E-06  2.851171E-05
200160  8.020164E-06  3.239050E-05
200161  8.436893E-06  3.589015E-05
200162  8.567519E-06  3.875145E-05
200163  8.313904E-06  4.069127E-05
200164  7.577794E-06  4.141531E-05
200165  6.268120E-06  4.063463E-05
200166  4.308983E-06  3.808558E-05
200167  1.647638E-06  3.355207E-05
200168 -1.738125E-06  2.688914E-05
200169 -5.834022E-06  1.804561E-05
200170 -1.058532E-05  7.083962E-06
200171 -1.589540E-05 -5.805361E-06
200172 -2.162720E-05 -2.029735E-05
200173 -2.760761E-05 -3.593575E-05
200174 -3.363474E-05 -5.214754E-05
200175 -3.948761E-05 -6.826883E-05
200176 -4.493776E-05 -8.358129E-05
200177 -4.976206E-05 -9.735672E-05
200178 -5.375562E-05 -1.089063E-04
200179 -5.674415E-05 -1.176303E-04
200180 -5.859467E-05 -1.230631E-04
200181 -5.922380E-05 -1.249098E-04
200182 -5.860301E-05 -1.230691E-04
200183 -5.676046E-05 -1.176419E-04
200184 -5.377920E-05 -1.089229E-04
200185 -4.979190E-05 -9.737741E-05
200186 -4.497263E-05 -8.360492E-05
200187 -3.952608E-05 -6.829411E-05
200188 -3.367532E-05 -5.217316E-05
200189 -2.764876E-05 -3.596040E-05
200190 -2.166744E-05 -2.031982E-05
200191 -1.593336E-05 -5.824579E-06
200192 -1.061979E-05  7.068882E-06
200193 -5.863993E-06  1.803535E-05
200194 -1.762773E-06  2.688415E-05
200195  1.628921E-06  3.355260E-05
200196  4.296607E-06  3.809166E-05
200197  6.262310E-06  4.064612E-05
200198  7.578589E-06  4.143187E-05
200199  8.321193E-06  4.071244E-05
200200  8.581038E-06  3.877662E-05
200201  8.456233E-06  3.591861E-05
200202  8.044780E-06  3.242147E-05
200203  7.438458E-06  2.854435E-05
200204  6.718244E-06  2.451352E-05
200205  5.951414E-06  2.051709E-05
200206  5.190296E-06  1.670282E-05
200207  4.472497E-06  1.317883E-05
200208  3.822257E-06  1.001634E-05
200209  3.252644E-06  7.254174E-06
200210  2.768067E-06  4.904279E-06
200211  2.366899E-06  2.957910E-06
200212  2.043850E-06  1.391953E-06
200213  1.791944E-06  1.750622E-07
200214  1.604020E-06 -7.267352E-07
200215  1.473773E-06 -1.345174E-06
200216  1.396388E-06 -1.705822E-06
200217 -2.370691E-06 -1.579031E-05
200218 -2.376094E-06 -1.578112E-05
200219 -2.381980E-06 -1.573841E-05
200220 -2.382443E-06 -1.562358E-05
200221 -2.366839E-06 -1.537456E-05
200222 -2.318926E-06 -1.490951E-05
200223 -2.216293E-06 -1.413206E-05
200224 -2.030604E-06 -1.293813E-05
200225 -1.729087E-06 -1.122438E-05
200226 -1.277592E-06 -8.898011E-06
200227 -6.452736E-07 -5.887673E-06
200228  1.893329E-07 -2.155012E-06
200229  1.231365E-06  2.293663E-06
200230  2.462647E-06  7.396257E-06
200231  3.835639E-06  1.302508E-05
200232  5.269397E-06  1.897919E-05
200233  6.648463E-06  2.497998E-05
200234  7.825420E-06  3.067109E-05
200235  8.627412E-06  3.562403E-05
200236  8.866517E-06  3.935083E-05
200237  8.353374E-06  4.132494E-05
200238  6.913049E-06  4.101094E-05
200239  4.401791E-06  3.790320E-05
200240  7.231643E-07  3.157187E-05
200241 -4.157995E-06  2.171365E-05
200242 -1.020522E-05  8.202677E-06
200243 -1.730482E-05 -8.863931E-06
200244 -2.526582E-05 -2.913282E-05
200245 -3.382583E-05 -5.197974E-05
200246 -4.266268E-05 -7.651912E-05
200247 -5.141130E-05 -1.016410E-04
200248 -5.968470E-05 -1.260753E-04
200249 -6.709772E-05 -1.484801E-04
200250 -7.329172E-05 -1.675457E-04
200251 -7.795836E-05 -1.821050E-04
200252 -8.086060E-05 -1.912370E-04
200253 -8.184909E-05 -1.943515E-04
200254 -8.087263E-05 -1.912452E-04
200255 -7.798179E-05 -1.821209E-04
200256 -7.332533E-05 -1.675682E-04
200257 -6.713979E-05 -1.485076E-04
200258 -5.973313E-05 -1.261061E-04
200259 -5.146374E-05 -1.016731E-04
200260 -4.271673E-05 -7.655060E-05
200261 -3.387913E-05 -5.200877E-05
200262 -2.531622E-05 -2.915784E-05
200263 -1.735047E-05 -8.883705E-06
200264 -1.024464E-05  8.189040E-06
200265 -4.190069E-06  2.170668E-05
200266  6.991730E-07  3.157179E-05
200267  4.386303E-06  3.790993E-05
200268  6.906228E-06  4.102421E-05
200269  8.355189E-06  4.134430E-05
200270  8.876799E-06  3.937570E-05
200271  8.645885E-06  3.565371E-05
200272  7.851711E-06  3.070479E-05
200273  6.682092E-06  2.501681E-05
200274  5.309743E-06  1.901815E-05
200275  3.881913E-06  1.306511E-05
200276  2.513856E-06  7.436271E-06
200277  1.286312E-06  2.332566E-06
200278  2.466297E-07 -2.118232E-06
200279 -5.871586E-07 -5.853891E-06
200280 -1.220264E-06 -8.867901E-06
200281 -1.674137E-06 -1.119837E-05
200282 -1.979524E-06 -1.291641E-05
200283 -2.170398E-06 -1.411456E-05
200284 -2.279302E-06 -1.489595E-05
200285 -2.334322E-06 -1.536453E-05
200286 -2.357628E-06 -1.561661E-05
200287 -2.365255E-06 -1.573406E-05
200288 -2.367681E-06 -1.577904E-05
200289 -3.052441E-06 -1.770100E-05
200290 -3.092799E-06 -1.783906E-05
200291 -3.204620E-06 -1.823683E-05
200292 -3.386468E-06 -1.884388E-05
200293 -3.632707E-06 -1.957738E-05
200294 -3.929514E-06 -2.032449E-05
200295 -4.250811E-06 -2.094634E-05
200296 -4.555279E-06 -2.128407E-05
200297 -4.785650E-06 -2.116709E-05
200298 -4.871178E-06 -2.042360E-05
200299 -4.733776E-06 -1.889308E-05
200300 -4.297696E-06 -1.644047E-05
200301 -3.501964E-06 -1.297136E-05
200302 -2.314162E-06 -8.447833E-06
200303 -7.436948E-07 -2.904324E-06
200304  1.147540E-06  3.536914E-06
200305  3.239031E-06  1.065169E-05
200306  5.351623E-06  1.810234E-05
200307  7.254398E-06  2.543082E-05
200308  8.678449E-06  3.205938E-05
200309  9.336665E-06  3.730224E-05
200310  8.947837E-06  4.039196E-05
200311  7.262896E-06  4.052351E-05
200312  4.090782E-06  3.691701E-05
200313 -6.785156E-07  2.889757E-05
200314 -7.055979E-06  1.598641E-05
200315 -1.494243E-05 -2.005805E-06
200316 -2.412547E-05 -2.489660E-05
200317 -3.428519E-05 -5.207439E-05
200318 -4.500860E-05 -8.248044E-05
200319 -5.581221E-05 -1.146403E-04
200320 -6.617141E-05 -1.467495E-04
200321 -7.555474E-05 -1.768094E-04
200322 -8.346050E-05 -2.028024E-04
200323 -8.945287E-05 -2.228851E-04
200324 -9.319414E-05 -2.355780E-04
200325 -9.447050E-05 -2.399224E-04
200326 -9.320845E-05 -2.355865E-04
200327 -8.948056E-05 -2.229015E-04
200328 -8.349982E-05 -2.028251E-04
200329 -7.560322E-05 -1.768366E-04
200330 -6.622610E-05 -1.467787E-04
200331 -5.586989E-05 -1.146693E-04
200332 -4.506606E-05 -8.250681E-05
200333 -3.433946E-05 -5.209629E-05
200334 -2.417406E-05 -2.491260E-05
200335 -1.498342E-05 -2.015025E-06
200336 -7.088111E-06  1.598430E-05
200337 -7.011667E-07  2.890242E-05
200338  4.077701E-06  3.692834E-05
200339  7.259094E-06  4.054061E-05
200340  8.952818E-06  4.041409E-05
200341  9.349892E-06  3.732866E-05
200342  8.699462E-06  3.208944E-05
200343  7.282881E-06  2.546393E-05
200344  5.387387E-06  1.813791E-05
200345  3.281935E-06  1.068908E-05
200346  1.197369E-06  3.575367E-06
200347 -6.873674E-07 -2.865732E-06
200348 -2.252100E-06 -8.410162E-06
200349 -3.435340E-06 -1.293575E-05
200350 -4.228098E-06 -1.640803E-05
200351 -4.663138E-06 -1.886476E-05
200352 -4.801645E-06 -2.040010E-05
200353 -4.719391E-06 -2.114873E-05
200354 -4.494295E-06 -2.127076E-05
200355 -4.196767E-06 -2.093761E-05
200356 -3.883633E-06 -2.031955E-05
200357 -3.595740E-06 -1.957522E-05
200358 -3.358760E-06 -1.884344E-05
200359 -3.186227E-06 -1.823716E-05
200360 -3.083642E-06 -1.783942E-05
200361 -1.214805E-06 -1.046541E-05
200362 -1.270654E-06 -1.070658E-05
200363 -1.435325E-06 -1.141880E-05
200364 -1.721069E-06 -1.255860E-05
200365 -2.141606E-06 -1.405216E-05
200366 -2.703710E-06 -1.579439E-05
200367 -3.397874E-06 -1.764929E-05
200368 -4.190075E-06 -1.945237E-05
200369 -5.016687E-06 -2.101590E-05
200370 -5.784315E-06 -2.213704E-05
200371 -6.375659E-06 -2.260849E-05
200372 -6.661588E-06 -2.223109E-05
200373 -6.518507E-06 -2.082769E-05
200374 -5.849027E-06 -1.825806E-05
200375 -4.603085E-06 -1.443508E-05
200376 -2.796275E-06 -9.342859E-06
200377 -5.222177E-07 -3.057530E-06
200378  2.043477E-06  4.229352E-06
200379  4.649047E-06  1.218623E-05
200380  6.982203E-06  2.031948E-05
200381  8.694215E-06  2.795999E-05
200382  9.430030E-06  3.426629E-05
200383  8.861320E-06  3.825293E-05
200384  6.719176E-06  3.885096E-05
200385  2.823393E-06  3.500353E-05
200386 -2.894189E-06  2.579297E-05
200387 -1.037418E-05  1.058793E-05
200388 -1.942328E-05 -1.080866E-05
200389 -2.971781E-05 -3.803556E-05
200390 -4.081745E-05 -7.009977E-05
200391 -5.218901E-05 -1.053763E-04
200392 -6.323926E-05 -1.416955E-04
200393 -7.335507E-05 -1.765172E-04
200394 -8.194820E-05 -2.071775E-04
200395 -8.850093E-05 -2.311780E-04
200396 -9.260820E-05 -2.464758E-04
200397 -9.401177E-05 -2.517327E-04
200398 -9.262260E-05 -2.464827E-04
200399 -8.852858E-05 -2.311909E-04
200400 -8.198691E-05 -2.071949E-04
200401 -7.340179E-05 -1.765367E-04
200402 -6.329038E-05 -1.417148E-04
200403 -5.224070E-05 -1.053930E-04
200404 -4.086601E-05 -7.011153E-05
200405 -2.976005E-05 -3.804087E-05
200406 -1.945682E-05 -1.080667E-05
200407 -1.039757E-05  1.059726E-05
200408 -2.907009E-06  2.580895E-05
200409  2.820672E-06  3.502494E-05
200410  6.725414E-06  3.887629E-05
200411  8.875028E-06  3.828069E-05
200412  9.449713E-06  3.429523E-05
200413  8.718682E-06  2.798928E-05
200414  7.010778E-06  2.034873E-05
200415  4.681649E-06  1.221541E-05
200416  2.080550E-06  4.258621E-06
200417 -4.799034E-07 -3.028039E-06
200418 -2.747912E-06 -9.313224E-06
200419 -4.548145E-06 -1.440571E-05
200420 -5.787539E-06 -1.822974E-05
200421 -6.451250E-06 -2.080146E-05
200422 -6.590137E-06 -2.220812E-05
200423 -6.302289E-06 -2.258986E-05
200424 -5.711761E-06 -2.212351E-05
200425 -4.947805E-06 -2.100777E-05
200426 -4.127473E-06 -1.944939E-05
200427 -3.343580E-06 -1.765068E-05
200428 -2.658963E-06 -1.579893E-05
200429 -2.106816E-06 -1.405837E-05
200430 -1.695959E-06 -1.256496E-05
200431 -1.419220E-06 -1.142391E-05
200432 -1.262829E-06 -1.070942E-05
200433  1.372989E-06 -1.120970E-07
200434  1.335497E-06 -3.637146E-07
200435  1.215827E-06 -1.116693E-06
200436  9.826077E-07 -2.351326E-06
200437  5.935992E-07 -4.029928E-06
200438  8.406411E-09 -6.091527E-06
200439 -7.968791E-07 -8.447214E-06
200440 -1.815777E-06 -1.097784E-05
200441 -3.001110E-06 -1.353509E-05
200442 -4.260876E-06 -1.594599E-05
200443 -5.462150E-06 -1.802002E-05
200444 -6.443632E-06 -1.955743E-05
200445 -7.035944E-06 -2.035755E-05
200446 -7.087252E-06 -2.022670E-05
200447 -6.490475E-06 -1.898679E-05
200448 -5.207749E-06 -1.648716E-05
200449 -3.287899E-06 -1.262312E-05
200450 -8.736694E-07 -7.364416E-06
200451  1.802941E-06 -7.946284E-07
200452  4.436964E-06  6.840943E-06
200453  6.676339E-06  1.508646E-05
200454  8.154021E-06  2.323816E-05
200455  8.522468E-06  3.033402E-05
200456  7.486831E-06  3.518651E-05
200457  4.833960E-06  3.646974E-05
200458  4.553727E-07  3.286400E-05
200459 -5.636837E-06  2.324755E-05
200460 -1.330168E-05  6.912279E-06
200461 -2.226904E-05 -1.623227E-05
200462 -3.214829E-05 -4.550794E-05
200463 -4.244657E-05 -7.940956E-05
200464 -5.259731E-05 -1.156671E-04
200465 -6.199861E-05 -1.514367E-04
200466 -7.005934E-05 -1.836050E-04
200467 -7.624916E-05 -2.091664E-04
200468 -8.014697E-05 -2.256163E-04
200469 -8.148165E-05 -2.312947E-04
200470 -8.015918E-05 -2.256203E-04
200471 -7.627230E-05 -2.091735E-04
200472 -7.009102E-05 -1.836136E-04
200473 -6.203549E-05 -1.514449E-04
200474 -5.263549E-05 -1.156724E-04
200475 -4.248199E-05 -7.940988E-05
200476 -3.217723E-05 -4.550151E-05
200477 -2.228854E-05 -1.621809E-05
200478 -1.330992E-05  6.934282E-06
200479 -5.633356E-06  2.327644E-05
200480  4.697036E-07  3.289796E-05
200481  4.857138E-06  3.650638E-05
200482  7.516125E-06  3.522327E-05
200483  8.554936E-06  3.036865E-05
200484  8.187054E-06  2.326907E-05
200485  6.708136E-06  1.511297E-05
200486  4.466834E-06  6.863231E-06
200487  1.831383E-06 -7.756512E-07
200488 -8.451256E-07 -7.347474E-06
200489 -3.257066E-06 -1.260696E-05
200490 -5.172286E-06 -1.647089E-05
200491 -6.448428E-06 -1.897013E-05
200492 -7.037534E-06 -2.021002E-05
200493 -6.978655E-06 -2.034179E-05
200494 -6.380170E-06 -1.954384E-05
200495 -5.395088E-06 -1.800985E-05
200496 -4.193597E-06 -1.594020E-05
200497 -2.937284E-06 -1.353410E-05
200498 -1.758751E-06 -1.098144E-05
200499 -7.491210E-07 -8.454550E-06
200500  4.567759E-08 -6.101273E-06
200501  6.204989E-07 -4.040475E-06
200502  1.000342E-06 -2.361021E-06
200503  1.226175E-06 -1.124072E-06
200504  1.340158E-06 -3.676921E-07
200505  3.037382E-06  8.123934E-06
200506  3.046801E-06  7.950099E-06
200507  3.057297E-06  7.420583E-06
200508  3.019808E-06  6.523647E-06
200509  2.864730E-06  5.248039E-06
200510  2.517280E-06  3.592733E-06
200511  1.915662E-06  1.576341E-06
200512  1.029110E-06 -7.563194E-07
200513 -1.274981E-07 -3.331975E-06
200514 -1.485637E-06 -6.050794E-06
200515 -2.924202E-06 -8.790727E-06
200516 -4.280744E-06 -1.141162E-05
200517 -5.372163E-06 -1.375659E-05
200518 -6.022134E-06 -1.564946E-05
200519 -6.090981E-06 -1.688986E-05
200520 -5.502762E-06 -1.725022E-05
200521 -4.264629E-06 -1.648157E-05
200522 -2.474780E-06 -1.433581E-05
200523 -3.175471E-07 -1.061011E-05
200524  1.953421E-06 -5.214199E-06
200525  4.040731E-06  1.745882E-06
200526  5.633188E-06  9.882801E-06
200527  6.435581E-06  1.846411E-05
200528  6.194833E-06  2.639533E-05
200529  4.720687E-06  3.227300E-05
200530  1.900879E-06  3.452036E-05
200531 -2.288098E-06  3.160186E-05
200532 -7.773431E-06  2.229231E-05
200533 -1.438131E-05  5.957142E-06
200534 -2.183639E-05 -1.721192E-05
200535 -2.976806E-05 -4.606328E-05
200536 -3.772652E-05 -7.849900E-05
200537 -4.521105E-05 -1.116558E-04
200538 -5.170998E-05 -1.422405E-04
200539 -5.674935E-05 -1.669738E-04
200540 -5.994362E-05 -1.830677E-04
200541 -6.104051E-05 -1.886521E-04
200542 -5.995184E-05 -1.830685E-04
200543 -5.676456E-05 -1.669746E-04
200544 -5.172983E-05 -1.422402E-04
200545 -4.523231E-05 -1.116527E-04
200546 -3.774541E-05 -7.849132E-05
200547 -2.978074E-05 -4.604930E-05
200548 -2.183953E-05 -1.719040E-05
200549 -1.437259E-05  5.986676E-06
200550 -7.751978E-06  2.232930E-05
200551 -2.254688E-06  3.164463E-05
200552  1.943875E-06  3.456622E-05
200553  4.769636E-06  3.231865E-05
200554  6.245407E-06  2.643742E-05
200555  6.483468E-06  1.849983E-05
200556  5.674832E-06  9.910432E-06
200557  4.073946E-06  1.765031E-06
200558  1.977767E-06 -5.202592E-06
200559 -3.007029E-07 -1.060409E-05
200560 -2.462553E-06 -1.433292E-05
200561 -4.253181E-06 -1.647940E-05
200562 -5.488035E-06 -1.724694E-05
200563 -6.069457E-06 -1.688454E-05
200564 -5.991499E-06 -1.564213E-05
200565 -5.331746E-06 -1.374812E-05
200566 -4.231687E-06 -1.140339E-05
200567 -2.869307E-06 -8.784189E-06
200568 -1.428916E-06 -6.047138E-06
200569 -7.346196E-08 -3.331832E-06
200570  1.076296E-06 -7.596596E-07
200571  1.952996E-06  1.570157E-06
200572  2.543514E-06  3.584784E-06
200573  2.880542E-06  5.239618E-06
200574  3.027471E-06  6.516030E-06
200575  3.059904E-06  7.414856E-06
200576  3.047240E-06  7.947035E-06
200577  3.016699E-06  1.179704E-05
200578  3.083411E-06  1.174879E-05
200579  3.257747E-06  1.158902E-05
200580  3.480300E-06  1.127713E-05
200581  3.664519E-06  1.075657E-05
200582  3.712304E-06  9.968013E-06
200583  3.532874E-06  8.862346E-06
200584  3.062201E-06  7.409817E-06
200585  2.279721E-06  5.603732E-06
200586  1.218897E-06  3.458976E-06
200587 -3.120089E-08  1.008106E-06
200588 -1.334808E-06 -1.700787E-06
200589 -2.528361E-06 -4.600158E-06
200590 -3.446656E-06 -7.590498E-06
200591 -3.951596E-06 -1.052027E-05
200592 -3.957887E-06 -1.316381E-05
200593 -3.450366E-06 -1.520706E-05
200594 -2.489377E-06 -1.625323E-05
200595 -1.203336E-06 -1.585977E-05
200596  2.293621E-07 -1.361249E-05
200597  1.604600E-06 -9.233628E-06
200598  2.717344E-06 -2.708659E-06
200599  3.382033E-06  5.594989E-06
200600  3.445627E-06  1.485168E-05
200601  2.793294E-06  2.377839E-05
200602  1.349422E-06  3.073739E-05
200603 -9.218872E-07  3.394626E-05
200604 -4.013014E-06  3.177477E-05
200605 -7.864118E-06  2.308158E-05
200606 -1.235124E-05  7.524078E-06
200607 -1.727610E-05 -1.423174E-05
200608 -2.236403E-05 -4.046334E-05
200609 -2.727587E-05 -6.853938E-05
200610 -3.163620E-05 -9.525663E-05
200611 -3.507587E-05 -1.173165E-04
200612 -3.728161E-05 -1.318561E-04
200613 -3.804284E-05 -1.369315E-04
200614 -3.728497E-05 -1.318543E-04
200615 -3.508152E-05 -1.173124E-04
200616 -3.164212E-05 -9.524962E-05
200617 -2.727923E-05 -6.852841E-05
200618 -2.236157E-05 -4.044725E-05
200619 -1.726458E-05 -1.420941E-05
200620 -1.232805E-05  7.553464E-06
200621 -7.827835E-06  2.311821E-05
200622 -3.963857E-06  3.181787E-05
200623 -8.618961E-07  3.399388E-05
200624  1.416506E-06  3.078648E-05
200625  2.862464E-06  2.382521E-05
200626  3.511311E-06  1.489244E-05
200627  3.438952E-06  5.626609E-06
200628  2.761380E-06 -2.687890E-06
200629  1.633515E-06 -9.223728E-06
200630  2.432082E-07 -1.361183E-05
200631 -1.202215E-06 -1.586552E-05
200632 -2.496757E-06 -1.626199E-05
200633 -3.460895E-06 -1.521557E-05
200634 -3.966011E-06 -1.316958E-05
200635 -3.952490E-06 -1.052192E-05
200636 -3.436990E-06 -7.587887E-06
200637 -2.506808E-06 -4.594146E-06
200638 -1.302239E-06 -1.692854E-06
200639  9.469848E-09  1.016337E-06
200640  1.263203E-06  3.466159E-06
200641  2.322454E-06  5.609059E-06
200642  3.098444E-06  7.413079E-06
200643  3.559062E-06  8.863817E-06
200644  3.727055E-06  9.968240E-06
200645  3.668951E-06  1.075614E-05
200646  3.477675E-06  1.127652E-05
200647  3.252448E-06  1.158851E-05
200648  3.079532E-06  1.174851E-05
200649  1.527018E-06  1.113973E-05
200650  1.642216E-06  1.121739E-05
200651  1.958125E-06  1.143269E-05
200652  2.414670E-06  1.172573E-05
200653  2.922796E-06  1.200940E-05
200654  3.378020E-06  1.218469E-05
200655  3.677274E-06  1.215527E-05
200656  3.736908E-06  1.183758E-05
200657  3.508951E-06  1.116396E-05
200658  2.992357E-06  1.007959E-05
200659  2.236294E-06  8.536716E-06
200660  1.333720E-06  6.491697E-06
200661  4.055377E-07  3.910926E-06
200662 -4.220753E-07  7.899286E-07
200663 -1.042425E-06 -2.814287E-06
200664 -1.389410E-06 -6.743253E-06
200665 -1.449701E-06 -1.070102E-05
200666 -1.262866E-06 -1.423787E-05
200667 -9.095100E-07 -1.677007E-05
200668 -4.909630E-07 -1.764729E-05
200669 -1.065073E-07 -1.626924E-05
200670  1.651136E-07 -1.223906E-05
200671  2.745918E-07 -5.525462E-06
200672  1.992724E-07  3.406121E-06
200673 -6.925092E-08  1.353724E-05
200674 -5.414212E-07  2.335119E-05
200675 -1.242272E-06  3.101499E-05
200676 -2.213504E-06  3.467505E-05
200677 -3.501911E-06  3.282098E-05
200678 -5.136233E-06  2.464518E-05
200679 -7.099565E-06  1.031466E-05
200680 -9.307391E-06 -8.920513E-06
200681 -1.160083E-05 -3.082821E-05
200682 -1.376058E-05 -5.250612E-05
200683 -1.554086E-05 -7.085640E-05
200684 -1.671573E-05 -8.313293E-05
200685 -1.712607E-05 -8.744801E-05
200686 -1.671432E-05 -8.312952E-05
200687 -1.553726E-05 -7.084948E-05
200688 -1.375324E-05 -5.249551E-05
200689 -1.158755E-05 -3.081363E-05
200690 -9.285662E-06 -8.901505E-06
200691 -7.066970E-06  1.033868E-05
200692 -5.091063E-06  2.467477E-05
200693 -3.443731E-06  3.285635E-05
200694 -2.143567E-06  3.471564E-05
200695 -1.163662E-06  3.105908E-05
200696 -4.588629E-07  2.339590E-05
200697  1.139627E-08  1.357883E-05
200698  2.717856E-07  3.440736E-06
200699  3.333034E-07 -5.500934E-06
200700  2.058328E-07 -1.222622E-05
200701 -8.574711E-08 -1.626780E-05
200702 -4.895010E-07 -1.765516E-05
200703 -9.241166E-07 -1.678387E-05
200704 -1.288275E-06 -1.425369E-05
200705 -1.479504E-06 -1.071519E-05
200706 -1.417110E-06 -6.752991E-06
200707 -1.062437E-06 -2.818087E-06
200708 -4.305015E-07  7.922482E-07
200709  4.104183E-07  3.918468E-06
200710  1.351277E-06  6.502935E-06
200711  2.263676E-06  8.550002E-06
200712  3.024951E-06  1.009356E-05
200713  3.541182E-06  1.117776E-05
200714  3.763347E-06  1.185082E-05
200715  3.693868E-06  1.216783E-05
200716  3.383155E-06  1.219645E-05
200717  2.917811E-06  1.202008E-05
200718  2.403535E-06  1.173475E-05
200719  1.946259E-06  1.143931E-05
200720  1.634736E-06  1.122092E-05
200721 -6.677557E-07  7.829142E-06
200722 -5.243947E-07  7.999761E-06
200723 -1.237517E-07  8.495238E-06
200724  4.817342E-07  9.248173E-06
200725  1.213255E-06  1.015930E-05
200726  1.975720E-06  1.111324E-05
200727  2.670764E-06  1.199314E-05
200728  3.211300E-06  1.268999E-05
200729  3.535325E-06  1.310406E-05
200730  3.616136E-06  1.313930E-05
200731  3.466144E-06  1.269443E-05
200732  3.132530E-06  1.165727E-05
200733  2.684796E-06  9.909579E-06
200734  2.196654E-06  7.348338E-06
200735  1.726759E-06  3.925024E-06
200736  1.303846E-06 -3.018710E-07
200737  9.211942E-07 -5.112960E-06
200738  5.428976E-07 -1.009037E-05
200739  1.208151E-07 -1.461619E-05
200740 -3.826223E-07 -1.792341E-05
200741 -9.730371E-07 -1.920606E-05
200742 -1.611766E-06 -1.778059E-05
200743 -2.217978E-06 -1.327247E-05
200744 -2.686443E-06 -5.786972E-06
200745 -2.916974E-06  3.985150E-06
200746 -2.847062E-06  1.477170E-05
200747 -2.477021E-06  2.485865E-05
200748 -1.878294E-06  3.236050E-05
200749 -1.180269E-06  3.558075E-05
200750 -5.379270E-07  3.339091E-05
200751 -8.935680E-08  2.553962E-05
200752  8.371809E-08  1.280899E-05
200753 -2.051583E-08 -3.037295E-06
200754 -3.245332E-07 -1.952322E-05
200755 -6.966266E-07 -3.390373E-05
200756 -9.930392E-07 -4.369277E-05
200757 -1.103811E-06 -4.716080E-05
200758 -9.877785E-07 -4.368869E-05
200759 -6.856066E-07 -3.389576E-05
200760 -3.067407E-07 -1.951169E-05
200761  5.522355E-09 -3.022560E-06
200762  1.197142E-07  1.282674E-05
200763 -4.187271E-08  2.556051E-05
200764 -4.781559E-07  3.341538E-05
200765 -1.108673E-06  3.560927E-05
200766 -1.796950E-06  3.239301E-05
200767 -2.389689E-06  2.489405E-05
200768 -2.758937E-06  1.480761E-05
200769 -2.834147E-06  4.018164E-06
200770 -2.615131E-06 -5.760527E-06
200771 -2.163644E-06 -1.325557E-05
200772 -1.578233E-06 -1.777469E-05
200773 -9.617788E-07 -1.921068E-05
200774 -3.923968E-07 -1.793625E-05
200775  9.384877E-08 -1.463372E-05
200776  5.045679E-07 -1.010860E-05
200777  8.783400E-07 -5.128229E-06
200778  1.263218E-06 -3.114804E-07
200779  1.694045E-06  3.922486E-06
200780  2.175793E-06  7.352977E-06
200781  2.677594E-06  9.920474E-06
200782  3.138544E-06  1.167294E-05
200783  3.482782E-06  1.271336E-05
200784  3.639006E-06  1.316025E-05
200785  3.558918E-06  1.312627E-05
200786  3.230036E-06  1.271299E-05
200787  2.680295E-06  1.201651E-05
200788  1.974168E-06  1.113626E-05
200789  1.201930E-06  1.018082E-05
200790  4.649327E-07  9.266603E-06
200791 -1.399946E-07  8.508833E-06
200792 -5.342834E-07  8.007001E-06
200793 -2.767044E-06  3.722451E-06
200794 -2.617501E-06  3.940611E-06
200795 -2.195046E-06  4.582580E-06
200796 -1.539706E-06  5.583778E-06
200797 -7.124314E-07  6.848857E-06
200798  2.111291E-07  8.266434E-06
200799  1.149189E-06  9.722389E-06
200800  2.024044E-06  1.110738E-05
200801  2.772366E-06  1.231624E-05
200802  3.353245E-06  1.323987E-05
200803  3.751572E-06  1.375339E-05
200804  3.975123E-06  1.370734E-05
200805  4.045317E-06  1.292962E-05
200806  3.983805E-06  1.124531E-05
200807  3.799021E-06  8.517305E-06
200808  3.477801E-06  4.704388E-06
200809  2.986402E-06 -7.407889E-08
200810  2.282678E-06 -5.484657E-06
200811  1.337316E-06 -1.095861E-05
200812  1.583491E-07 -1.572242E-05
200813 -1.189187E-06 -1.889112E-05
200814 -2.576390E-06 -1.962132E-05
200815 -3.821612E-06 -1.730244E-05
200816 -4.719864E-06 -1.174697E-05
200817 -5.085043E-06 -3.329825E-06
200818 -4.794567E-06  6.972562E-06
200819 -3.823687E-06  1.767592E-05
200820 -2.258365E-06  2.701812E-05
200821 -2.811634E-07  3.329209E-05
200822  1.867335E-06  3.521511E-05
200823  3.941225E-06  3.224813E-05
200824  5.740879E-06  2.478045E-05
200825  7.148343E-06  1.412022E-05
200826  8.136612E-06  2.275333E-06
200827  8.751440E-06 -8.438416E-06
200828  9.073363E-06 -1.587888E-05
200829  9.173860E-06 -1.853848E-05
200830  9.081116E-06 -1.587479E-05
200831  8.767180E-06 -8.430607E-06
200832  8.160862E-06  2.286158E-06
200833  7.181934E-06  1.413320E-05
200834  5.784786E-06  2.479489E-05
200835  3.996197E-06  3.226380E-05
200836  1.933400E-06  3.523243E-05
200837 -2.051610E-07  3.331184E-05
200838 -2.175023E-06  2.704085E-05
200839 -3.737032E-06  1.770122E-05
200840 -4.709751E-06  6.998688E-06
200841 -5.007818E-06 -3.305786E-06
200842 -4.655887E-06 -1.172837E-05
200843 -3.775671E-06 -1.729202E-05
200844 -2.551642E-06 -1.962038E-05
200845 -1.186535E-06 -1.889908E-05
200846  1.405682E-07 -1.573701E-05
200847  1.303181E-06 -1.097643E-05
200848  2.238043E-06 -5.501982E-06
200849  2.937913E-06 -8.758771E-08
200850  3.431820E-06  4.697088E-06
200851  3.760764E-06  8.517397E-06
200852  3.956801E-06  1.125279E-05
200853  4.031193E-06  1.294358E-05
200854  3.973568E-06  1.372643E-05
200855  3.760409E-06  1.377631E-05
200856  3.368632E-06  1.326564E-05
200857  2.789277E-06  1.234427E-05
200858  2.037152E-06  1.113724E-05
200859  1.154120E-06  9.753450E-06
200860  2.057928E-07  8.297559E-06
200861 -7.269470E-07  6.878247E-06
200862 -1.559172E-06  5.609089E-06
200863 -2.213292E-06  4.601296E-06
200864 -2.628486E-06  3.950588E-06
200865 -4.247728E-06  1.324552E-07
200866 -4.108592E-06  3.566788E-07
200867 -3.712503E-06  1.021655E-06
200868 -3.086088E-06  2.072741E-06
200869 -2.270538E-06  3.429475E-06
200870 -1.318820E-06  4.998200E-06
200871 -2.912031E-07  6.682957E-06
200872  7.507719E-07  8.390720E-06
200873  1.750872E-06  1.002886E-05
200874  2.663587E-06  1.149538E-05
200875  3.456484E-06  1.266529E-05
200876  4.108160E-06  1.337944E-05
200877  4.601797E-06  1.344340E-05
200878  4.916150E-06  1.264380E-05
200879  5.017580E-06  1.078609E-05
200880  4.857517E-06  7.751936E-06
200881  4.378959E-06  3.567041E-06
200882  3.532948E-06 -1.536998E-06
200883  2.302216E-06 -7.087327E-06
200884  7.256213E-07 -1.238133E-05
200885 -1.084906E-06 -1.655885E-05
200886 -2.942580E-06 -1.873621E-05
200887 -4.603585E-06 -1.818587E-05
200888 -5.803862E-06 -1.452714E-05
200889 -6.308404E-06 -7.880642E-06
200890 -5.961724E-06  1.062901E-06
200891 -4.725983E-06  1.109573E-05
200892 -2.695186E-06  2.067741E-05
200893 -7.982784E-08  2.822503E-05
200894  2.835154E-06  3.245067E-05
200895  5.748018E-06  3.266655E-05
200896  8.397400E-06  2.897742E-05
200897  1.060318E-05  2.230114E-05
200898  1.228058E-05  1.419888E-05
200899  1.342603E-05  6.544516E-06
200900  1.408237E-05  1.106766E-06
200901  1.429738E-05 -8.561658E-07
200902  1.409112E-05  1.110518E-06
200903  1.344357E-05  6.551562E-06
200904  1.230705E-05  1.420834E-05
200905  1.063894E-05  2.231185E-05
200906  8.442864E-06  2.898835E-05
200907  5.803361E-06  3.267724E-05
200908  2.899865E-06  3.246150E-05
200909 -7.320517E-09  2.823703E-05
200910 -2.617676E-06  2.069160E-05
200911 -4.647384E-06  1.111229E-05
200912 -5.886739E-06  1.080675E-06
200913 -6.242031E-06 -7.864078E-06
200914 -5.750823E-06 -1.451474E-05
200915 -4.567722E-06 -1.818011E-05
200916 -2.926255E-06 -1.873820E-05
200917 -1.088505E-06 -1.656798E-05
200918  7.039415E-07 -1.239547E-05
200919  2.266380E-06 -7.103427E-06
200920  3.488359E-06 -1.551808E-06
200921  4.331563E-06  3.556352E-06
200922  4.812828E-06  7.747346E-06
200923  4.979950E-06  1.078852E-05
200924  4.888419E-06  1.265315E-05
200925  4.585242E-06  1.345881E-05
200926  4.102557E-06  1.339975E-05
200927  3.460152E-06  1.268946E-05
200928  2.673443E-06  1.152271E-05
200929  1.762686E-06  1.005897E-05
200930  7.598227E-07  8.423254E-06
200931 -2.890197E-07  6.717223E-06
200932 -1.325675E-06  5.032847E-06
200933 -2.285662E-06  3.462383E-06
200934 -3.105645E-06  2.101182E-06
200935 -3.730650E-06  1.042729E-06
200936 -4.119484E-06  3.679249E-07
200937 -4.926867E-06 -2.329612E-06
200938 -4.806723E-06 -2.128862E-06
200939 -4.462381E-06 -1.529769E-06
200940 -3.908854E-06 -5.732452E-07
200941 -3.169986E-06  6.808738E-07
200942 -2.278199E-06  2.163593E-06
200943 -1.273182E-06  3.804613E-06
200944 -1.993124E-07  5.535054E-06
200945  8.976193E-07  7.283386E-06
200946  1.973223E-06  8.965029E-06
200947  2.985600E-06  1.046850E-05
200948  3.893811E-06  1.164338E-05
200949  4.653860E-06  1.229714E-05
200950  5.213721E-06  1.220755E-05
200951  5.510325E-06  1.115547E-05
200952  5.472026E-06  8.977120E-06
200953  5.029178E-06  5.628674E-06
200954  4.132954E-06  1.249108E-06
200955  2.779042E-06 -3.797414E-06
200956  1.029713E-06 -8.918929E-06
200957 -9.735944E-07 -1.334755E-05
200958 -3.013815E-06 -1.624995E-05
200959 -4.821125E-06 -1.688517E-05
200960 -6.113342E-06 -1.478096E-05
200961 -6.646770E-06 -9.886564E-06
200962 -6.266118E-06 -2.655798E-06
200963 -4.940521E-06  5.975748E-06
200964 -2.774887E-06  1.473210E-05
200965  8.099444E-09  2.223824E-05
200966  3.111725E-06  2.731203E-05
200967  6.223375E-06  2.923705E-05
200968  9.071214E-06  2.794443E-05
200969  1.146420E-05  2.404973E-05
200970  1.330574E-05  1.872576E-05
200971  1.458007E-05  1.343476E-05
200972  1.531895E-05  9.582135E-06
200973  1.556232E-05  8.176934E-06
200974  1.532733E-05  9.585361E-06
200975  1.459673E-05  1.344078E-05
200976  1.333062E-05  1.873370E-05
200977  1.149736E-05  2.405837E-05
200978  9.112751E-06  2.795261E-05
200979  6.273141E-06  2.924418E-05
200980  3.168946E-06  2.731843E-05
200981  7.108453E-08  2.224500E-05
200982 -2.708820E-06  1.474046E-05
200983 -4.874874E-06  5.986233E-06
200984 -6.204867E-06 -2.643936E-06
200985 -6.593932E-06 -9.875311E-06
200986 -6.072541E-06 -1.477286E-05
200987 -4.795165E-06 -1.688235E-05
200988 -3.004285E-06 -1.625332E-05
200989 -9.805051E-07 -1.335646E-05
200990  1.008127E-06 -8.931492E-06
200991  2.746212E-06 -3.811020E-06
200992  4.093459E-06  1.237143E-06
200993  4.987934E-06  5.620632E-06
200994  5.433441E-06  8.974563E-06
200995  5.477720E-06  1.115909E-05
200996  5.189145E-06  1.221718E-05
200997  4.638179E-06  1.231202E-05
200998  3.886848E-06  1.166255E-05
200999  2.986172E-06  1.049114E-05
201000  1.979078E-06  8.990688E-06
201001  9.054872E-07  7.311854E-06
201002 -1.932955E-07  5.566078E-06
201003 -1.272579E-06  3.837532E-06
201004 -2.285076E-06  2.197059E-06
201005 -3.183895E-06  7.127799E-07
201006 -3.926578E-06 -5.455968E-07
201007 -4.478787E-06 -1.509244E-06
201008 -4.816574E-06 -2.117895E-06
201009 -4.863332E-06 -3.582404E-06
201010 -4.763648E-06 -3.421831E-06
201011 -4.475806E-06 -2.939670E-06
201012 -4.006405E-06 -2.161829E-06
201013 -3.366600E-06 -1.125720E-06
201014 -2.573404E-06  1.262195E-07
201015 -1.650430E-06  1.550993E-06
201016 -6.278171E-07  3.105207E-06
201017  4.583828E-07  4.739848E-06
201018  1.566726E-06  6.390171E-06
201019  2.650211E-06  7.962992E-06
201020  3.655120E-06  9.325561E-06
201021  4.519216E-06  1.030175E-05
201022  5.170573E-06  1.068157E-05
201023  5.529172E-06  1.024838E-05
201024  5.513688E-06  8.823762E-06
201025  5.054962E-06  6.324695E-06
201026  4.115391E-06  2.821309E-06
201027  2.710424E-06 -1.420510E-06
201028  9.258669E-07 -5.928713E-06
201029 -1.075848E-06 -1.006071E-05
201030 -3.065485E-06 -1.309051E-05
201031 -4.774261E-06 -1.434000E-05
201032 -5.935326E-06 -1.333135E-05
201033 -6.331868E-06 -9.925060E-06
201034 -5.841091E-06 -4.403074E-06
201035 -4.462627E-06  2.535839E-06
201036 -2.322667E-06  9.881831E-06
201037  3.489211E-07  1.650706E-05
201038  3.263671E-06  2.140576E-05
201039  6.130273E-06  2.392313E-05
201040  8.706179E-06  2.391261E-05
201041  1.083154E-05  2.177604E-05
201042  1.243764E-05  1.836993E-05
201043  1.353004E-05  1.479664E-05
201044  1.415452E-05  1.213060E-05
201045  1.435849E-05  1.114853E-05
201046  1.416140E-05  1.213315E-05
201047  1.354368E-05  1.480144E-05
201048  1.245789E-05  1.837628E-05
201049  1.085835E-05  2.178290E-05
201050  8.739550E-06  2.391890E-05
201051  6.169987E-06  2.392822E-05
201052  3.308970E-06  2.140988E-05
201053  3.982780E-07  1.651118E-05
201054 -2.271559E-06  9.887118E-06
201055 -4.412642E-06  2.542884E-06
201056 -5.795333E-06 -4.394804E-06
201057 -6.293299E-06 -9.917188E-06
201058 -5.906464E-06 -1.332598E-05
201059 -4.756935E-06 -1.433885E-05
201060 -3.060620E-06 -1.309422E-05
201061 -1.083252E-06 -1.006863E-05
201062  9.076547E-07 -5.939225E-06
201063  2.684082E-06 -1.431508E-06
201064  4.084436E-06  2.811912E-06
201065  5.023101E-06  6.318639E-06
201066  5.484140E-06  8.822233E-06
201067  5.504230E-06  1.025189E-05
201068  5.151532E-06  1.068996E-05
201069  4.506551E-06  1.031436E-05
201070  3.648676E-06  9.341612E-06
201071  2.649240E-06  7.981862E-06
201072  1.569759E-06  6.411562E-06
201073  4.631496E-07  4.763667E-06
201074 -6.241802E-07  3.131282E-06
201075 -1.650730E-06  1.578763E-06
201076 -2.579406E-06  1.545284E-07
201077 -3.378115E-06 -1.098671E-06
201078 -4.020962E-06 -2.138342E-06
201079 -4.489283E-06 -2.922200E-06
201080 -4.771751E-06 -3.412484E-06
201081 -4.215804E-06 -3.818503E-06
201082 -4.133449E-06 -3.704976E-06
201083 -3.893342E-06 -3.361423E-06
201084 -3.497123E-06 -2.798967E-06
201085 -2.948419E-06 -2.033090E-06
201086 -2.254810E-06 -1.080678E-06
201087 -1.429667E-06  4.093444E-08
201088 -4.936863E-07  1.311548E-06
201089  5.237084E-07  2.701994E-06
201090  1.582982E-06  4.164964E-06
201091  2.633212E-06  5.624536E-06
201092  3.611308E-06  6.967433E-06
201093  4.442401E-06  8.040325E-06
201094  5.042445E-06  8.657856E-06
201095  5.324334E-06  8.624953E-06
201096  5.208689E-06  7.773718E-06
201097  4.639475E-06  6.010688E-06
201098  3.602638E-06  3.365340E-06
201099  2.143546E-06  2.721893E-08
201100  3.773975E-07 -3.642097E-06
201101 -1.512872E-06 -7.133770E-06
201102 -3.294119E-06 -9.858560E-06
201103 -4.714960E-06 -1.125077E-05
201104 -5.547192E-06 -1.089161E-05
201105 -5.628461E-06 -8.623295E-06
201106 -4.896360E-06 -4.620681E-06
201107 -3.404755E-06  6.068235E-07
201108 -1.316614E-06  6.294314E-06
201109  1.126606E-06  1.157054E-05
201110  3.652342E-06  1.564478E-05
201111  6.009305E-06  1.798534E-05
201112  8.011340E-06  1.844236E-05
201113  9.561594E-06  1.728037E-05
201114  1.065167E-05  1.510879E-05
201115  1.133790E-05  1.272585E-05
201116  1.170329E-05  1.091454E-05
201117  1.181768E-05  1.024239E-05
201118  1.170791E-05  1.091620E-05
201119  1.134700E-05  1.272907E-05
201120  1.066514E-05  1.511321E-05
201121  9.579425E-06  1.728532E-05
201122  8.033600E-06  1.844704E-05
201123  6.035917E-06  1.798924E-05
201124  3.682801E-06  1.564800E-05
201125  1.159793E-06  1.157378E-05
201126 -1.282413E-06  6.298438E-06
201127 -3.371640E-06  6.122359E-07
201128 -4.866501E-06 -4.614453E-06
201129 -5.603798E-06 -8.617554E-06
201130 -5.529228E-06 -1.088797E-05
201131 -4.704675E-06 -1.125047E-05
201132 -3.291922E-06 -9.861948E-06
201133 -1.518527E-06 -7.140208E-06
201134  3.648829E-07 -3.650279E-06
201135  2.125932E-06  1.884113E-08
201136  3.582245E-06  3.358234E-06
201137  4.618738E-06  6.006068E-06
201138  5.189660E-06  7.772439E-06
201139  5.308373E-06  8.627405E-06
201140  5.030205E-06  8.663917E-06
201141  4.434029E-06  8.049478E-06
201142  3.606650E-06  6.979044E-06
201143  2.631861E-06  5.638125E-06
201144  1.584150E-06  4.180322E-06
201145  5.260769E-07  2.719073E-06
201146 -4.919229E-07  1.330235E-06
201147 -1.430408E-06  6.082393E-08
201148 -2.259353E-06 -1.060408E-06
201149 -2.956746E-06 -2.013708E-06
201150 -3.507581E-06 -2.782099E-06
201151 -3.903031E-06 -3.348841E-06
201152 -4.139284E-06 -3.698227E-06
201153 -3.132337E-06 -3.303330E-06
201154 -3.062242E-06 -3.237906E-06
201155 -2.855268E-06 -3.036996E-06
201156 -2.511098E-06 -2.697752E-06
201157 -2.030383E-06 -2.215174E-06
201158 -1.416721E-06 -1.582728E-06
201159 -6.788533E-07 -7.949966E-07
201160  1.668485E-07  1.473649E-07
201161  1.093510E-06  1.230778E-06
201162  2.060818E-06  2.420912E-06
201163  3.012852E-06  3.655209E-06
201164  3.877810E-06  4.837740E-06
201165  4.570723E-06  5.839151E-06
201166  4.999998E-06  6.504803E-06
201167  5.078217E-06  6.673388E-06
201168  4.736942E-06  6.206067E-06
201169  3.944127E-06  5.022704E-06
201170  2.721163E-06  3.138328E-06
201171  1.154869E-06  6.904605E-07
201172 -6.007931E-07 -2.052701E-06
201173 -2.337104E-06 -4.711562E-06
201174 -3.817511E-06 -6.845641E-06
201175 -4.815357E-06 -8.031468E-06
201176 -5.155253E-06 -7.954472E-06
201177 -4.749075E-06 -6.493038E-06
201178 -3.617705E-06 -3.769859E-06
201179 -1.891925E-06 -1.506951E-07
201180  2.097088E-07  3.816481E-06
201181  2.422403E-06  7.511981E-06
201182  4.486998E-06  1.037907E-05
201183  6.199730E-06  1.204864E-05
201184  7.447533E-06  1.242088E-05
201185  8.220228E-06  1.168190E-05
201186  8.597128E-06  1.025058E-05
201187  8.712476E-06  8.669032E-06
201188  8.709577E-06  7.464539E-06
201189  8.696015E-06  7.017142E-06
201190  8.711485E-06  7.465014E-06
201191  8.716198E-06  8.670127E-06
201192  8.602601E-06  1.025238E-05
201193  8.227547E-06  1.168427E-05
201194  7.456937E-06  1.242348E-05
201195  6.211421E-06  1.205120E-05
201196  4.500899E-06  1.038160E-05
201197  2.437994E-06  7.514832E-06
201198  2.260318E-07  3.820058E-06
201199 -1.876093E-06 -1.463149E-07
201200 -3.603587E-06 -3.765170E-06
201201 -4.737649E-06 -6.489020E-06
201202 -5.147132E-06 -7.952197E-06
201203 -4.810812E-06 -8.031627E-06
201204 -3.816569E-06 -6.848257E-06
201205 -2.339590E-06 -4.716044E-06
201206 -6.062787E-07 -2.058141E-06
201207  1.147151E-06  6.849857E-07
201208  2.712285E-06  3.133616E-06
201209  3.935251E-06  5.019433E-06
201210  4.729017E-06  6.204777E-06
201211  5.071780E-06  6.674379E-06
201212  4.995172E-06  6.508025E-06
201213  4.567394E-06  5.844241E-06
201214  3.875808E-06  4.844214E-06
201215  3.012023E-06  3.662693E-06
201216  2.060944E-06  2.429231E-06
201217  1.094150E-06  1.239887E-06
201218  1.672636E-07  1.572002E-07
201219 -6.795663E-07 -7.846362E-07
201220 -1.419275E-06 -1.572230E-06
201221 -2.034867E-06 -2.205129E-06
201222 -2.516719E-06 -2.688954E-06
201223 -2.860505E-06 -3.030372E-06
201224 -3.065411E-06 -3.234326E-06
