Mesh2HRTF 0.1.2
    1
    1  1225
200000 -1.514975E-04 -2.622556E-04
200001 -1.411491E-04 -2.401764E-04
200002 -1.411492E-04 -2.401761E-04
200003 -1.411493E-04 -2.401757E-04
200004 -1.411493E-04 -2.401754E-04
200005 -1.411493E-04 -2.401750E-04
200006 -1.411492E-04 -2.401747E-04
200007 -1.411490E-04 -2.401744E-04
200008 -1.411489E-04 -2.401741E-04
200009 -1.411486E-04 -2.401738E-04
200010 -1.411484E-04 -2.401736E-04
200011 -1.411481E-04 -2.401734E-04
200012 -1.411477E-04 -2.401732E-04
200013 -1.411474E-04 -2.401731E-04
200014 -1.411470E-04 -2.401730E-04
200015 -1.411465E-04 -2.401730E-04
200016 -1.411461E-04 -2.401729E-04
200017 -1.411456E-04 -2.401729E-04
200018 -1.411451E-04 -2.401729E-04
200019 -1.411446E-04 -2.401729E-04
200020 -1.411441E-04 -2.401730E-04
200021 -1.411436E-04 -2.401730E-04
200022 -1.411431E-04 -2.401731E-04
200023 -1.411425E-04 -2.401732E-04
200024 -1.411420E-04 -2.401733E-04
200025 -1.411414E-04 -2.401734E-04
200026 -1.411408E-04 -2.401736E-04
200027 -1.411403E-04 -2.401737E-04
200028 -1.411397E-04 -2.401739E-04
200029 -1.411391E-04 -2.401741E-04
200030 -1.411386E-04 -2.401743E-04
200031 -1.411380E-04 -2.401745E-04
200032 -1.411374E-04 -2.401747E-04
200033 -1.411369E-04 -2.401749E-04
200034 -1.411364E-04 -2.401751E-04
200035 -1.411359E-04 -2.401753E-04
200036 -1.411355E-04 -2.401754E-04
200037 -1.411351E-04 -2.401756E-04
200038 -1.411348E-04 -2.401757E-04
200039 -1.411345E-04 -2.401758E-04
200040 -1.411343E-04 -2.401759E-04
200041 -1.411341E-04 -2.401759E-04
200042 -1.411340E-04 -2.401760E-04
200043 -1.411340E-04 -2.401761E-04
200044 -1.411340E-04 -2.401761E-04
200045 -1.411342E-04 -2.401762E-04
200046 -1.411343E-04 -2.401763E-04
200047 -1.411346E-04 -2.401764E-04
200048 -1.411349E-04 -2.401765E-04
200049 -1.411353E-04 -2.401767E-04
200050 -1.411358E-04 -2.401769E-04
200051 -1.411363E-04 -2.401771E-04
200052 -1.411369E-04 -2.401773E-04
200053 -1.411375E-04 -2.401775E-04
200054 -1.411381E-04 -2.401777E-04
200055 -1.411388E-04 -2.401779E-04
200056 -1.411396E-04 -2.401781E-04
200057 -1.411403E-04 -2.401783E-04
200058 -1.411411E-04 -2.401785E-04
200059 -1.411419E-04 -2.401786E-04
200060 -1.411427E-04 -2.401787E-04
200061 -1.411434E-04 -2.401787E-04
200062 -1.411442E-04 -2.401787E-04
200063 -1.411449E-04 -2.401787E-04
200064 -1.411456E-04 -2.401786E-04
200065 -1.411462E-04 -2.401785E-04
200066 -1.411467E-04 -2.401783E-04
200067 -1.411473E-04 -2.401781E-04
200068 -1.411477E-04 -2.401779E-04
200069 -1.411481E-04 -2.401776E-04
200070 -1.411485E-04 -2.401774E-04
200071 -1.411487E-04 -2.401771E-04
200072 -1.411490E-04 -2.401767E-04
200073 -1.132823E-04 -1.815992E-04
200074 -1.132822E-04 -1.815985E-04
200075 -1.132821E-04 -1.815978E-04
200076 -1.132820E-04 -1.815970E-04
200077 -1.132818E-04 -1.815962E-04
200078 -1.132816E-04 -1.815955E-04
200079 -1.132813E-04 -1.815949E-04
200080 -1.132810E-04 -1.815943E-04
200081 -1.132806E-04 -1.815939E-04
200082 -1.132801E-04 -1.815936E-04
200083 -1.132796E-04 -1.815935E-04
200084 -1.132789E-04 -1.815935E-04
200085 -1.132782E-04 -1.815936E-04
200086 -1.132775E-04 -1.815939E-04
200087 -1.132768E-04 -1.815942E-04
200088 -1.132760E-04 -1.815945E-04
200089 -1.132752E-04 -1.815948E-04
200090 -1.132745E-04 -1.815951E-04
200091 -1.132738E-04 -1.815953E-04
200092 -1.132731E-04 -1.815954E-04
200093 -1.132725E-04 -1.815955E-04
200094 -1.132719E-04 -1.815956E-04
200095 -1.132713E-04 -1.815956E-04
200096 -1.132707E-04 -1.815957E-04
200097 -1.132700E-04 -1.815957E-04
200098 -1.132693E-04 -1.815959E-04
200099 -1.132686E-04 -1.815961E-04
200100 -1.132678E-04 -1.815965E-04
200101 -1.132668E-04 -1.815969E-04
200102 -1.132659E-04 -1.815974E-04
200103 -1.132648E-04 -1.815980E-04
200104 -1.132637E-04 -1.815987E-04
200105 -1.132626E-04 -1.815993E-04
200106 -1.132615E-04 -1.815999E-04
200107 -1.132605E-04 -1.816003E-04
200108 -1.132595E-04 -1.816007E-04
200109 -1.132586E-04 -1.816009E-04
200110 -1.132579E-04 -1.816009E-04
200111 -1.132573E-04 -1.816007E-04
200112 -1.132568E-04 -1.816004E-04
200113 -1.132565E-04 -1.816000E-04
200114 -1.132563E-04 -1.815994E-04
200115 -1.132563E-04 -1.815989E-04
200116 -1.132564E-04 -1.815983E-04
200117 -1.132566E-04 -1.815979E-04
200118 -1.132570E-04 -1.815975E-04
200119 -1.132574E-04 -1.815974E-04
200120 -1.132580E-04 -1.815974E-04
200121 -1.132587E-04 -1.815976E-04
200122 -1.132595E-04 -1.815980E-04
200123 -1.132603E-04 -1.815986E-04
200124 -1.132614E-04 -1.815993E-04
200125 -1.132625E-04 -1.816001E-04
200126 -1.132638E-04 -1.816010E-04
200127 -1.132652E-04 -1.816018E-04
200128 -1.132667E-04 -1.816025E-04
200129 -1.132683E-04 -1.816032E-04
200130 -1.132699E-04 -1.816037E-04
200131 -1.132715E-04 -1.816040E-04
200132 -1.132732E-04 -1.816042E-04
200133 -1.132748E-04 -1.816042E-04
200134 -1.132763E-04 -1.816041E-04
200135 -1.132776E-04 -1.816039E-04
200136 -1.132788E-04 -1.816036E-04
200137 -1.132798E-04 -1.816033E-04
200138 -1.132807E-04 -1.816029E-04
200139 -1.132813E-04 -1.816025E-04
200140 -1.132818E-04 -1.816020E-04
200141 -1.132821E-04 -1.816016E-04
200142 -1.132823E-04 -1.816011E-04
200143 -1.132824E-04 -1.816005E-04
200144 -1.132824E-04 -1.815999E-04
200145 -7.608765E-05 -1.058277E-04
200146 -7.608712E-05 -1.058269E-04
200147 -7.608678E-05 -1.058259E-04
200148 -7.608660E-05 -1.058248E-04
200149 -7.608654E-05 -1.058235E-04
200150 -7.608653E-05 -1.058223E-04
200151 -7.608650E-05 -1.058212E-04
200152 -7.608639E-05 -1.058203E-04
200153 -7.608614E-05 -1.058198E-04
200154 -7.608572E-05 -1.058198E-04
200155 -7.608510E-05 -1.058202E-04
200156 -7.608430E-05 -1.058210E-04
200157 -7.608335E-05 -1.058221E-04
200158 -7.608228E-05 -1.058235E-04
200159 -7.608117E-05 -1.058249E-04
200160 -7.608007E-05 -1.058263E-04
200161 -7.607906E-05 -1.058276E-04
200162 -7.607818E-05 -1.058285E-04
200163 -7.607748E-05 -1.058290E-04
200164 -7.607699E-05 -1.058292E-04
200165 -7.607669E-05 -1.058290E-04
200166 -7.607655E-05 -1.058284E-04
200167 -7.607652E-05 -1.058277E-04
200168 -7.607652E-05 -1.058270E-04
200169 -7.607647E-05 -1.058263E-04
200170 -7.607627E-05 -1.058257E-04
200171 -7.607585E-05 -1.058255E-04
200172 -7.607516E-05 -1.058257E-04
200173 -7.607417E-05 -1.058263E-04
200174 -7.607289E-05 -1.058272E-04
200175 -7.607134E-05 -1.058284E-04
200176 -7.606960E-05 -1.058299E-04
200177 -7.606775E-05 -1.058314E-04
200178 -7.606590E-05 -1.058329E-04
200179 -7.606412E-05 -1.058342E-04
200180 -7.606253E-05 -1.058351E-04
200181 -7.606117E-05 -1.058355E-04
200182 -7.606011E-05 -1.058353E-04
200183 -7.605937E-05 -1.058347E-04
200184 -7.605893E-05 -1.058334E-04
200185 -7.605877E-05 -1.058318E-04
200186 -7.605886E-05 -1.058298E-04
200187 -7.605914E-05 -1.058277E-04
200188 -7.605957E-05 -1.058257E-04
200189 -7.606010E-05 -1.058238E-04
200190 -7.606069E-05 -1.058224E-04
200191 -7.606133E-05 -1.058215E-04
200192 -7.606202E-05 -1.058212E-04
200193 -7.606275E-05 -1.058215E-04
200194 -7.606356E-05 -1.058224E-04
200195 -7.606448E-05 -1.058238E-04
200196 -7.606557E-05 -1.058256E-04
200197 -7.606686E-05 -1.058276E-04
200198 -7.606840E-05 -1.058297E-04
200199 -7.607021E-05 -1.058316E-04
200200 -7.607230E-05 -1.058332E-04
200201 -7.607462E-05 -1.058344E-04
200202 -7.607712E-05 -1.058352E-04
200203 -7.607973E-05 -1.058354E-04
200204 -7.608232E-05 -1.058352E-04
200205 -7.608478E-05 -1.058346E-04
200206 -7.608700E-05 -1.058338E-04
200207 -7.608887E-05 -1.058328E-04
200208 -7.609032E-05 -1.058318E-04
200209 -7.609128E-05 -1.058309E-04
200210 -7.609177E-05 -1.058302E-04
200211 -7.609181E-05 -1.058296E-04
200212 -7.609146E-05 -1.058293E-04
200213 -7.609083E-05 -1.058290E-04
200214 -7.609003E-05 -1.058288E-04
200215 -7.608916E-05 -1.058286E-04
200216 -7.608834E-05 -1.058283E-04
200217 -3.934146E-05 -3.499393E-05
200218 -3.934055E-05 -3.499363E-05
200219 -3.934028E-05 -3.499268E-05
200220 -3.934053E-05 -3.499118E-05
200221 -3.934115E-05 -3.498932E-05
200222 -3.934195E-05 -3.498736E-05
200223 -3.934273E-05 -3.498558E-05
200224 -3.934333E-05 -3.498429E-05
200225 -3.934364E-05 -3.498371E-05
200226 -3.934358E-05 -3.498401E-05
200227 -3.934312E-05 -3.498525E-05
200228 -3.934231E-05 -3.498738E-05
200229 -3.934118E-05 -3.499025E-05
200230 -3.933983E-05 -3.499358E-05
200231 -3.933836E-05 -3.499706E-05
200232 -3.933692E-05 -3.500032E-05
200233 -3.933562E-05 -3.500304E-05
200234 -3.933461E-05 -3.500494E-05
200235 -3.933399E-05 -3.500584E-05
200236 -3.933381E-05 -3.500572E-05
200237 -3.933410E-05 -3.500464E-05
200238 -3.933480E-05 -3.500281E-05
200239 -3.933578E-05 -3.500049E-05
200240 -3.933688E-05 -3.499800E-05
200241 -3.933791E-05 -3.499563E-05
200242 -3.933865E-05 -3.499368E-05
200243 -3.933893E-05 -3.499235E-05
200244 -3.933862E-05 -3.499180E-05
200245 -3.933765E-05 -3.499210E-05
200246 -3.933603E-05 -3.499323E-05
200247 -3.933385E-05 -3.499510E-05
200248 -3.933125E-05 -3.499753E-05
200249 -3.932844E-05 -3.500027E-05
200250 -3.932564E-05 -3.500304E-05
200251 -3.932304E-05 -3.500550E-05
200252 -3.932084E-05 -3.500734E-05
200253 -3.931916E-05 -3.500829E-05
200254 -3.931806E-05 -3.500818E-05
200255 -3.931754E-05 -3.500695E-05
200256 -3.931753E-05 -3.500464E-05
200257 -3.931794E-05 -3.500143E-05
200258 -3.931867E-05 -3.499758E-05
200259 -3.931959E-05 -3.499342E-05
200260 -3.932060E-05 -3.498932E-05
200261 -3.932161E-05 -3.498561E-05
200262 -3.932256E-05 -3.498264E-05
200263 -3.932341E-05 -3.498066E-05
200264 -3.932415E-05 -3.497985E-05
200265 -3.932478E-05 -3.498028E-05
200266 -3.932537E-05 -3.498190E-05
200267 -3.932598E-05 -3.498456E-05
200268 -3.932674E-05 -3.498799E-05
200269 -3.932775E-05 -3.499184E-05
200270 -3.932915E-05 -3.499570E-05
200271 -3.933102E-05 -3.499920E-05
200272 -3.933342E-05 -3.500197E-05
200273 -3.933631E-05 -3.500378E-05
200274 -3.933961E-05 -3.500448E-05
200275 -3.934315E-05 -3.500407E-05
200276 -3.934671E-05 -3.500270E-05
200277 -3.935006E-05 -3.500059E-05
200278 -3.935294E-05 -3.499807E-05
200279 -3.935513E-05 -3.499546E-05
200280 -3.935646E-05 -3.499309E-05
200281 -3.935684E-05 -3.499123E-05
200282 -3.935628E-05 -3.499005E-05
200283 -3.935487E-05 -3.498962E-05
200284 -3.935279E-05 -3.498988E-05
200285 -3.935028E-05 -3.499067E-05
200286 -3.934763E-05 -3.499174E-05
200287 -3.934513E-05 -3.499281E-05
200288 -3.934301E-05 -3.499362E-05
200289 -1.076364E-05  1.480888E-05
200290 -1.076280E-05  1.480823E-05
200291 -1.076320E-05  1.480883E-05
200292 -1.076454E-05  1.481052E-05
200293 -1.076645E-05  1.481296E-05
200294 -1.076853E-05  1.481569E-05
200295 -1.077044E-05  1.481820E-05
200296 -1.077193E-05  1.482002E-05
200297 -1.077290E-05  1.482076E-05
200298 -1.077329E-05  1.482012E-05
200299 -1.077316E-05  1.481799E-05
200300 -1.077255E-05  1.481442E-05
200301 -1.077156E-05  1.480966E-05
200302 -1.077025E-05  1.480411E-05
200303 -1.076874E-05  1.479835E-05
200304 -1.076716E-05  1.479298E-05
200305 -1.076569E-05  1.478862E-05
200306 -1.076454E-05  1.478575E-05
200307 -1.076390E-05  1.478466E-05
200308 -1.076394E-05  1.478539E-05
200309 -1.076470E-05  1.478775E-05
200310 -1.076615E-05  1.479135E-05
200311 -1.076811E-05  1.479567E-05
200312 -1.077032E-05  1.480021E-05
200313 -1.077242E-05  1.480448E-05
200314 -1.077410E-05  1.480810E-05
200315 -1.077503E-05  1.481082E-05
200316 -1.077500E-05  1.481246E-05
200317 -1.077391E-05  1.481293E-05
200318 -1.077178E-05  1.481221E-05
200319 -1.076877E-05  1.481036E-05
200320 -1.076516E-05  1.480755E-05
200321 -1.076130E-05  1.480406E-05
200322 -1.075755E-05  1.480028E-05
200323 -1.075428E-05  1.479670E-05
200324 -1.075177E-05  1.479384E-05
200325 -1.075015E-05  1.479217E-05
200326 -1.074947E-05  1.479200E-05
200327 -1.074961E-05  1.479349E-05
200328 -1.075041E-05  1.479656E-05
200329 -1.075164E-05  1.480096E-05
200330 -1.075310E-05  1.480629E-05
200331 -1.075462E-05  1.481209E-05
200332 -1.075610E-05  1.481786E-05
200333 -1.075747E-05  1.482311E-05
200334 -1.075871E-05  1.482742E-05
200335 -1.075977E-05  1.483041E-05
200336 -1.076064E-05  1.483179E-05
200337 -1.076129E-05  1.483139E-05
200338 -1.076175E-05  1.482920E-05
200339 -1.076208E-05  1.482539E-05
200340 -1.076243E-05  1.482032E-05
200341 -1.076300E-05  1.481452E-05
200342 -1.076401E-05  1.480866E-05
200343 -1.076567E-05  1.480341E-05
200344 -1.076809E-05  1.479939E-05
200345 -1.077130E-05  1.479703E-05
200346 -1.077516E-05  1.479657E-05
200347 -1.077943E-05  1.479798E-05
200348 -1.078376E-05  1.480100E-05
200349 -1.078775E-05  1.480520E-05
200350 -1.079100E-05  1.480999E-05
200351 -1.079317E-05  1.481477E-05
200352 -1.079399E-05  1.481893E-05
200353 -1.079334E-05  1.482200E-05
200354 -1.079122E-05  1.482364E-05
200355 -1.078781E-05  1.482373E-05
200356 -1.078343E-05  1.482237E-05
200357 -1.077853E-05  1.481987E-05
200358 -1.077363E-05  1.481672E-05
200359 -1.076924E-05  1.481349E-05
200360 -1.076581E-05  1.481072E-05
200361  6.152806E-06  3.804608E-05
200362  6.152806E-06  3.804435E-05
200363  6.150993E-06  3.804447E-05
200364  6.147960E-06  3.804616E-05
200365  6.144424E-06  3.804889E-05
200366  6.141047E-06  3.805202E-05
200367  6.138299E-06  3.805490E-05
200368  6.136382E-06  3.805696E-05
200369  6.135259E-06  3.805772E-05
200370  6.134738E-06  3.805686E-05
200371  6.134600E-06  3.805420E-05
200372  6.134693E-06  3.804975E-05
200373  6.134977E-06  3.804374E-05
200374  6.135501E-06  3.803665E-05
200375  6.136328E-06  3.802920E-05
200376  6.137456E-06  3.802226E-05
200377  6.138758E-06  3.801671E-05
200378  6.139982E-06  3.801330E-05
200379  6.140802E-06  3.801241E-05
200380  6.140915E-06  3.801406E-05
200381  6.140131E-06  3.801785E-05
200382  6.138442E-06  3.802310E-05
200383  6.136041E-06  3.802902E-05
200384  6.133286E-06  3.803489E-05
200385  6.130635E-06  3.804021E-05
200386  6.128558E-06  3.804468E-05
200387  6.127463E-06  3.804823E-05
200388  6.127629E-06  3.805084E-05
200389  6.129173E-06  3.805249E-05
200390  6.132027E-06  3.805308E-05
200391  6.135945E-06  3.805251E-05
200392  6.140527E-06  3.805071E-05
200393  6.145265E-06  3.804778E-05
200394  6.149615E-06  3.804407E-05
200395  6.153088E-06  3.804013E-05
200396  6.155341E-06  3.803669E-05
200397  6.156245E-06  3.803442E-05
200398  6.155905E-06  3.803383E-05
200399  6.154622E-06  3.803515E-05
200400  6.152807E-06  3.803828E-05
200401  6.150856E-06  3.804285E-05
200402  6.149058E-06  3.804837E-05
200403  6.147535E-06  3.805434E-05
200404  6.146253E-06  3.806027E-05
200405  6.145085E-06  3.806578E-05
200406  6.143906E-06  3.807050E-05
200407  6.142666E-06  3.807408E-05
200408  6.141419E-06  3.807614E-05
200409  6.140295E-06  3.807631E-05
200410  6.139432E-06  3.807437E-05
200411  6.138885E-06  3.807029E-05
200412  6.138569E-06  3.806438E-05
200413  6.138249E-06  3.805727E-05
200414  6.137589E-06  3.804982E-05
200415  6.136249E-06  3.804304E-05
200416  6.133992E-06  3.803784E-05
200417  6.130759E-06  3.803490E-05
200418  6.126704E-06  3.803456E-05
200419  6.122172E-06  3.803680E-05
200420  6.117635E-06  3.804123E-05
200421  6.113610E-06  3.804723E-05
200422  6.110588E-06  3.805400E-05
200423  6.108978E-06  3.806069E-05
200424  6.109071E-06  3.806648E-05
200425  6.111013E-06  3.807067E-05
200426  6.114777E-06  3.807274E-05
200427  6.120144E-06  3.807246E-05
200428  6.126681E-06  3.806993E-05
200429  6.133763E-06  3.806560E-05
200430  6.140627E-06  3.806018E-05
200431  6.146489E-06  3.805455E-05
200432  6.150684E-06  3.804962E-05
200433  1.216914E-05  3.874957E-05
200434  1.216750E-05  3.874711E-05
200435  1.216362E-05  3.874690E-05
200436  1.215854E-05  3.874845E-05
200437  1.215343E-05  3.875101E-05
200438  1.214927E-05  3.875381E-05
200439  1.214658E-05  3.875621E-05
200440  1.214533E-05  3.875776E-05
200441  1.214507E-05  3.875815E-05
200442  1.214515E-05  3.875716E-05
200443  1.214497E-05  3.875459E-05
200444  1.214426E-05  3.875033E-05
200445  1.214310E-05  3.874440E-05
200446  1.214186E-05  3.873716E-05
200447  1.214102E-05  3.872932E-05
200448  1.214090E-05  3.872189E-05
200449  1.214157E-05  3.871604E-05
200450  1.214276E-05  3.871274E-05
200451  1.214397E-05  3.871252E-05
200452  1.214466E-05  3.871530E-05
200453  1.214446E-05  3.872038E-05
200454  1.214322E-05  3.872669E-05
200455  1.214113E-05  3.873311E-05
200456  1.213863E-05  3.873881E-05
200457  1.213625E-05  3.874340E-05
200458  1.213457E-05  3.874702E-05
200459  1.213402E-05  3.875009E-05
200460  1.213488E-05  3.875302E-05
200461  1.213723E-05  3.875599E-05
200462  1.214094E-05  3.875882E-05
200463  1.214569E-05  3.876099E-05
200464  1.215097E-05  3.876194E-05
200465  1.215615E-05  3.876129E-05
200466  1.216055E-05  3.875910E-05
200467  1.216358E-05  3.875591E-05
200468  1.216485E-05  3.875262E-05
200469  1.216432E-05  3.875016E-05
200470  1.216233E-05  3.874924E-05
200471  1.215951E-05  3.875012E-05
200472  1.215662E-05  3.875260E-05
200473  1.215429E-05  3.875615E-05
200474  1.215287E-05  3.876019E-05
200475  1.215233E-05  3.876428E-05
200476  1.215228E-05  3.876824E-05
200477  1.215218E-05  3.877209E-05
200478  1.215157E-05  3.877585E-05
200479  1.215023E-05  3.877939E-05
200480  1.214826E-05  3.878227E-05
200481  1.214601E-05  3.878386E-05
200482  1.214396E-05  3.878346E-05
200483  1.214245E-05  3.878059E-05
200484  1.214157E-05  3.877525E-05
200485  1.214109E-05  3.876798E-05
200486  1.214057E-05  3.875981E-05
200487  1.213951E-05  3.875204E-05
200488  1.213752E-05  3.874591E-05
200489  1.213450E-05  3.874235E-05
200490  1.213067E-05  3.874181E-05
200491  1.212647E-05  3.874422E-05
200492  1.212249E-05  3.874914E-05
200493  1.211930E-05  3.875582E-05
200494  1.211735E-05  3.876340E-05
200495  1.211696E-05  3.877095E-05
200496  1.211834E-05  3.877757E-05
200497  1.212156E-05  3.878243E-05
200498  1.212660E-05  3.878485E-05
200499  1.213325E-05  3.878442E-05
200500  1.214110E-05  3.878115E-05
200501  1.214946E-05  3.877549E-05
200502  1.215738E-05  3.876835E-05
200503  1.216383E-05  3.876090E-05
200504  1.216793E-05  3.875432E-05
200505  1.071229E-05  2.601668E-05
200506  1.070847E-05  2.601424E-05
200507  1.070219E-05  2.601414E-05
200508  1.069505E-05  2.601556E-05
200509  1.068875E-05  2.601750E-05
200510  1.068462E-05  2.601915E-05
200511  1.068312E-05  2.602006E-05
200512  1.068383E-05  2.602019E-05
200513  1.068561E-05  2.601966E-05
200514  1.068710E-05  2.601856E-05
200515  1.068720E-05  2.601671E-05
200516  1.068547E-05  2.601379E-05
200517  1.068224E-05  2.600943E-05
200518  1.067839E-05  2.600360E-05
200519  1.067502E-05  2.599680E-05
200520  1.067300E-05  2.599005E-05
200521  1.067267E-05  2.598475E-05
200522  1.067376E-05  2.598214E-05
200523  1.067555E-05  2.598290E-05
200524  1.067720E-05  2.598686E-05
200525  1.067803E-05  2.599294E-05
200526  1.067776E-05  2.599959E-05
200527  1.067658E-05  2.600529E-05
200528  1.067498E-05  2.600914E-05
200529  1.067359E-05  2.601110E-05
200530  1.067299E-05  2.601199E-05
200531  1.067359E-05  2.601304E-05
200532  1.067559E-05  2.601537E-05
200533  1.067897E-05  2.601951E-05
200534  1.068350E-05  2.602511E-05
200535  1.068883E-05  2.603111E-05
200536  1.069439E-05  2.603617E-05
200537  1.069951E-05  2.603916E-05
200538  1.070342E-05  2.603968E-05
200539  1.070544E-05  2.603816E-05
200540  1.070517E-05  2.603569E-05
200541  1.070268E-05  2.603353E-05
200542  1.069860E-05  2.603258E-05
200543  1.069398E-05  2.603310E-05
200544  1.069004E-05  2.603462E-05
200545  1.068773E-05  2.603634E-05
200546  1.068742E-05  2.603754E-05
200547  1.068880E-05  2.603798E-05
200548  1.069095E-05  2.603800E-05
200549  1.069272E-05  2.603837E-05
200550  1.069314E-05  2.603982E-05
200551  1.069176E-05  2.604266E-05
200552  1.068875E-05  2.604650E-05
200553  1.068483E-05  2.605031E-05
200554  1.068093E-05  2.605271E-05
200555  1.067784E-05  2.605251E-05
200556  1.067591E-05  2.604914E-05
200557  1.067496E-05  2.604292E-05
200558  1.067440E-05  2.603497E-05
200559  1.067352E-05  2.602687E-05
200560  1.067181E-05  2.602018E-05
200561  1.066913E-05  2.601606E-05
200562  1.066581E-05  2.601499E-05
200563  1.066245E-05  2.601687E-05
200564  1.065975E-05  2.602113E-05
200565  1.065821E-05  2.602707E-05
200566  1.065814E-05  2.603389E-05
200567  1.065957E-05  2.604085E-05
200568  1.066245E-05  2.604718E-05
200569  1.066672E-05  2.605206E-05
200570  1.067234E-05  2.605469E-05
200571  1.067924E-05  2.605445E-05
200572  1.068718E-05  2.605111E-05
200573  1.069555E-05  2.604503E-05
200574  1.070339E-05  2.603717E-05
200575  1.070948E-05  2.602892E-05
200576  1.071266E-05  2.602172E-05
200577  5.824139E-06  9.138471E-06
200578  5.818081E-06  9.136896E-06
200579  5.809505E-06  9.137471E-06
200580  5.800591E-06  9.138962E-06
200581  5.793647E-06  9.140076E-06
200582  5.790301E-06  9.140006E-06
200583  5.790927E-06  9.138691E-06
200584  5.794540E-06  9.136700E-06
200585  5.799185E-06  9.134819E-06
200586  5.802662E-06  9.133566E-06
200587  5.803301E-06  9.132880E-06
200588  5.800510E-06  9.132119E-06
200589  5.794914E-06  9.130402E-06
200590  5.788058E-06  9.127110E-06
200591  5.781797E-06  9.122335E-06
200592  5.777633E-06  9.117030E-06
200593  5.776229E-06  9.112754E-06
200594  5.777291E-06  9.111077E-06
200595  5.779811E-06  9.112877E-06
200596  5.782558E-06  9.117879E-06
200597  5.784565E-06  9.124641E-06
200598  5.785428E-06  9.131063E-06
200599  5.785337E-06  9.135216E-06
200600  5.784883E-06  9.136132E-06
200601  5.784768E-06  9.134213E-06
200602  5.785565E-06  9.131100E-06
200603  5.787587E-06  9.129031E-06
200604  5.790874E-06  9.129972E-06
200605  5.795257E-06  9.134852E-06
200606  5.800434E-06  9.143193E-06
200607  5.806002E-06  9.153296E-06
200608  5.811440E-06  9.162886E-06
200609  5.816082E-06  9.169979E-06
200610  5.819150E-06  9.173605E-06
200611  5.819904E-06  9.174088E-06
200612  5.817911E-06  9.172758E-06
200613  5.813330E-06  9.171240E-06
200614  5.807067E-06  9.170667E-06
200615  5.800638E-06  9.171173E-06
200616  5.795750E-06  9.171937E-06
200617  5.793710E-06  9.171713E-06
200618  5.794929E-06  9.169573E-06
200619  5.798733E-06  9.165498E-06
200620  5.803584E-06  9.160515E-06
200621  5.807614E-06  9.156329E-06
200622  5.809283E-06  9.154620E-06
200623  5.807878E-06  9.156306E-06
200624  5.803700E-06  9.161096E-06
200625  5.797878E-06  9.167519E-06
200626  5.791900E-06  9.173416E-06
200627  5.787050E-06  9.176715E-06
200628  5.783969E-06  9.176167E-06
200629  5.782500E-06  9.171766E-06
200630  5.781880E-06  9.164690E-06
200631  5.781157E-06  9.156805E-06
200632  5.779662E-06  9.149979E-06
200633  5.777303E-06  9.145505E-06
200634  5.774575E-06  9.143844E-06
200635  5.772303E-06  9.144735E-06
200636  5.771265E-06  9.147538E-06
200637  5.771892E-06  9.151586E-06
200638  5.774164E-06  9.156366E-06
200639  5.777720E-06  9.161486E-06
200640  5.782110E-06  9.166503E-06
200641  5.787041E-06  9.170767E-06
200642  5.792487E-06  9.173423E-06
200643  5.798596E-06  9.173612E-06
200644  5.805439E-06  9.170814E-06
200645  5.812698E-06  9.165164E-06
200646  5.819499E-06  9.157580E-06
200647  5.824507E-06  9.149580E-06
200648  5.826338E-06  9.142809E-06
200649  6.499382E-07 -5.442217E-06
200650  6.420431E-07 -5.442327E-06
200651  6.316663E-07 -5.440615E-06
200652  6.215192E-07 -5.438779E-06
200653  6.144498E-07 -5.438413E-06
200654  6.123654E-07 -5.440273E-06
200655  6.154917E-07 -5.443982E-06
200656  6.222755E-07 -5.448266E-06
200657  6.299501E-07 -5.451615E-06
200658  6.355210E-07 -5.453018E-06
200659  6.367908E-07 -5.452431E-06
200660  6.330609E-07 -5.450790E-06
200661  6.252864E-07 -5.449549E-06
200662  6.156564E-07 -5.449962E-06
200663  6.067718E-07 -5.452409E-06
200664  6.007343E-07 -5.456098E-06
200665  5.984910E-07 -5.459320E-06
200666  5.996723E-07 -5.460194E-06
200667  6.029497E-07 -5.457597E-06
200668  6.067086E-07 -5.451833E-06
200669  6.097120E-07 -5.444685E-06
200670  6.114769E-07 -5.438752E-06
200671  6.122660E-07 -5.436368E-06
200672  6.127900E-07 -5.438555E-06
200673  6.138219E-07 -5.444502E-06
200674  6.159001E-07 -5.451783E-06
200675  6.192061E-07 -5.457219E-06
200676  6.236015E-07 -5.458051E-06
200677  6.287552E-07 -5.452949E-06
200678  6.342699E-07 -5.442497E-06
200679  6.397419E-07 -5.428973E-06
200680  6.447276E-07 -5.415498E-06
200681  6.486580E-07 -5.404874E-06
200682  6.508016E-07 -5.398587E-06
200683  6.503856E-07 -5.396398E-06
200684  6.469120E-07 -5.396693E-06
200685  6.405575E-07 -5.397454E-06
200686  6.324282E-07 -5.397343E-06
200687  6.244417E-07 -5.396375E-06
200688  6.187789E-07 -5.395835E-06
200689  6.170930E-07 -5.397502E-06
200690  6.198277E-07 -5.402578E-06
200691  6.259725E-07 -5.410894E-06
200692  6.333804E-07 -5.420749E-06
200693  6.395158E-07 -5.429470E-06
200694  6.423236E-07 -5.434428E-06
200695  6.408865E-07 -5.434071E-06
200696  6.356449E-07 -5.428553E-06
200697  6.281340E-07 -5.419727E-06
200698  6.203602E-07 -5.410496E-06
200699  6.140589E-07 -5.403772E-06
200700  6.101138E-07 -5.401469E-06
200701  6.083549E-07 -5.403905E-06
200702  6.078075E-07 -5.409853E-06
200703  6.072689E-07 -5.417185E-06
200704  6.059369E-07 -5.423778E-06
200705  6.037906E-07 -5.428265E-06
200706  6.015555E-07 -5.430313E-06
200707  6.003053E-07 -5.430399E-06
200708  6.009272E-07 -5.429293E-06
200709  6.037241E-07 -5.427572E-06
200710  6.083223E-07 -5.425426E-06
200711  6.138920E-07 -5.422791E-06
200712  6.195478E-07 -5.419678E-06
200713  6.247337E-07 -5.416474E-06
200714  6.294178E-07 -5.414013E-06
200715  6.339999E-07 -5.413349E-06
200716  6.389559E-07 -5.415308E-06
200717  6.443680E-07 -5.420017E-06
200718  6.495844E-07 -5.426668E-06
200719  6.532384E-07 -5.433684E-06
200720  6.537187E-07 -5.439283E-06
200721 -3.138129E-06 -1.486164E-05
200722 -3.147137E-06 -1.486010E-05
200723 -3.158551E-06 -1.485708E-05
200724 -3.169267E-06 -1.485471E-05
200725 -3.176029E-06 -1.485482E-05
200726 -3.176740E-06 -1.485810E-05
200727 -3.171337E-06 -1.486377E-05
200728 -3.161850E-06 -1.486993E-05
200729 -3.151682E-06 -1.487447E-05
200730 -3.144414E-06 -1.487596E-05
200731 -3.142607E-06 -1.487427E-05
200732 -3.146999E-06 -1.487058E-05
200733 -3.156358E-06 -1.486681E-05
200734 -3.167983E-06 -1.486474E-05
200735 -3.178701E-06 -1.486519E-05
200736 -3.185956E-06 -1.486754E-05
200737 -3.188616E-06 -1.487000E-05
200738 -3.187163E-06 -1.487041E-05
200739 -3.183231E-06 -1.486742E-05
200740 -3.178758E-06 -1.486129E-05
200741 -3.175165E-06 -1.485404E-05
200742 -3.172939E-06 -1.484864E-05
200743 -3.171696E-06 -1.484772E-05
200744 -3.170598E-06 -1.485237E-05
200745 -3.168819E-06 -1.486148E-05
200746 -3.165871E-06 -1.487204E-05
200747 -3.161699E-06 -1.488023E-05
200748 -3.156604E-06 -1.488272E-05
200749 -3.151062E-06 -1.487787E-05
200750 -3.145554E-06 -1.486633E-05
200751 -3.140472E-06 -1.485075E-05
200752 -3.136151E-06 -1.483484E-05
200753 -3.133011E-06 -1.482198E-05
200754 -3.131676E-06 -1.481405E-05
200755 -3.132919E-06 -1.481084E-05
200756 -3.137327E-06 -1.481047E-05
200757 -3.144797E-06 -1.481059E-05
200758 -3.154146E-06 -1.480968E-05
200759 -3.163188E-06 -1.480792E-05
200760 -3.169370E-06 -1.480706E-05
200761 -3.170752E-06 -1.480938E-05
200762 -3.166858E-06 -1.481638E-05
200763 -3.158965E-06 -1.482776E-05
200764 -3.149688E-06 -1.484130E-05
200765 -3.142053E-06 -1.485355E-05
200766 -3.138463E-06 -1.486114E-05
200767 -3.139944E-06 -1.486200E-05
200768 -3.145922E-06 -1.485615E-05
200769 -3.154553E-06 -1.484568E-05
200770 -3.163455E-06 -1.483404E-05
200771 -3.170575E-06 -1.482475E-05
200772 -3.174875E-06 -1.482025E-05
200773 -3.176574E-06 -1.482108E-05
200774 -3.176854E-06 -1.482597E-05
200775 -3.177144E-06 -1.483261E-05
200776 -3.178351E-06 -1.483868E-05
200777 -3.180400E-06 -1.484283E-05
200778 -3.182325E-06 -1.484491E-05
200779 -3.182809E-06 -1.484563E-05
200780 -3.180869E-06 -1.484592E-05
200781 -3.176331E-06 -1.484628E-05
200782 -3.169891E-06 -1.484659E-05
200783 -3.162796E-06 -1.484637E-05
200784 -3.156313E-06 -1.484522E-05
200785 -3.151236E-06 -1.484324E-05
200786 -3.147617E-06 -1.484119E-05
200787 -3.144841E-06 -1.484021E-05
200788 -3.142040E-06 -1.484137E-05
200789 -3.138704E-06 -1.484502E-05
200790 -3.135184E-06 -1.485049E-05
200791 -3.132797E-06 -1.485622E-05
200792 -3.133334E-06 -1.486035E-05
200793 -5.154851E-06 -1.900551E-05
200794 -5.164137E-06 -1.900256E-05
200795 -5.175731E-06 -1.899844E-05
200796 -5.186329E-06 -1.899552E-05
200797 -5.192467E-06 -1.899579E-05
200798 -5.191988E-06 -1.899987E-05
200799 -5.184982E-06 -1.900666E-05
200800 -5.173791E-06 -1.901388E-05
200801 -5.162164E-06 -1.901904E-05
200802 -5.153950E-06 -1.902048E-05
200803 -5.151835E-06 -1.901806E-05
200804 -5.156531E-06 -1.901306E-05
200805 -5.166629E-06 -1.900767E-05
200806 -5.179160E-06 -1.900399E-05
200807 -5.190644E-06 -1.900312E-05
200808 -5.198300E-06 -1.900461E-05
200809 -5.200928E-06 -1.900665E-05
200810 -5.199134E-06 -1.900695E-05
200811 -5.194782E-06 -1.900399E-05
200812 -5.190012E-06 -1.899794E-05
200813 -5.186311E-06 -1.899088E-05
200814 -5.184087E-06 -1.898597E-05
200815 -5.182819E-06 -1.898599E-05
200816 -5.181568E-06 -1.899203E-05
200817 -5.179498E-06 -1.900283E-05
200818 -5.176184E-06 -1.901517E-05
200819 -5.171675E-06 -1.902492E-05
200820 -5.166379E-06 -1.902856E-05
200821 -5.160872E-06 -1.902432E-05
200822 -5.155693E-06 -1.901281E-05
200823 -5.151221E-06 -1.899679E-05
200824 -5.147680E-06 -1.898020E-05
200825 -5.145312E-06 -1.896667E-05
200826 -5.144583E-06 -1.895826E-05
200827 -5.146222E-06 -1.895478E-05
200828 -5.150912E-06 -1.895419E-05
200829 -5.158694E-06 -1.895391E-05
200830 -5.168451E-06 -1.895231E-05
200831 -5.177897E-06 -1.894972E-05
200832 -5.184266E-06 -1.894822E-05
200833 -5.185440E-06 -1.895047E-05
200834 -5.180920E-06 -1.895819E-05
200835 -5.172142E-06 -1.897103E-05
200836 -5.161975E-06 -1.898647E-05
200837 -5.153676E-06 -1.900064E-05
200838 -5.149767E-06 -1.900979E-05
200839 -5.151274E-06 -1.901155E-05
200840 -5.157524E-06 -1.900583E-05
200841 -5.166525E-06 -1.899480E-05
200842 -5.175729E-06 -1.898209E-05
200843 -5.182950E-06 -1.897153E-05
200844 -5.187089E-06 -1.896580E-05
200845 -5.188426E-06 -1.896561E-05
200846 -5.188293E-06 -1.896968E-05
200847 -5.188287E-06 -1.897558E-05
200848 -5.189375E-06 -1.898095E-05
200849 -5.191391E-06 -1.898450E-05
200850 -5.193165E-06 -1.898626E-05
200851 -5.193196E-06 -1.898719E-05
200852 -5.190448E-06 -1.898831E-05
200853 -5.184859E-06 -1.899005E-05
200854 -5.177359E-06 -1.899211E-05
200855 -5.169467E-06 -1.899371E-05
200856 -5.162695E-06 -1.899415E-05
200857 -5.158000E-06 -1.899331E-05
200858 -5.155468E-06 -1.899181E-05
200859 -5.154358E-06 -1.899079E-05
200860 -5.153517E-06 -1.899138E-05
200861 -5.152065E-06 -1.899412E-05
200862 -5.150038E-06 -1.899846E-05
200863 -5.148626E-06 -1.900293E-05
200864 -5.149715E-06 -1.900568E-05
200865 -5.774342E-06 -1.917819E-05
200866 -5.783143E-06 -1.917437E-05
200867 -5.794114E-06 -1.916961E-05
200868 -5.803969E-06 -1.916635E-05
200869 -5.809267E-06 -1.916656E-05
200870 -5.807944E-06 -1.917077E-05
200871 -5.800227E-06 -1.917775E-05
200872 -5.788566E-06 -1.918507E-05
200873 -5.776717E-06 -1.919019E-05
200874 -5.768442E-06 -1.919145E-05
200875 -5.766306E-06 -1.918872E-05
200876 -5.770926E-06 -1.918328E-05
200877 -5.780864E-06 -1.917733E-05
200878 -5.793152E-06 -1.917301E-05
200879 -5.804322E-06 -1.917152E-05
200880 -5.811604E-06 -1.917257E-05
200881 -5.813851E-06 -1.917445E-05
200882 -5.811765E-06 -1.917488E-05
200883 -5.807319E-06 -1.917227E-05
200884 -5.802698E-06 -1.916670E-05
200885 -5.799322E-06 -1.916016E-05
200886 -5.797456E-06 -1.915575E-05
200887 -5.796456E-06 -1.915618E-05
200888 -5.795346E-06 -1.916251E-05
200889 -5.793342E-06 -1.917347E-05
200890 -5.790103E-06 -1.918591E-05
200891 -5.785743E-06 -1.919588E-05
200892 -5.780713E-06 -1.920000E-05
200893 -5.775619E-06 -1.919654E-05
200894 -5.771029E-06 -1.918604E-05
200895 -5.767310E-06 -1.917109E-05
200896 -5.764592E-06 -1.915543E-05
200897 -5.762934E-06 -1.914264E-05
200898 -5.762613E-06 -1.913476E-05
200899 -5.764266E-06 -1.913161E-05
200900 -5.768646E-06 -1.913113E-05
200901 -5.775985E-06 -1.913069E-05
200902 -5.785344E-06 -1.912868E-05
200903 -5.794512E-06 -1.912550E-05
200904 -5.800699E-06 -1.912336E-05
200905 -5.801738E-06 -1.912511E-05
200906 -5.797133E-06 -1.913251E-05
200907 -5.788362E-06 -1.914522E-05
200908 -5.778313E-06 -1.916069E-05
200909 -5.770189E-06 -1.917505E-05
200910 -5.766403E-06 -1.918453E-05
200911 -5.767876E-06 -1.918678E-05
200912 -5.773901E-06 -1.918163E-05
200913 -5.782519E-06 -1.917111E-05
200914 -5.791250E-06 -1.915871E-05
200915 -5.797955E-06 -1.914819E-05
200916 -5.801561E-06 -1.914223E-05
200917 -5.802378E-06 -1.914158E-05
200918 -5.801803E-06 -1.914502E-05
200919 -5.801500E-06 -1.915016E-05
200920 -5.802452E-06 -1.915472E-05
200921 -5.804420E-06 -1.915753E-05
200922 -5.806117E-06 -1.915879E-05
200923 -5.805959E-06 -1.915957E-05
200924 -5.802923E-06 -1.916094E-05
200925 -5.797038E-06 -1.916330E-05
200926 -5.789345E-06 -1.916623E-05
200927 -5.781453E-06 -1.916882E-05
200928 -5.774935E-06 -1.917026E-05
200929 -5.770800E-06 -1.917029E-05
200930 -5.769181E-06 -1.916937E-05
200931 -5.769322E-06 -1.916853E-05
200932 -5.769948E-06 -1.916885E-05
200933 -5.769933E-06 -1.917090E-05
200934 -5.769036E-06 -1.917431E-05
200935 -5.768256E-06 -1.917770E-05
200936 -5.769466E-06 -1.917937E-05
200937 -5.623175E-06 -1.700278E-05
200938 -5.630888E-06 -1.699875E-05
200939 -5.640571E-06 -1.699395E-05
200940 -5.649166E-06 -1.699067E-05
200941 -5.653491E-06 -1.699073E-05
200942 -5.651719E-06 -1.699454E-05
200943 -5.644192E-06 -1.700089E-05
200944 -5.633261E-06 -1.700749E-05
200945 -5.622368E-06 -1.701200E-05
200946 -5.614863E-06 -1.701298E-05
200947 -5.612969E-06 -1.701033E-05
200948 -5.617172E-06 -1.700523E-05
200949 -5.626139E-06 -1.699963E-05
200950 -5.637172E-06 -1.699548E-05
200951 -5.647105E-06 -1.699394E-05
200952 -5.653409E-06 -1.699481E-05
200953 -5.655073E-06 -1.699660E-05
200954 -5.652848E-06 -1.699723E-05
200955 -5.648671E-06 -1.699516E-05
200956 -5.644600E-06 -1.699040E-05
200957 -5.641865E-06 -1.698471E-05
200958 -5.640554E-06 -1.698087E-05
200959 -5.639941E-06 -1.698136E-05
200960 -5.639101E-06 -1.698710E-05
200961 -5.637370E-06 -1.699695E-05
200962 -5.634512E-06 -1.700810E-05
200963 -5.630672E-06 -1.701711E-05
200964 -5.626269E-06 -1.702105E-05
200965 -5.621879E-06 -1.701842E-05
200966 -5.618059E-06 -1.700962E-05
200967 -5.615167E-06 -1.699685E-05
200968 -5.613262E-06 -1.698336E-05
200969 -5.612243E-06 -1.697235E-05
200970 -5.612180E-06 -1.696568E-05
200971 -5.613577E-06 -1.696320E-05
200972 -5.617217E-06 -1.696300E-05
200973 -5.623517E-06 -1.696262E-05
200974 -5.631797E-06 -1.696054E-05
200975 -5.640075E-06 -1.695717E-05
200976 -5.645714E-06 -1.695467E-05
200977 -5.646644E-06 -1.695576E-05
200978 -5.642402E-06 -1.696213E-05
200979 -5.634400E-06 -1.697345E-05
200980 -5.625325E-06 -1.698737E-05
200981 -5.618073E-06 -1.700038E-05
200982 -5.614750E-06 -1.700910E-05
200983 -5.616103E-06 -1.701143E-05
200984 -5.621457E-06 -1.700715E-05
200985 -5.629062E-06 -1.699800E-05
200986 -5.636710E-06 -1.698705E-05
200987 -5.642470E-06 -1.697765E-05
200988 -5.645354E-06 -1.697223E-05
200989 -5.645655E-06 -1.697153E-05
200990 -5.644721E-06 -1.697444E-05
200991 -5.644174E-06 -1.697877E-05
200992 -5.644960E-06 -1.698247E-05
200993 -5.646805E-06 -1.698452E-05
200994 -5.648408E-06 -1.698522E-05
200995 -5.648231E-06 -1.698568E-05
200996 -5.645336E-06 -1.698691E-05
200997 -5.639825E-06 -1.698927E-05
200998 -5.632731E-06 -1.699230E-05
200999 -5.625562E-06 -1.699512E-05
201000 -5.619769E-06 -1.699695E-05
201001 -5.616303E-06 -1.699749E-05
201002 -5.615336E-06 -1.699707E-05
201003 -5.616211E-06 -1.699650E-05
201004 -5.617697E-06 -1.699673E-05
201005 -5.618583E-06 -1.699829E-05
201006 -5.618418E-06 -1.700092E-05
201007 -5.617976E-06 -1.700347E-05
201008 -5.618999E-06 -1.700443E-05
201009 -5.265395E-06 -1.380725E-05
201010 -5.271594E-06 -1.380362E-05
201011 -5.279484E-06 -1.379936E-05
201012 -5.286423E-06 -1.379642E-05
201013 -5.289698E-06 -1.379633E-05
201014 -5.287844E-06 -1.379942E-05
201015 -5.281286E-06 -1.380460E-05
201016 -5.272088E-06 -1.380992E-05
201017 -5.263113E-06 -1.381348E-05
201018 -5.257038E-06 -1.381414E-05
201019 -5.255583E-06 -1.381188E-05
201020 -5.259084E-06 -1.380767E-05
201021 -5.266436E-06 -1.380306E-05
201022 -5.275430E-06 -1.379961E-05
201023 -5.283442E-06 -1.379832E-05
201024 -5.288362E-06 -1.379908E-05
201025 -5.289381E-06 -1.380072E-05
201026 -5.287232E-06 -1.380150E-05
201027 -5.283668E-06 -1.380007E-05
201028 -5.280462E-06 -1.379636E-05
201029 -5.278556E-06 -1.379178E-05
201030 -5.277852E-06 -1.378866E-05
201031 -5.277608E-06 -1.378903E-05
201032 -5.277035E-06 -1.379363E-05
201033 -5.275657E-06 -1.380152E-05
201034 -5.273355E-06 -1.381043E-05
201035 -5.270272E-06 -1.381765E-05
201036 -5.266743E-06 -1.382090E-05
201037 -5.263250E-06 -1.381903E-05
201038 -5.260307E-06 -1.381231E-05
201039 -5.258259E-06 -1.380240E-05
201040 -5.257121E-06 -1.379186E-05
201041 -5.256661E-06 -1.378326E-05
201042 -5.256758E-06 -1.377817E-05
201043 -5.257750E-06 -1.377649E-05
201044 -5.260394E-06 -1.377662E-05
201045 -5.265260E-06 -1.377642E-05
201046 -5.271960E-06 -1.377458E-05
201047 -5.278851E-06 -1.377147E-05
201048 -5.283617E-06 -1.376900E-05
201049 -5.284417E-06 -1.376951E-05
201050 -5.280856E-06 -1.377446E-05
201051 -5.274191E-06 -1.378355E-05
201052 -5.266728E-06 -1.379481E-05
201053 -5.260854E-06 -1.380536E-05
201054 -5.258224E-06 -1.381249E-05
201055 -5.259368E-06 -1.381451E-05
201056 -5.263707E-06 -1.381125E-05
201057 -5.269838E-06 -1.380404E-05
201058 -5.275985E-06 -1.379529E-05
201059 -5.280549E-06 -1.378773E-05
201060 -5.282668E-06 -1.378337E-05
201061 -5.282569E-06 -1.378284E-05
201062 -5.281439E-06 -1.378522E-05
201063 -5.280742E-06 -1.378868E-05
201064 -5.281336E-06 -1.379146E-05
201065 -5.282948E-06 -1.379278E-05
201066 -5.284380E-06 -1.379299E-05
201067 -5.284257E-06 -1.379312E-05
201068 -5.281807E-06 -1.379406E-05
201069 -5.277185E-06 -1.379606E-05
201070 -5.271311E-06 -1.379869E-05
201071 -5.265438E-06 -1.380119E-05
201072 -5.260739E-06 -1.380291E-05
201073 -5.258007E-06 -1.380360E-05
201074 -5.257445E-06 -1.380348E-05
201075 -5.258571E-06 -1.380314E-05
201076 -5.260347E-06 -1.380331E-05
201077 -5.261628E-06 -1.380446E-05
201078 -5.261846E-06 -1.380643E-05
201079 -5.261535E-06 -1.380831E-05
201080 -5.262194E-06 -1.380888E-05
201081 -5.084765E-06 -1.042967E-05
201082 -5.089162E-06 -1.042691E-05
201083 -5.094893E-06 -1.042362E-05
201084 -5.099888E-06 -1.042130E-05
201085 -5.102074E-06 -1.042115E-05
201086 -5.100437E-06 -1.042338E-05
201087 -5.095445E-06 -1.042713E-05
201088 -5.088727E-06 -1.043093E-05
201089 -5.082357E-06 -1.043342E-05
201090 -5.078164E-06 -1.043381E-05
201091 -5.077264E-06 -1.043216E-05
201092 -5.079841E-06 -1.042914E-05
201093 -5.085116E-06 -1.042582E-05
201094 -5.091526E-06 -1.042330E-05
201095 -5.097166E-06 -1.042233E-05
201096 -5.100474E-06 -1.042293E-05
201097 -5.100882E-06 -1.042429E-05
201098 -5.099037E-06 -1.042513E-05
201099 -5.096370E-06 -1.042436E-05
201100 -5.094240E-06 -1.042186E-05
201101 -5.093238E-06 -1.041861E-05
201102 -5.093094E-06 -1.041634E-05
201103 -5.093126E-06 -1.041654E-05
201104 -5.092757E-06 -1.041974E-05
201105 -5.091740E-06 -1.042523E-05
201106 -5.090080E-06 -1.043138E-05
201107 -5.087895E-06 -1.043635E-05
201108 -5.085388E-06 -1.043861E-05
201109 -5.082906E-06 -1.043741E-05
201110 -5.080886E-06 -1.043290E-05
201111 -5.079655E-06 -1.042617E-05
201112 -5.079206E-06 -1.041894E-05
201113 -5.079220E-06 -1.041306E-05
201114 -5.079410E-06 -1.040970E-05
201115 -5.079938E-06 -1.040883E-05
201116 -5.081475E-06 -1.040923E-05
201117 -5.084685E-06 -1.040926E-05
201118 -5.089466E-06 -1.040790E-05
201119 -5.094601E-06 -1.040542E-05
201120 -5.098226E-06 -1.040332E-05
201121 -5.098846E-06 -1.040343E-05
201122 -5.096170E-06 -1.040683E-05
201123 -5.091230E-06 -1.041326E-05
201124 -5.085812E-06 -1.042121E-05
201125 -5.081655E-06 -1.042862E-05
201126 -5.079866E-06 -1.043361E-05
201127 -5.080736E-06 -1.043504E-05
201128 -5.083826E-06 -1.043280E-05
201129 -5.088180E-06 -1.042777E-05
201130 -5.092565E-06 -1.042162E-05
201131 -5.095801E-06 -1.041629E-05
201132 -5.097188E-06 -1.041326E-05
201133 -5.096851E-06 -1.041300E-05
201134 -5.095716E-06 -1.041482E-05
201135 -5.094986E-06 -1.041731E-05
201136 -5.095375E-06 -1.041913E-05
201137 -5.096649E-06 -1.041976E-05
201138 -5.097805E-06 -1.041958E-05
201139 -5.097748E-06 -1.041947E-05
201140 -5.095928E-06 -1.042014E-05
201141 -5.092542E-06 -1.042169E-05
201142 -5.088315E-06 -1.042372E-05
201143 -5.084136E-06 -1.042562E-05
201144 -5.080795E-06 -1.042692E-05
201145 -5.078849E-06 -1.042746E-05
201146 -5.078514E-06 -1.042739E-05
201147 -5.079530E-06 -1.042710E-05
201148 -5.081154E-06 -1.042711E-05
201149 -5.082434E-06 -1.042781E-05
201150 -5.082776E-06 -1.042914E-05
201151 -5.082471E-06 -1.043048E-05
201152 -5.082690E-06 -1.043089E-05
201153 -5.291432E-06 -7.264729E-06
201154 -5.293830E-06 -7.263097E-06
201155 -5.297138E-06 -7.261030E-06
201156 -5.299983E-06 -7.259518E-06
201157 -5.301058E-06 -7.259370E-06
201158 -5.299856E-06 -7.260740E-06
201159 -5.296842E-06 -7.263058E-06
201160 -5.293089E-06 -7.265381E-06
201161 -5.289749E-06 -7.266876E-06
201162 -5.287695E-06 -7.267133E-06
201163 -5.287389E-06 -7.266200E-06
201164 -5.288879E-06 -7.264449E-06
201165 -5.291776E-06 -7.262445E-06
201166 -5.295267E-06 -7.260820E-06
201167 -5.298277E-06 -7.260085E-06
201168 -5.299876E-06 -7.260387E-06
201169 -5.299753E-06 -7.261338E-06
201170 -5.298408E-06 -7.262152E-06
201171 -5.296841E-06 -7.262070E-06
201172 -5.295898E-06 -7.260877E-06
201173 -5.295787E-06 -7.259109E-06
201174 -5.296110E-06 -7.257792E-06
201175 -5.296309E-06 -7.257851E-06
201176 -5.296077E-06 -7.259585E-06
201177 -5.295419E-06 -7.262538E-06
201178 -5.294455E-06 -7.265781E-06
201179 -5.293249E-06 -7.268335E-06
201180 -5.291849E-06 -7.269477E-06
201181 -5.290432E-06 -7.268861E-06
201182 -5.289337E-06 -7.266547E-06
201183 -5.288862E-06 -7.263034E-06
201184 -5.289001E-06 -7.259220E-06
201185 -5.289390E-06 -7.256148E-06
201186 -5.289618E-06 -7.254549E-06
201187 -5.289669E-06 -7.254434E-06
201188 -5.290077E-06 -7.255042E-06
201189 -5.291530E-06 -7.255295E-06
201190 -5.294185E-06 -7.254505E-06
201191 -5.297299E-06 -7.252875E-06
201192 -5.299572E-06 -7.251408E-06
201193 -5.299954E-06 -7.251289E-06
201194 -5.298286E-06 -7.253165E-06
201195 -5.295324E-06 -7.256788E-06
201196 -5.292241E-06 -7.261191E-06
201197 -5.290029E-06 -7.265173E-06
201198 -5.289190E-06 -7.267750E-06
201199 -5.289758E-06 -7.268382E-06
201200 -5.291469E-06 -7.267038E-06
201201 -5.293863E-06 -7.264186E-06
201202 -5.296320E-06 -7.260725E-06
201203 -5.298149E-06 -7.257756E-06
201204 -5.298847E-06 -7.256166E-06
201205 -5.298417E-06 -7.256225E-06
201206 -5.297455E-06 -7.257447E-06
201207 -5.296812E-06 -7.258883E-06
201208 -5.297008E-06 -7.259697E-06
201209 -5.297863E-06 -7.259651E-06
201210 -5.298652E-06 -7.259168E-06
201211 -5.298640E-06 -7.258952E-06
201212 -5.297543E-06 -7.259469E-06
201213 -5.295589E-06 -7.260682E-06
201214 -5.293258E-06 -7.262165E-06
201215 -5.291012E-06 -7.263431E-06
201216 -5.289198E-06 -7.264179E-06
201217 -5.288093E-06 -7.264349E-06
201218 -5.287902E-06 -7.264061E-06
201219 -5.288603E-06 -7.263573E-06
201220 -5.289808E-06 -7.263237E-06
201221 -5.290841E-06 -7.263370E-06
201222 -5.291154E-06 -7.264035E-06
201223 -5.290803E-06 -7.264895E-06
201224 -5.290563E-06 -7.265312E-06
