Mesh2HRTF 0.1.2
    1
    1  1225
200000 -1.379702E-05 -2.821445E-05
200001 -3.092012E-06  6.054471E-06
200002 -2.487374E-06  7.572316E-06
200003 -2.008782E-06  8.848413E-06
200004 -1.662194E-06  9.896586E-06
200005 -1.451046E-06  1.072881E-05
200006 -1.376589E-06  1.135338E-05
200007 -1.438113E-06  1.177357E-05
200008 -1.633070E-06  1.198676E-05
200009 -1.957124E-06  1.198419E-05
200010 -2.404142E-06  1.175121E-05
200011 -2.966169E-06  1.126825E-05
200012 -3.633370E-06  1.051223E-05
200013 -4.393962E-06  9.458680E-06
200014 -5.234111E-06  8.084265E-06
200015 -6.137794E-06  6.369697E-06
200016 -7.086635E-06  4.302887E-06
200017 -8.059719E-06  1.882126E-06
200018 -9.033456E-06 -8.809161E-07
200019 -9.981544E-06 -3.958690E-06
200020 -1.087515E-05 -7.305947E-06
200021 -1.168336E-05 -1.085900E-05
200022 -1.237407E-05 -1.453623E-05
200023 -1.291519E-05 -1.824013E-05
200024 -1.327633E-05 -2.186092E-05
200025 -1.343073E-05 -2.528171E-05
200026 -1.335741E-05 -2.838501E-05
200027 -1.304315E-05 -3.106024E-05
200028 -1.248426E-05 -3.321148E-05
200029 -1.168770E-05 -3.476494E-05
200030 -1.067155E-05 -3.567526E-05
200031 -9.464556E-06 -3.592995E-05
200032 -8.104864E-06 -3.555138E-05
200033 -6.637935E-06 -3.459601E-05
200034 -5.113978E-06 -3.315099E-05
200035 -3.585087E-06 -3.132821E-05
200036 -2.102441E-06 -2.925684E-05
200037 -7.138495E-07 -2.707475E-05
200038  5.381262E-07 -2.491998E-05
200039  1.617362E-06 -2.292291E-05
200040  2.494665E-06 -2.119965E-05
200041  3.147698E-06 -1.984690E-05
200042  3.560543E-06 -1.893835E-05
200043  3.723156E-06 -1.852235E-05
200044  3.630963E-06 -1.862052E-05
200045  3.284767E-06 -1.922721E-05
200046  2.691053E-06 -2.030955E-05
200047  1.862629E-06 -2.180832E-05
200048  8.194362E-07 -2.363970E-05
200049 -4.107216E-07 -2.569843E-05
200050 -1.791834E-06 -2.786237E-05
200051 -3.279975E-06 -2.999871E-05
200052 -4.824416E-06 -3.197140E-05
200053 -6.369603E-06 -3.364964E-05
200054 -7.857893E-06 -3.491628E-05
200055 -9.232830E-06 -3.567567E-05
200056 -1.044260E-05 -3.585991E-05
200057 -1.144329E-05 -3.543286E-05
200058 -1.220161E-05 -3.439163E-05
200059 -1.269673E-05 -3.276522E-05
200060 -1.292115E-05 -3.061084E-05
200061 -1.288042E-05 -2.800825E-05
200062 -1.259198E-05 -2.505279E-05
200063 -1.208316E-05 -2.184804E-05
200064 -1.138869E-05 -1.849865E-05
200065 -1.054800E-05 -1.510406E-05
200066 -9.602571E-06 -1.175349E-05
200067 -8.593545E-06 -8.522502E-06
200068 -7.559829E-06 -5.471014E-06
200069 -6.536681E-06 -2.642893E-06
200070 -5.554850E-06 -6.668863E-08
200071 -4.640206E-06  2.242650E-06
200072 -3.813767E-06  4.281425E-06
200073  9.670782E-06  1.976350E-05
200074  1.014825E-05  1.899144E-05
200075  1.049335E-05  1.820089E-05
200076  1.072612E-05  1.751105E-05
200077  1.085433E-05  1.702151E-05
200078  1.087538E-05  1.681099E-05
200079  1.077980E-05  1.693462E-05
200080  1.055587E-05  1.741999E-05
200081  1.019406E-05  1.826264E-05
200082  9.690463E-06  1.942216E-05
200083  9.048281E-06  2.081999E-05
200084  8.276874E-06  2.233983E-05
200085  7.388601E-06  2.383108E-05
200086  6.394290E-06  2.511511E-05
200087  5.298784E-06  2.599416E-05
200088  4.098250E-06  2.626207E-05
200089  2.780754E-06  2.571690E-05
200090  1.330955E-06  2.417547E-05
200091 -2.612362E-07  2.149034E-05
200092 -1.989341E-06  1.756956E-05
200093 -3.818635E-06  1.239873E-05
200094 -5.677026E-06  6.063702E-06
200095 -7.451390E-06 -1.229677E-06
200096 -8.991583E-06 -9.143601E-06
200097 -1.012306E-05 -1.721000E-05
200098 -1.066728E-05 -2.485107E-05
200099 -1.046734E-05 -3.142173E-05
200100 -9.414724E-06 -3.627305E-05
200101 -7.472313E-06 -3.883091E-05
200102 -4.688850E-06 -3.867878E-05
200103 -1.201242E-06 -3.562987E-05
200104  2.776945E-06 -2.977298E-05
200105  6.979900E-06 -2.147903E-05
200106  1.112346E-05 -1.136217E-05
200107  1.494297E-05 -1.992145E-07
200108  1.822858E-05  1.117900E-05
200109  2.085157E-05  2.200220E-05
200110  2.277675E-05  3.165649E-05
200111  2.405832E-05  3.974013E-05
200112  2.481974E-05  4.606795E-05
200113  2.522108E-05  5.062665E-05
200114  2.541988E-05  5.349700E-05
200115  2.553318E-05  5.476817E-05
200116  2.560826E-05  5.447139E-05
200117  2.560868E-05  5.255384E-05
200118  2.541898E-05  4.890098E-05
200119  2.486805E-05  4.340031E-05
200120  2.376693E-05  3.602655E-05
200121  2.195364E-05  2.692167E-05
200122  1.933570E-05  1.644418E-05
200123  1.592126E-05  5.171098E-06
200124  1.183200E-05 -6.151042E-06
200125  7.294894E-06 -1.669631E-05
200126  2.614413E-06 -2.567085E-05
200127 -1.869127E-06 -3.242186E-05
200128 -5.826775E-06 -3.652241E-05
200129 -8.984744E-06 -3.781746E-05
200130 -1.115722E-05 -3.642625E-05
200131 -1.226347E-05 -3.270506E-05
200132 -1.232801E-05 -2.718147E-05
200133 -1.146599E-05 -2.047454E-05
200134 -9.858230E-06 -1.321525E-05
200135 -7.721463E-06 -5.978757E-06
200136 -5.279088E-06  7.641108E-07
200137 -2.736607E-06  6.673377E-06
200138 -2.642304E-07  1.154569E-05
200139  2.012549E-06  1.530337E-05
200140  4.014997E-06  1.797225E-05
200141  5.707268E-06  1.965416E-05
200142  7.088523E-06  2.049916E-05
200143  8.182928E-06  2.068110E-05
200144  9.029167E-06  2.037882E-05
200145  3.669153E-06  8.176847E-07
200146  2.937515E-06 -2.196787E-06
200147  2.502703E-06 -4.848896E-06
200148  2.379080E-06 -7.146199E-06
200149  2.533229E-06 -9.065737E-06
200150  2.890163E-06 -1.054151E-05
200151  3.345847E-06 -1.146862E-05
200152  3.786531E-06 -1.172252E-05
200153  4.113115E-06 -1.118831E-05
200154  4.265849E-06 -9.792323E-06
200155  4.242326E-06 -7.526815E-06
200156  4.101542E-06 -4.460619E-06
200157  3.949639E-06 -7.332785E-07
200158  3.908264E-06  3.463375E-06
200159  4.072659E-06  7.906818E-06
200160  4.471019E-06  1.235761E-05
200161  5.037786E-06  1.655804E-05
200162  5.610767E-06  2.021616E-05
200163  5.956256E-06  2.298504E-05
200164  5.819367E-06  2.445373E-05
200165  4.990200E-06  2.416765E-05
200166  3.371660E-06  2.169082E-05
200167  1.032649E-06  1.671110E-05
200168 -1.768443E-06  9.174941E-06
200169 -4.600326E-06 -5.770549E-07
200170 -6.918221E-06 -1.171384E-05
200171 -8.159428E-06 -2.290130E-05
200172 -7.859146E-06 -3.240971E-05
200173 -5.763697E-06 -3.835566E-05
200174 -1.915634E-06 -3.905753E-05
200175  3.311878E-06 -3.344151E-05
200176  9.245304E-06 -2.139923E-05
200177  1.500638E-05 -3.983083E-06
200178  1.965916E-05  1.665518E-05
200179  2.238167E-05  3.761930E-05
200180  2.262865E-05  5.586867E-05
200181  2.025188E-05  6.892757E-05
200182  1.555303E-05  7.550883E-05
200183  9.256260E-06  7.585567E-05
200184  2.402591E-06  7.167174E-05
200185 -3.818968E-06  6.562922E-05
200186 -8.277497E-06  6.058068E-05
200187 -1.010970E-05  5.870467E-05
200188 -8.894840E-06  6.084732E-05
200189 -4.758082E-06  6.626652E-05
200190  1.626158E-06  7.285848E-05
200191  9.141735E-06  7.779254E-05
200192  1.643565E-05  7.835259E-05
200193  2.218122E-05  7.272675E-05
200194  2.534206E-05  6.051663E-05
200195  2.537525E-05  4.283857E-05
200196  2.232588E-05  2.202133E-05
200197  1.679228E-05  1.021367E-06
200198  9.775389E-06 -1.725844E-05
200199  2.454105E-06 -3.056078E-05
200200 -4.055473E-06 -3.764509E-05
200201 -8.900682E-06 -3.838752E-05
200202 -1.161276E-05 -3.363779E-05
200203 -1.213225E-05 -2.491355E-05
200204 -1.074977E-05 -1.403147E-05
200205 -7.990812E-06 -2.763437E-06
200206 -4.480528E-06  7.422815E-06
200207 -8.211062E-07  1.551252E-05
200208  2.496876E-06  2.098467E-05
200209  5.141007E-06  2.376607E-05
200210  6.945030E-06  2.412871E-05
200211  7.888781E-06  2.256170E-05
200212  8.062757E-06  1.964441E-05
200213  7.628352E-06  1.594042E-05
200214  6.781290E-06  1.192375E-05
200215  5.722050E-06  7.940761E-06
200216  4.634117E-06  4.205044E-06
200217 -8.248071E-06 -1.303767E-05
200218 -9.199118E-06 -1.267852E-05
200219 -9.648029E-06 -1.235594E-05
200220 -9.579809E-06 -1.239832E-05
200221 -9.009284E-06 -1.298864E-05
200222 -8.006462E-06 -1.413957E-05
200223 -6.719626E-06 -1.569484E-05
200224 -5.377148E-06 -1.736467E-05
200225 -4.251881E-06 -1.879774E-05
200226 -3.587111E-06 -1.967782E-05
200227 -3.505256E-06 -1.981512E-05
200228 -3.937800E-06 -1.919300E-05
200229 -4.613962E-06 -1.794245E-05
200230 -5.124002E-06 -1.624722E-05
200231 -5.040966E-06 -1.421988E-05
200232 -4.059730E-06 -1.181034E-05
200233 -2.106814E-06 -8.800048E-06
200234  6.121098E-07 -4.900103E-06
200235  3.638301E-06  7.365828E-08
200236  6.351862E-06  6.008666E-06
200237  8.109673E-06  1.235725E-05
200238  8.402534E-06  1.811068E-05
200239  6.999897E-06  2.191992E-05
200240  4.048590E-06  2.236783E-05
200241  9.595525E-08  1.836478E-05
200242 -3.980344E-06  9.599731E-06
200243 -7.135178E-06 -3.065360E-06
200244 -8.389472E-06 -1.740744E-05
200245 -7.091810E-06 -3.001333E-05
200246 -3.149549E-06 -3.690475E-05
200247  2.835243E-06 -3.458172E-05
200248  9.579371E-06 -2.126885E-05
200249  1.530524E-05  2.017352E-06
200250  1.807765E-05  3.103055E-05
200251  1.621956E-05  5.883568E-05
200252  8.706456E-06  7.739744E-05
200253 -4.557286E-06  7.989211E-05
200254 -2.264071E-05  6.306162E-05
200255 -4.367717E-05  2.877279E-05
200256 -6.511233E-05 -1.589951E-05
200257 -8.406144E-05 -6.028960E-05
200258 -9.773244E-05 -9.307429E-05
200259 -1.038775E-04 -1.056153E-04
200260 -1.012245E-04 -9.459171E-05
200261 -8.980907E-05 -6.301215E-05
200262 -7.110666E-05 -1.925562E-05
200263 -4.787132E-05  2.550999E-05
200264 -2.365863E-05  6.062806E-05
200265 -2.110756E-06  7.886493E-05
200266  1.381932E-05  7.804005E-05
200267  2.248590E-05  6.099842E-05
200268  2.383091E-05  3.414599E-05
200269  1.925305E-05  5.209922E-06
200270  1.112378E-05 -1.897107E-05
200271  2.112963E-06 -3.398063E-05
200272 -5.470274E-06 -3.838603E-05
200273 -1.014383E-05 -3.339958E-05
200274 -1.142922E-05 -2.196672E-05
200275 -9.741812E-06 -7.683431E-06
200276 -6.081658E-06  6.129863E-06
200277 -1.653590E-06  1.702273E-05
200278  2.462926E-06  2.365125E-05
200279  5.519006E-06  2.572786E-05
200280  7.159606E-06  2.379242E-05
200281  7.374618E-06  1.890649E-05
200282  6.389701E-06  1.234661E-05
200283  4.546592E-06  5.345285E-06
200284  2.205929E-06 -1.094736E-06
200285 -3.142051E-07 -6.304367E-06
200286 -2.765862E-06 -9.974808E-06
200287 -4.974000E-06 -1.212142E-05
200288 -6.824858E-06 -1.300569E-05
200289 -5.406208E-06 -3.681131E-06
200290 -5.375877E-06  6.196310E-07
200291 -5.498203E-06  4.257077E-06
200292 -5.695799E-06  6.923344E-06
200293 -5.760914E-06  8.389828E-06
200294 -5.430269E-06  8.536996E-06
200295 -4.526361E-06  7.423698E-06
200296 -3.109049E-06  5.348187E-06
200297 -1.543269E-06  2.825879E-06
200298 -4.060126E-07  4.373140E-07
200299 -2.416999E-07 -1.415795E-06
200300 -1.281848E-06 -2.719978E-06
200301 -3.288997E-06 -3.879880E-06
200302 -5.619981E-06 -5.508816E-06
200303 -7.472252E-06 -8.063469E-06
200304 -8.177665E-06 -1.150946E-05
200305 -7.408066E-06 -1.519462E-05
200306 -5.237153E-06 -1.799454E-05
200307 -2.086919E-06 -1.866097E-05
200308  1.384067E-06 -1.623165E-05
200309  4.415267E-06 -1.037423E-05
200310  6.294424E-06 -1.597480E-06
200311  6.517222E-06  8.690006E-06
200312  4.930702E-06  1.829252E-05
200313  1.821888E-06  2.455957E-05
200314 -2.080341E-06  2.499071E-05
200315 -5.707190E-06  1.809292E-05
200316 -7.862435E-06  4.309940E-06
200317 -7.538922E-06 -1.334412E-05
200318 -4.296990E-06 -2.940793E-05
200319  1.396075E-06 -3.719230E-05
200320  8.013411E-06 -3.105444E-05
200321  1.313474E-05 -9.141954E-06
200322  1.396092E-05  2.445457E-05
200323  8.052111E-06  5.932195E-05
200324 -5.958360E-06  8.086860E-05
200325 -2.793275E-05  7.480145E-05
200326 -5.621417E-05  3.262493E-05
200327 -8.796895E-05 -4.392192E-05
200328 -1.196842E-04 -1.415321E-04
200329 -1.476214E-04 -2.381459E-04
200330 -1.681656E-04 -3.093341E-04
200331 -1.781727E-04 -3.361090E-04
200332 -1.754555E-04 -3.112622E-04
200333 -1.594167E-04 -2.417808E-04
200334 -1.316073E-04 -1.464036E-04
200335 -9.585522E-05 -4.930028E-05
200336 -5.769653E-05  2.766186E-05
200337 -2.314154E-05  7.119365E-05
200338  2.847707E-06  7.931635E-05
200339  1.761503E-05  6.002714E-05
200340  2.133867E-05  2.696774E-05
200341  1.667017E-05 -5.879714E-06
200342  7.672626E-06 -2.844483E-05
200343 -1.518312E-06 -3.654326E-05
200344 -7.844682E-06 -3.146443E-05
200345 -9.949761E-06 -1.796550E-05
200346 -8.162185E-06 -1.821702E-06
200347 -3.961079E-06  1.211588E-05
200348  7.959151E-07  2.091241E-05
200349  4.564592E-06  2.364981E-05
200350  6.505046E-06  2.097329E-05
200351  6.520129E-06  1.444834E-05
200352  5.041787E-06  5.971335E-06
200353  2.729694E-06 -2.665380E-06
200354  2.180297E-07 -1.004342E-05
200355 -2.027994E-06 -1.524766E-05
200356 -3.750883E-06 -1.788449E-05
200357 -4.873615E-06 -1.801730E-05
200358 -5.448429E-06 -1.604774E-05
200359 -5.609054E-06 -1.257276E-05
200360 -5.533154E-06 -8.247584E-06
200361  6.368049E-06  7.983827E-06
200362  7.390370E-06  1.012439E-05
200363  7.443416E-06  1.198300E-05
200364  6.439332E-06  1.376135E-05
200365  4.654403E-06  1.540001E-05
200366  2.758937E-06  1.655086E-05
200367  1.614689E-06  1.676760E-05
200368  1.844100E-06  1.585640E-05
200369  3.389511E-06  1.415875E-05
200370  5.407670E-06  1.250117E-05
200371  6.679945E-06  1.174136E-05
200372  6.320352E-06  1.216259E-05
200373  4.285343E-06  1.314892E-05
200374  1.326748E-06  1.341955E-05
200375 -1.524748E-06  1.170507E-05
200376 -3.518919E-06  7.434390E-06
200377 -4.416424E-06  1.025872E-06
200378 -4.356140E-06 -6.310019E-06
200379 -3.599215E-06 -1.303165E-05
200380 -2.386277E-06 -1.768433E-05
200381 -9.492774E-07 -1.912620E-05
200382  4.339286E-07 -1.663127E-05
200383  1.442844E-06 -1.004177E-05
200384  1.776523E-06 -6.690836E-08
200385  1.231247E-06  1.138046E-05
200386 -2.092727E-07  2.112559E-05
200387 -2.249076E-06  2.531887E-05
200388 -4.170466E-06  2.081049E-05
200389 -4.896209E-06  6.984604E-06
200390 -3.370162E-06 -1.277683E-05
200391  7.872529E-07 -3.104430E-05
200392  6.651323E-06 -3.841932E-05
200393  1.181683E-05 -2.755660E-05
200394  1.294475E-05  2.225686E-06
200395  6.920944E-06  4.196458E-05
200396 -7.880529E-06  7.383634E-05
200397 -3.087885E-05  7.652275E-05
200398 -5.950123E-05  3.379246E-05
200399 -9.017299E-05 -5.709307E-05
200400 -1.194451E-04 -1.811990E-04
200401 -1.445724E-04 -3.086594E-04
200402 -1.633199E-04 -4.040828E-04
200403 -1.734274E-04 -4.391739E-04
200404 -1.724938E-04 -4.033448E-04
200405 -1.587413E-04 -3.077275E-04
200406 -1.323674E-04 -1.808378E-04
200407 -9.657454E-05 -5.782255E-05
200408 -5.737729E-05  3.204284E-05
200409 -2.198247E-05  7.445101E-05
200410  3.579370E-06  7.247285E-05
200411  1.642747E-05  4.218646E-05
200412  1.750826E-05  4.303787E-06
200413  1.079230E-05 -2.417346E-05
200414  1.502030E-06 -3.496734E-05
200415 -5.808574E-06 -2.896974E-05
200416 -8.608440E-06 -1.309044E-05
200417 -6.798256E-06  4.230490E-06
200418 -2.173130E-06  1.662536E-05
200419  2.728276E-06  2.134913E-05
200420  5.840608E-06  1.890203E-05
200421  6.319276E-06  1.165372E-05
200422  4.567744E-06  2.446971E-06
200423  1.705194E-06 -6.297092E-06
200424 -1.103565E-06 -1.294350E-05
200425 -3.085756E-06 -1.667947E-05
200426 -3.956111E-06 -1.740327E-05
200427 -3.784864E-06 -1.554933E-05
200428 -2.806297E-06 -1.188006E-05
200429 -1.272987E-06 -7.272227E-06
200430  6.081043E-07 -2.530004E-06
200431  2.660289E-06  1.751775E-06
200432  4.675911E-06  5.262567E-06
200433  7.846721E-06  5.105070E-06
200434  9.457077E-06  1.813510E-06
200435  1.035770E-05 -7.720482E-07
200436  9.927425E-06 -1.907946E-06
200437  7.839431E-06 -1.334329E-06
200438  4.490099E-06  4.477887E-07
200439  1.171778E-06  2.291920E-06
200440 -4.565081E-07  3.055879E-06
200441  5.040654E-07  2.447766E-06
200442  3.362081E-06  1.389758E-06
200443  6.206718E-06  1.462829E-06
200444  7.317985E-06  3.740585E-06
200445  6.387338E-06  7.914205E-06
200446  4.482703E-06  1.242557E-05
200447  2.927892E-06  1.546894E-05
200448  2.226201E-06  1.600817E-05
200449  1.918909E-06  1.406235E-05
200450  1.266402E-06  1.025287E-05
200451 -3.083697E-08  5.199801E-06
200452 -1.660696E-06 -6.843200E-07
200453 -3.018918E-06 -6.921511E-06
200454 -3.587662E-06 -1.253515E-05
200455 -3.109590E-06 -1.588322E-05
200456 -1.646133E-06 -1.506072E-05
200457  3.332669E-07 -8.892325E-06
200458  1.943899E-06  1.870475E-06
200459  2.223807E-06  1.389387E-05
200460  8.125765E-07  2.189157E-05
200461 -1.486362E-06  2.074974E-05
200462 -2.838329E-06  8.480189E-06
200463 -1.371329E-06 -1.144112E-05
200464  3.440055E-06 -3.000474E-05
200465  9.859313E-06 -3.584247E-05
200466  1.416487E-05 -2.105078E-05
200467  1.221590E-05  1.281354E-05
200468  1.581073E-06  5.209666E-05
200469 -1.701495E-05  7.444319E-05
200470 -3.992614E-05  5.802878E-05
200471 -6.247120E-05 -7.105354E-06
200472 -8.126290E-05 -1.113950E-04
200473 -9.536476E-05 -2.265058E-04
200474 -1.054801E-04 -3.152848E-04
200475 -1.119141E-04 -3.468742E-04
200476 -1.130957E-04 -3.099575E-04
200477 -1.060766E-04 -2.177092E-04
200478 -8.883806E-05 -1.020146E-04
200479 -6.268923E-05  1.804184E-07
200480 -3.282625E-05  6.177419E-05
200481 -6.423735E-06  7.479369E-05
200482  1.058832E-05  5.041798E-05
200483  1.606075E-05  1.088853E-05
200484  1.210234E-05 -2.183816E-05
200485  3.561553E-06 -3.502476E-05
200486 -4.354365E-06 -2.810776E-05
200487 -8.094631E-06 -9.603437E-06
200488 -6.749558E-06  9.221495E-06
200489 -1.902764E-06  2.016627E-05
200490  3.453935E-06  2.077969E-05
200491  6.517002E-06  1.353069E-05
200492  6.063183E-06  3.019417E-06
200493  2.872862E-06 -6.658014E-06
200494 -1.046281E-06 -1.313825E-05
200495 -3.818232E-06 -1.569428E-05
200496 -4.643632E-06 -1.462443E-05
200497 -3.820480E-06 -1.076928E-05
200498 -2.148598E-06 -5.266855E-06
200499 -3.490608E-07  6.278411E-07
200500  1.184421E-06  5.762533E-06
200501  2.387793E-06  9.296224E-06
200502  3.439966E-06  1.081415E-05
200503  4.619707E-06  1.033030E-05
200504  6.111962E-06  8.215615E-06
200505 -3.011391E-06 -3.666931E-06
200506 -1.598200E-06 -8.688759E-06
200507  5.204982E-07 -1.293337E-05
200508  2.538420E-06 -1.552493E-05
200509  3.096363E-06 -1.570703E-05
200510  1.133495E-06 -1.359537E-05
200511 -2.748955E-06 -1.057520E-05
200512 -6.062167E-06 -8.660131E-06
200513 -6.294832E-06 -9.051992E-06
200514 -3.308482E-06 -1.108258E-05
200515  4.212245E-07 -1.261030E-05
200516  2.193413E-06 -1.168523E-05
200517  1.570706E-06 -8.035030E-06
200518  4.031085E-07 -3.034028E-06
200519  6.634959E-07  1.674641E-06
200520  2.546038E-06  5.430001E-06
200521  4.559743E-06  8.535617E-06
200522  5.086190E-06  1.128738E-05
200523  3.670383E-06  1.320489E-05
200524  1.044410E-06  1.312895E-05
200525 -1.674867E-06  9.938141E-06
200526 -3.596658E-06  3.356139E-06
200527 -4.096994E-06 -5.455416E-06
200528 -2.779730E-06 -1.376534E-05
200529  1.577350E-07 -1.796697E-05
200530  3.486442E-06 -1.519377E-05
200531  5.243999E-06 -5.222524E-06
200532  3.957417E-06  8.492377E-06
200533 -6.609826E-08  1.958827E-05
200534 -4.490891E-06  2.148861E-05
200535 -6.099170E-06  1.113772E-05
200536 -2.734431E-06 -8.039217E-06
200537  5.030038E-06 -2.613579E-05
200538  1.353452E-05 -3.094765E-05
200539  1.752242E-05 -1.511497E-05
200540  1.298730E-05  1.763310E-05
200541 -2.410713E-07  5.164127E-05
200542 -1.804940E-05  6.586925E-05
200543 -3.437823E-05  4.519378E-05
200544 -4.491680E-05 -9.768086E-06
200545 -4.947055E-05 -8.048999E-05
200546 -5.114330E-05 -1.381419E-04
200547 -5.297615E-05 -1.574417E-04
200548 -5.484869E-05 -1.294179E-04
200549 -5.332458E-05 -6.608938E-05
200550 -4.466340E-05  5.568014E-06
200551 -2.849954E-05  5.705872E-05
200552 -9.087499E-06  7.186121E-05
200553  6.952626E-06  5.188295E-05
200554  1.460283E-05  1.408604E-05
200555  1.314073E-05 -1.990778E-05
200556  5.896225E-06 -3.493486E-05
200557 -2.181609E-06 -2.829137E-05
200558 -7.118186E-06 -8.419985E-06
200559 -7.263075E-06  1.168662E-05
200560 -3.360016E-06  2.197240E-05
200561  2.096984E-06  1.967108E-05
200562  5.984161E-06  8.873303E-06
200563  6.104826E-06 -3.441373E-06
200564  2.557693E-06 -1.182049E-05
200565 -2.243585E-06 -1.445728E-05
200566 -5.291981E-06 -1.245676E-05
200567 -5.149271E-06 -7.834939E-06
200568 -2.652677E-06 -2.156515E-06
200569  2.493221E-07  3.604269E-06
200570  2.100515E-06  8.661106E-06
200571  2.518558E-06  1.224467E-05
200572  1.772830E-06  1.378013E-05
200573  2.934190E-07  1.309838E-05
200574 -1.427109E-06  1.045779E-05
200575 -2.825937E-06  6.395146E-06
200576 -3.428213E-06  1.514572E-06
200577 -1.131304E-05 -4.841778E-06
200578 -1.177967E-05 -6.546125E-06
200579 -1.027102E-05 -8.771292E-06
200580 -6.379546E-06 -1.091256E-05
200581 -1.833641E-06 -1.155374E-05
200582  1.326971E-08 -9.807190E-06
200583 -2.536115E-06 -6.565432E-06
200584 -7.014481E-06 -4.181561E-06
200585 -8.884236E-06 -4.623572E-06
200586 -6.438660E-06 -7.754790E-06
200587 -2.571019E-06 -1.141157E-05
200588 -1.215768E-06 -1.331203E-05
200589 -2.960023E-06 -1.295487E-05
200590 -4.890701E-06 -1.156000E-05
200591 -4.163757E-06 -1.025234E-05
200592 -8.348686E-07 -8.698405E-06
200593  2.713657E-06 -5.686468E-06
200594  4.338844E-06 -6.896466E-07
200595  3.761072E-06  5.448002E-06
200596  2.061983E-06  1.106529E-05
200597  2.601763E-07  1.440880E-05
200598 -1.272913E-06  1.393645E-05
200599 -2.234092E-06  8.757685E-06
200600 -1.894497E-06 -4.141788E-07
200601  2.573182E-07 -1.061714E-05
200602  3.396045E-06 -1.739160E-05
200603  5.362184E-06 -1.686396E-05
200604  4.175061E-06 -8.020919E-06
200605 -3.200188E-07  6.005943E-06
200606 -6.083135E-06  1.847361E-05
200607 -9.842601E-06  2.185411E-05
200608 -8.682041E-06  1.232133E-05
200609 -1.735804E-06 -6.577779E-06
200610  8.620241E-06 -2.425831E-05
200611  1.717112E-05 -2.856507E-05
200612  1.845023E-05 -1.361507E-05
200613  1.029854E-05  1.531012E-05
200614 -4.247488E-06  4.384804E-05
200615 -1.862093E-05  5.696265E-05
200616 -2.708588E-05  4.839479E-05
200617 -2.849727E-05  2.488775E-05
200618 -2.636401E-05  2.290270E-06
200619 -2.514499E-05 -4.143206E-06
200620 -2.603918E-05  1.070662E-05
200621 -2.604224E-05  3.839222E-05
200622 -2.107830E-05  6.187411E-05
200623 -1.027982E-05  6.592364E-05
200624  2.524112E-06  4.639667E-05
200625  1.144540E-05  1.253222E-05
200626  1.289686E-05 -1.893289E-05
200627  7.888902E-06 -3.374571E-05
200628  6.458675E-07 -2.781351E-05
200629 -4.675389E-06 -8.214460E-06
200630 -6.185758E-06  1.217476E-05
200631 -4.227610E-06  2.238629E-05
200632 -2.994430E-07  1.879347E-05
200633  3.590557E-06  5.779306E-06
200634  5.246299E-06 -8.027878E-06
200635  3.303986E-06 -1.536170E-05
200636 -1.284878E-06 -1.418906E-05
200637 -5.254571E-06 -7.508851E-06
200638 -5.540765E-06  5.658852E-08
200639 -2.126073E-06  5.589975E-06
200640  2.043781E-06  8.668900E-06
200641  4.037257E-06  1.004544E-05
200642  3.321184E-06  1.025548E-05
200643  1.222105E-06  9.343987E-06
200644 -1.060385E-06  7.322515E-06
200645 -3.300072E-06  4.507250E-06
200646 -5.623504E-06  1.462115E-06
200647 -7.894920E-06 -1.237817E-06
200648 -9.854866E-06 -3.276656E-06
200649 -6.975286E-06  1.945067E-06
200650 -1.083365E-05  4.568883E-06
200651 -1.299524E-05  4.909021E-06
200652 -1.029436E-05  3.214646E-06
200653 -3.165211E-06  1.667204E-06
200654  2.949199E-06  2.328287E-06
200655  2.758643E-06  4.994353E-06
200656 -2.457010E-06  7.384460E-06
200657 -6.113966E-06  7.296195E-06
200658 -4.393686E-06  4.491173E-06
200659 -4.679916E-07  7.127932E-07
200660  3.133509E-07 -2.130354E-06
200661 -2.881167E-06 -3.882001E-06
200662 -6.174382E-06 -5.942828E-06
200663 -6.106746E-06 -9.067655E-06
200664 -3.095257E-06 -1.200794E-05
200665 -3.076381E-08 -1.277730E-05
200666  1.147070E-06 -1.067211E-05
200667  8.977782E-07 -6.413253E-06
200668  6.958830E-07 -8.174277E-07
200669  1.016546E-06  5.590558E-06
200670  1.061019E-06  1.149112E-05
200671  2.647255E-07  1.427772E-05
200672 -5.637417E-07  1.158443E-05
200673 -1.244820E-07  3.454786E-06
200674  1.572115E-06 -7.051058E-06
200675  2.935166E-06 -1.511746E-05
200676  2.379033E-06 -1.625026E-05
200677 -3.674222E-07 -8.615365E-06
200678 -4.440698E-06  4.940679E-06
200679 -8.354591E-06  1.702118E-05
200680 -9.974064E-06  1.942860E-05
200681 -7.069898E-06  8.882019E-06
200682  7.307307E-07 -9.617027E-06
200683  1.026818E-05 -2.501375E-05
200684  1.589720E-05 -2.703441E-05
200685  1.325619E-05 -1.282558E-05
200686  2.790202E-06  1.148984E-05
200687 -1.019675E-05  3.532515E-05
200688 -1.934281E-05  5.057300E-05
200689 -2.182279E-05  5.593462E-05
200690 -1.978476E-05  5.609690E-05
200691 -1.744304E-05  5.694522E-05
200692 -1.671866E-05  6.032636E-05
200693 -1.568162E-05  6.207466E-05
200694 -1.117315E-05  5.505413E-05
200695 -2.789485E-06  3.536086E-05
200696  5.870617E-06  6.944860E-06
200697  1.002496E-05 -1.935512E-05
200698  7.880524E-06 -3.215195E-05
200699  2.075432E-06 -2.681045E-05
200700 -2.892210E-06 -8.467812E-06
200701 -4.418309E-06  1.133032E-05
200702 -3.041354E-06  2.176169E-05
200703 -6.781081E-07  1.857695E-05
200704  1.452508E-06  5.384819E-06
200705  2.911953E-06 -9.340526E-06
200706  2.916823E-06 -1.730927E-05
200707  5.529991E-07 -1.502144E-05
200708 -3.276944E-06 -5.370977E-06
200709 -5.289306E-06  5.073859E-06
200710 -2.906696E-06  1.104582E-05
200711  2.216604E-06  1.154064E-05
200712  5.417785E-06  8.779330E-06
200713  4.120956E-06  5.283053E-06
200714  3.098725E-07  2.163783E-06
200715 -2.425394E-06 -5.589425E-07
200716 -2.801071E-06 -2.923274E-06
200717 -2.096863E-06 -4.592519E-06
200718 -1.818532E-06 -5.086503E-06
200719 -2.420587E-06 -4.051391E-06
200720 -4.015792E-06 -1.466152E-06
200721  5.880458E-06  8.815755E-06
200722 -1.026890E-06  1.350594E-05
200723 -8.363656E-06  1.453383E-05
200724 -9.743627E-06  1.195237E-05
200725 -2.636175E-06  8.917688E-06
200726  6.625262E-06  8.459982E-06
200727  8.844866E-06  1.044170E-05
200728  3.189057E-06  1.249538E-05
200729 -2.084340E-06  1.284623E-05
200730 -9.513031E-07  1.149881E-05
200731  3.237194E-06  9.676736E-06
200732  3.859290E-06  8.490301E-06
200733 -5.096891E-08  7.507561E-06
200734 -3.957725E-06  4.995468E-06
200735 -4.401730E-06  2.638425E-07
200736 -2.438445E-06 -5.012974E-06
200737 -1.105361E-06 -8.678957E-06
200738 -1.541201E-06 -1.042305E-05
200739 -2.232904E-06 -1.107679E-05
200740 -1.355881E-06 -1.024255E-05
200741  8.900340E-07 -6.232588E-06
200742  2.497792E-06  1.238761E-06
200743  2.022588E-06  9.353927E-06
200744  2.291891E-07  1.392157E-05
200745 -1.027830E-06  1.240360E-05
200746 -1.072255E-06  5.150145E-06
200747 -6.304000E-07 -4.990631E-06
200748 -1.690529E-07 -1.326901E-05
200749  4.532059E-07 -1.465103E-05
200750  5.236113E-07 -7.269561E-06
200751 -1.525275E-06  4.946937E-06
200752 -5.602493E-06  1.396595E-05
200753 -8.552534E-06  1.313346E-05
200754 -6.649809E-06  2.107050E-06
200755  3.672145E-07 -1.266070E-05
200756  8.195646E-06 -2.220195E-05
200757  1.114166E-05 -2.076385E-05
200758  6.705391E-06 -8.716617E-06
200759 -2.451781E-06  8.963638E-06
200760 -1.079248E-05  2.642558E-05
200761 -1.436098E-05  3.966694E-05
200762 -1.340092E-05  4.713191E-05
200763 -1.089843E-05  4.888589E-05
200764 -8.920794E-06  4.519653E-05
200765 -6.776631E-06  3.554216E-05
200766 -2.739744E-06  1.944202E-05
200767  2.933917E-06 -1.040871E-06
200768  7.242111E-06 -1.987879E-05
200769  7.014930E-06 -2.931269E-05
200770  2.323305E-06 -2.481651E-05
200771 -3.062559E-06 -8.953400E-06
200772 -5.055634E-06  9.291293E-06
200773 -2.968341E-06  1.986504E-05
200774  4.334942E-07  1.793134E-05
200775  2.236069E-06  6.237619E-06
200776  2.062557E-06 -7.642121E-06
200777  1.335468E-06 -1.607560E-05
200778  6.057325E-07 -1.503107E-05
200779 -1.066089E-06 -5.824523E-06
200780 -3.484761E-06  5.636547E-06
200781 -3.764297E-06  1.270816E-05
200782  1.898673E-07  1.259218E-05
200783  5.368419E-06  7.436282E-06
200784  6.097537E-06  1.346286E-06
200785  1.222858E-06 -3.020911E-06
200786 -4.144060E-06 -5.379556E-06
200787 -4.827433E-06 -6.598978E-06
200788 -8.972450E-07 -7.188434E-06
200789  4.047192E-06 -6.891170E-06
200790  7.462018E-06 -5.260095E-06
200791  9.138342E-06 -2.020476E-06
200792  9.049158E-06  2.910681E-06
200793  1.741894E-05  1.052151E-05
200794  9.614739E-06  1.521097E-05
200795 -1.677687E-06  1.528835E-05
200796 -7.784317E-06  1.069314E-05
200797 -2.546706E-06  5.998608E-06
200798  8.282409E-06  5.124072E-06
200799  1.237580E-05  6.976488E-06
200800  6.550327E-06  8.413576E-06
200801  1.323540E-07  8.628042E-06
200802  8.898198E-07  8.639904E-06
200803  5.297292E-06  9.227529E-06
200804  5.955285E-06  1.058789E-05
200805  2.129821E-06  1.193378E-05
200806 -1.294524E-06  1.141026E-05
200807 -1.466201E-06  8.183316E-06
200808 -2.674513E-07  3.883412E-06
200809 -6.185604E-07  3.815908E-07
200810 -2.660068E-06 -2.811052E-06
200811 -3.963565E-06 -7.115924E-06
200812 -2.568126E-06 -1.150105E-05
200813  7.472862E-07 -1.249466E-05
200814  3.198333E-06 -8.008566E-06
200815  2.865584E-06  1.085686E-07
200816  5.010669E-07  7.859155E-06
200817 -1.849570E-06  1.213613E-05
200818 -3.291290E-06  1.135516E-05
200819 -3.871852E-06  5.233931E-06
200820 -2.681628E-06 -3.900253E-06
200821  1.280852E-06 -1.083388E-05
200822  5.987292E-06 -1.096275E-05
200823  6.791074E-06 -4.394317E-06
200824  1.461344E-06  4.017070E-06
200825 -6.512744E-06  8.453351E-06
200826 -1.078486E-05  6.115785E-06
200827 -7.912095E-06 -1.274279E-06
200828 -1.217141E-07 -9.053372E-06
200829  6.908488E-06 -1.289292E-05
200830  8.705360E-06 -1.108167E-05
200831  5.164741E-06 -4.397518E-06
200832 -1.791815E-08  5.004819E-06
200833 -2.826696E-06  1.404056E-05
200834 -2.081687E-06  1.923576E-05
200835  5.551095E-07  1.835007E-05
200836  3.146784E-06  1.160429E-05
200837  5.326986E-06  9.773530E-07
200838  7.548449E-06 -1.100396E-05
200839  9.260942E-06 -2.114720E-05
200840  8.577565E-06 -2.541596E-05
200841  4.178322E-06 -2.076408E-05
200842 -2.368384E-06 -7.976817E-06
200843 -6.893598E-06  7.375250E-06
200844 -6.220280E-06  1.738706E-05
200845 -1.430342E-06  1.674618E-05
200846  3.135278E-06  6.682193E-06
200847  4.136011E-06 -5.928073E-06
200848  2.064978E-06 -1.373474E-05
200849 -1.722814E-07 -1.329138E-05
200850 -1.043131E-06 -5.725256E-06
200851 -1.724369E-06  4.535715E-06
200852 -2.917218E-06  1.170617E-05
200853 -2.194949E-06  1.196806E-05
200854  2.310563E-06  6.242968E-06
200855  6.753394E-06 -1.071570E-06
200856  5.051686E-06 -6.069450E-06
200857 -2.170602E-06 -7.575868E-06
200858 -7.153981E-06 -6.720724E-06
200859 -4.483831E-06 -5.420318E-06
200860  3.339615E-06 -4.668552E-06
200861  1.064313E-05 -3.984223E-06
200862  1.504463E-05 -2.513687E-06
200863  1.769323E-05  2.353314E-07
200864  1.923476E-05  4.687692E-06
200865  2.213737E-05  7.323912E-06
200866  1.570112E-05  1.177177E-05
200867  3.120228E-06  1.078041E-05
200868 -6.224678E-06  3.948430E-06
200869 -3.201787E-06 -2.219621E-06
200870  7.904169E-06 -2.606135E-06
200871  1.306250E-05 -9.806412E-08
200872  7.314705E-06  5.596770E-07
200873  4.310995E-07 -1.383235E-07
200874  1.028291E-06  4.362628E-07
200875  5.331958E-06  2.596040E-06
200876  5.834418E-06  5.635755E-06
200877  2.430630E-06  8.916735E-06
200878  7.302884E-08  1.086339E-05
200879  6.743583E-07  1.037846E-05
200880  1.614478E-06  8.757128E-06
200881  2.709148E-07  7.530583E-06
200882 -2.664216E-06  5.509399E-06
200883 -4.273456E-06  4.907058E-07
200884 -2.717081E-06 -6.652624E-06
200885  8.525549E-07 -1.179454E-05
200886  3.427282E-06 -1.178945E-05
200887  3.089293E-06 -7.283582E-06
200888  6.376321E-07 -7.978896E-07
200889 -2.027500E-06  5.830145E-06
200890 -4.271377E-06  1.063269E-05
200891 -5.866240E-06  1.075657E-05
200892 -4.727505E-06  5.388042E-06
200893  1.157257E-06 -2.057766E-06
200894  9.113625E-06 -6.850306E-06
200895  1.245291E-05 -6.978582E-06
200896  7.290080E-06 -3.557223E-06
200897 -3.060158E-06  9.528763E-07
200898 -1.119490E-05  4.130666E-06
200899 -1.196232E-05  4.632426E-06
200900 -5.782251E-06  2.744145E-06
200901  2.742849E-06 -2.769550E-07
200902  8.698112E-06 -3.130057E-06
200903  1.013692E-05 -4.532721E-06
200904  8.778183E-06 -3.583310E-06
200905  7.909153E-06 -1.285863E-06
200906  9.365705E-06 -8.155094E-07
200907  1.241708E-05 -4.703704E-06
200908  1.524879E-05 -1.204888E-05
200909  1.671216E-05 -1.942300E-05
200910  1.643242E-05 -2.371844E-05
200911  1.403502E-05 -2.312905E-05
200912  9.001583E-06 -1.678048E-05
200913  1.640131E-06 -5.497564E-06
200914 -5.663770E-06  7.178320E-06
200915 -9.048846E-06  1.590787E-05
200916 -6.434599E-06  1.623956E-05
200917 -1.463504E-07  7.738796E-06
200918  4.763828E-06 -4.537611E-06
200919  5.032296E-06 -1.290779E-05
200920  1.771580E-06 -1.282323E-05
200921 -1.293889E-06 -5.584043E-06
200922 -2.053735E-06  4.021241E-06
200923 -1.877792E-06  1.092675E-05
200924 -2.235575E-06  1.157178E-05
200925 -1.126759E-06  5.851795E-06
200926  3.300176E-06 -2.229013E-06
200927  6.883965E-06 -7.882898E-06
200928  3.570924E-06 -9.199682E-06
200929 -4.478807E-06 -6.914127E-06
200930 -7.921012E-06 -3.007172E-06
200931 -2.261121E-06 -1.377163E-07
200932  7.386165E-06  2.504764E-07
200933  1.422333E-05 -7.223692E-07
200934  1.714107E-05 -1.261640E-06
200935  1.914991E-05 -5.042065E-07
200936  2.176219E-05  2.291479E-06
200937  2.075452E-05  1.994877E-06
200938  1.659925E-05  7.077510E-06
200939  4.928372E-06  5.922232E-06
200940 -5.381669E-06 -2.662893E-06
200941 -3.770684E-06 -9.966918E-06
200942  6.809776E-06 -9.214929E-06
200943  1.212182E-05 -5.475489E-06
200944  6.614812E-06 -5.646137E-06
200945 -9.275374E-09 -7.739395E-06
200946  6.372465E-07 -7.265014E-06
200947  4.483787E-06 -4.582194E-06
200948  4.571552E-06 -1.281724E-06
200949  1.601970E-06  2.654695E-06
200950  2.947020E-07  6.280480E-06
200951  1.618424E-06  8.123368E-06
200952  2.556825E-06  8.994100E-06
200953  8.816050E-07  1.028775E-05
200954 -2.238528E-06  1.054686E-05
200955 -3.840248E-06  6.954611E-06
200956 -2.348116E-06 -2.525781E-07
200957  9.483569E-07 -7.255858E-06
200958  3.241685E-06 -1.074022E-05
200959  2.924156E-06 -1.054164E-05
200960  8.421005E-07 -7.508398E-06
200961 -1.477120E-06 -1.498511E-06
200962 -3.934776E-06  6.213315E-06
200963 -6.379062E-06  1.140765E-05
200964 -6.025074E-06  1.096640E-05
200965 -3.394660E-08  6.206520E-06
200966  8.983413E-06  3.245405E-07
200967  1.373689E-05 -4.539476E-06
200968  9.736581E-06 -6.720719E-06
200969 -2.023562E-07 -4.900753E-06
200970 -9.140961E-06  1.929429E-07
200971 -1.187029E-05  5.799553E-06
200972 -7.809684E-06  9.239502E-06
200973 -1.035298E-07  9.211663E-06
200974  7.110895E-06  5.869454E-06
200975  1.125741E-05  9.925062E-07
200976  1.257911E-05 -2.828857E-06
200977  1.340335E-05 -4.899385E-06
200978  1.571214E-05 -7.592447E-06
200979  1.929976E-05 -1.312877E-05
200980  2.234264E-05 -1.994139E-05
200981  2.310353E-05 -2.392537E-05
200982  2.077770E-05 -2.243432E-05
200983  1.545540E-05 -1.550354E-05
200984  7.872558E-06 -4.666775E-06
200985 -5.793485E-07  7.160509E-06
200986 -7.396465E-06  1.567732E-05
200987 -9.478087E-06  1.712534E-05
200988 -5.746178E-06  1.053355E-05
200989  8.712943E-07 -1.195051E-06
200990  5.405142E-06 -1.166153E-05
200991  5.053960E-06 -1.445674E-05
200992  1.265602E-06 -8.308031E-06
200993 -2.053267E-06  2.059177E-06
200994 -2.585157E-06  1.037227E-05
200995 -1.753801E-06  1.259892E-05
200996 -1.551626E-06  7.801870E-06
200997 -4.180405E-07 -1.135220E-06
200998  3.535576E-06 -8.500026E-06
200999  6.313152E-06 -1.061816E-05
201000  2.243345E-06 -8.289069E-06
201001 -5.539847E-06 -3.481703E-06
201002 -7.214029E-06  2.073838E-06
201003  3.414352E-07  5.230537E-06
201004  9.997711E-06  3.913984E-06
201005  1.472790E-05  1.615847E-07
201006  1.505197E-05 -2.909493E-06
201007  1.558983E-05 -4.145545E-06
201008  1.849794E-05 -2.751618E-06
201009  1.675586E-05 -3.041671E-06
201010  1.427626E-05  3.392680E-06
201011  4.314094E-06  2.952535E-06
201012 -5.067098E-06 -6.659441E-06
201013 -3.622491E-06 -1.465059E-05
201014  6.016550E-06 -1.245229E-05
201015  1.059673E-05 -7.327451E-06
201016  5.405490E-06 -8.349508E-06
201017 -3.277444E-07 -1.190449E-05
201018  5.259110E-07 -1.172882E-05
201019  3.690087E-06 -9.149607E-06
201020  3.305316E-06 -6.615785E-06
201021  7.544743E-07 -3.105359E-06
201022  1.919443E-07  1.232999E-06
201023  1.870223E-06  4.433997E-06
201024  2.820503E-06  6.760130E-06
201025  1.208768E-06  9.707844E-06
201026 -1.708040E-06  1.198795E-05
201027 -3.217084E-06  1.047198E-05
201028 -1.987609E-06  4.669481E-06
201029  7.669446E-07 -2.333769E-06
201030  2.655230E-06 -7.567952E-06
201031  2.477330E-06 -1.054051E-05
201032  1.070632E-06 -1.087791E-05
201033 -5.102321E-07 -6.734314E-06
201034 -2.731184E-06  1.548598E-06
201035 -5.688479E-06  9.347106E-06
201036 -6.440894E-06  1.255021E-05
201037 -1.732069E-06  1.112993E-05
201038  6.416726E-06  6.354608E-06
201039  1.137154E-05 -6.955217E-07
201040  8.905915E-06 -6.828564E-06
201041  1.158687E-06 -7.805102E-06
201042 -6.298378E-06 -2.781545E-06
201043 -9.244998E-06  4.914621E-06
201044 -6.906928E-06  1.115129E-05
201045 -1.205795E-06  1.341085E-05
201046  5.015287E-06  1.110533E-05
201047  9.473582E-06  5.835697E-06
201048  1.162317E-05  7.191150E-07
201049  1.300779E-05 -2.676997E-06
201050  1.562367E-05 -6.166211E-06
201051  1.960442E-05 -1.175977E-05
201052  2.300879E-05 -1.761536E-05
201053  2.358052E-05 -1.949448E-05
201054  2.029851E-05 -1.539900E-05
201055  1.377975E-05 -6.614090E-06
201056  5.661498E-06  4.282036E-06
201057 -2.199072E-06  1.385113E-05
201058 -7.664820E-06  1.800311E-05
201059 -8.519378E-06  1.446220E-05
201060 -4.431658E-06  4.609382E-06
201061  1.604333E-06 -7.047636E-06
201062  5.249520E-06 -1.436107E-05
201063  4.392218E-06 -1.279390E-05
201064  6.004753E-07 -3.527235E-06
201065 -2.508391E-06  7.074355E-06
201066 -2.723484E-06  1.286862E-05
201067 -1.398199E-06  1.133651E-05
201068 -7.833010E-07  3.434081E-06
201069  1.846433E-07 -6.236592E-06
201070  3.350680E-06 -1.138587E-05
201071  5.312307E-06 -1.007120E-05
201072  1.104567E-06 -5.578687E-06
201073 -5.835470E-06 -6.810557E-08
201074 -6.078836E-06  5.927666E-06
201075  2.400498E-06  8.813820E-06
201076  1.142715E-05  5.525739E-06
201077  1.408176E-05 -9.885758E-07
201078  1.209489E-05 -6.165071E-06
201079  1.113571E-05 -8.715852E-06
201080  1.368640E-05 -8.075708E-06
201081  1.309574E-05 -6.501568E-06
201082  1.088898E-05  1.209807E-06
201083  2.261385E-06  1.673342E-06
201084 -5.091286E-06 -8.329812E-06
201085 -2.694680E-06 -1.638045E-05
201086  5.777223E-06 -1.264080E-05
201087  8.887976E-06 -6.396538E-06
201088  4.076491E-06 -8.338224E-06
201089 -2.829080E-07 -1.312627E-05
201090  8.368918E-07 -1.310097E-05
201091  3.217268E-06 -1.079230E-05
201092  2.525496E-06 -9.410672E-06
201093  4.788937E-07 -6.801345E-06
201094  3.387171E-07 -2.335557E-06
201095  1.971180E-06  1.445851E-06
201096  2.862189E-06  4.254918E-06
201097  1.491892E-06  7.835928E-06
201098 -1.123126E-06  1.131972E-05
201099 -2.646804E-06  1.150202E-05
201100 -1.860653E-06  7.301224E-06
201101  2.563505E-07  1.101650E-06
201102  1.768727E-06 -4.553696E-06
201103  1.835699E-06 -9.129088E-06
201104  1.210276E-06 -1.160789E-05
201105  4.780606E-07 -9.148462E-06
201106 -1.237124E-06 -1.494202E-06
201107 -4.275635E-06  6.769089E-06
201108 -6.018924E-06  1.155847E-05
201109 -3.271745E-06  1.247987E-05
201110  2.832723E-06  9.335412E-06
201111  7.133244E-06  1.914107E-06
201112  6.108007E-06 -5.981628E-06
201113  1.123713E-06 -8.431499E-06
201114 -3.825975E-06 -3.830395E-06
201115 -5.785924E-06  4.097965E-06
201116 -4.327417E-06  1.075827E-05
201117 -7.196126E-07  1.360306E-05
201118  3.397596E-06  1.206001E-05
201119  6.507018E-06  7.510076E-06
201120  7.862600E-06  2.923359E-06
201121  8.554031E-06  5.970636E-08
201122  1.069059E-05 -2.643481E-06
201123  1.476155E-05 -7.198680E-06
201124  1.868516E-05 -1.192762E-05
201125  1.968442E-05 -1.287853E-05
201126  1.657735E-05 -8.575379E-06
201127  1.041772E-05 -7.217486E-07
201128  3.314660E-06  8.243894E-06
201129 -2.932923E-06  1.530338E-05
201130 -6.766114E-06  1.675413E-05
201131 -6.713564E-06  1.106303E-05
201132 -2.892059E-06  6.733156E-07
201133  1.985576E-06 -9.505554E-06
201134  4.490007E-06 -1.415259E-05
201135  3.276093E-06 -1.025544E-05
201136 -1.189423E-07 -2.664024E-07
201137 -2.671175E-06  9.190210E-06
201138 -2.515734E-06  1.280764E-05
201139 -8.422600E-07  9.231196E-06
201140  9.409886E-08  2.720434E-07
201141  7.977994E-07 -8.809201E-06
201142  2.915217E-06 -1.171223E-05
201143  3.990023E-06 -8.092199E-06
201144  5.360294E-08 -3.044850E-06
201145 -5.806875E-06  1.869336E-06
201146 -5.162012E-06  7.806486E-06
201147  3.645024E-06  1.072900E-05
201148  1.238616E-05  6.202019E-06
201149  1.403583E-05 -2.316558E-06
201150  1.068586E-05 -8.942212E-06
201151  8.589941E-06 -1.222495E-05
201152  1.039307E-05 -1.192368E-05
201153  1.106264E-05 -7.874610E-06
201154  7.714399E-06  2.776095E-07
201155 -3.771746E-07  1.036522E-06
201156 -5.251403E-06 -8.927898E-06
201157 -1.238259E-06 -1.621667E-05
201158  5.844007E-06 -1.094208E-05
201159  6.993977E-06 -4.159094E-06
201160  2.711720E-06 -7.121168E-06
201161  7.284743E-08 -1.274851E-05
201162  1.416113E-06 -1.260143E-05
201163  2.969359E-06 -1.048312E-05
201164  2.240569E-06 -1.015304E-05
201165  8.586023E-07 -8.398339E-06
201166  9.093118E-07 -3.977370E-06
201167  2.191817E-06 -1.496669E-08
201168  2.955858E-06  2.701799E-06
201169  1.885405E-06  6.199720E-06
201170 -4.801364E-07  1.008330E-05
201171 -2.194234E-06  1.118549E-05
201172 -1.982608E-06  8.042546E-06
201173 -4.909582E-07  2.605311E-06
201174  7.392526E-07 -2.827261E-06
201175  1.107643E-06 -7.744560E-06
201176  1.208778E-06 -1.093445E-05
201177  1.226860E-06 -9.287927E-06
201178  1.239086E-07 -2.485302E-06
201179 -2.569745E-06  4.972762E-06
201180 -4.917192E-06  9.542611E-06
201181 -4.220883E-06  1.121562E-05
201182 -6.154097E-07  9.164724E-06
201183  2.606446E-06  2.292076E-06
201184  2.710982E-06 -5.536628E-06
201185  2.472558E-07 -7.874565E-06
201186 -2.135894E-06 -3.207418E-06
201187 -2.521439E-06  4.244524E-06
201188 -1.088372E-06  9.874459E-06
201189  9.268201E-07  1.178814E-05
201190  2.687503E-06  1.007065E-05
201191  3.577909E-06  6.129187E-06
201192  3.080027E-06  2.507692E-06
201193  2.149261E-06  7.501478E-07
201194  3.140226E-06 -5.937651E-07
201195  6.975801E-06 -3.597371E-06
201196  1.148701E-05 -7.075350E-06
201197  1.339416E-05 -7.736130E-06
201198  1.135124E-05 -4.490487E-06
201199  6.688921E-06  1.251856E-06
201200  1.568862E-06  7.982220E-06
201201 -2.657918E-06  1.349328E-05
201202 -5.021417E-06  1.425082E-05
201203 -4.521792E-06  8.651917E-06
201204 -1.448827E-06 -8.139205E-07
201205  1.957050E-06 -9.452822E-06
201206  3.276814E-06 -1.267947E-05
201207  1.908029E-06 -8.285735E-06
201208 -7.745774E-07  1.035372E-06
201209 -2.539955E-06  9.173992E-06
201210 -2.022201E-06  1.166556E-05
201211 -1.551351E-07  7.632009E-06
201212  1.027779E-06 -1.123350E-06
201213  1.424085E-06 -9.317964E-06
201214  2.311321E-06 -1.077120E-05
201215  2.432540E-06 -6.181989E-06
201216 -9.528069E-07 -1.681378E-06
201217 -5.657148E-06  2.073468E-06
201218 -4.685315E-06  7.994499E-06
201219  4.042688E-06  1.180173E-05
201220  1.315482E-05  7.424613E-06
201221  1.514086E-05 -1.996474E-06
201222  1.151300E-05 -9.604929E-06
201223  8.752020E-06 -1.343431E-05
201224  9.651010E-06 -1.337801E-05
