Mesh2HRTF 0.1.2
    1
    1  1225
200000 -5.695775E-07 -2.000101E-05
200001  2.883876E-06 -1.706226E-05
200002  2.874615E-06 -1.709055E-05
200003  2.845155E-06 -1.717426E-05
200004  2.795355E-06 -1.731114E-05
200005  2.724997E-06 -1.749741E-05
200006  2.633808E-06 -1.772780E-05
200007  2.521509E-06 -1.799550E-05
200008  2.387837E-06 -1.829221E-05
200009  2.232599E-06 -1.860819E-05
200010  2.055720E-06 -1.893235E-05
200011  1.857290E-06 -1.925245E-05
200012  1.637607E-06 -1.955533E-05
200013  1.397224E-06 -1.982720E-05
200014  1.136989E-06 -2.005409E-05
200015  8.580747E-07 -2.022227E-05
200016  5.620065E-07 -2.031883E-05
200017  2.506851E-07 -2.033223E-05
200018 -7.364471E-08 -2.025285E-05
200019 -4.083306E-07 -2.007362E-05
200020 -7.504099E-07 -1.979048E-05
200021 -1.096615E-06 -1.940275E-05
200022 -1.443441E-06 -1.891345E-05
200023 -1.787220E-06 -1.832941E-05
200024 -2.124211E-06 -1.766116E-05
200025 -2.450701E-06 -1.692274E-05
200026 -2.763103E-06 -1.613120E-05
200027 -3.058056E-06 -1.530612E-05
200028 -3.332511E-06 -1.446883E-05
200029 -3.583794E-06 -1.364167E-05
200030 -3.809647E-06 -1.284719E-05
200031 -4.008244E-06 -1.210732E-05
200032 -4.178173E-06 -1.144262E-05
200033 -4.318398E-06 -1.087163E-05
200034 -4.428204E-06 -1.041028E-05
200035 -4.507127E-06 -1.007140E-05
200036 -4.554892E-06 -9.864433E-06
200037 -4.571355E-06 -9.795101E-06
200038 -4.556471E-06 -9.865327E-06
200039 -4.510276E-06 -1.007316E-05
200040 -4.432902E-06 -1.041285E-05
200041 -4.324617E-06 -1.087493E-05
200042 -4.185873E-06 -1.144654E-05
200043 -4.017380E-06 -1.211175E-05
200044 -3.820165E-06 -1.285200E-05
200045 -3.595633E-06 -1.364671E-05
200046 -3.345604E-06 -1.447394E-05
200047 -3.072326E-06 -1.531116E-05
200048 -2.778465E-06 -1.613604E-05
200049 -2.467063E-06 -1.692725E-05
200050 -2.141470E-06 -1.766524E-05
200051 -1.805260E-06 -1.833295E-05
200052 -1.462137E-06 -1.891640E-05
200053 -1.115827E-06 -1.940505E-05
200054 -7.699870E-07 -1.979212E-05
200055 -4.281111E-07 -2.007461E-05
200056 -9.345751E-08 -2.025319E-05
200057  2.310100E-07 -2.033197E-05
200058  5.426648E-07 -2.031804E-05
200059  8.392391E-07 -2.022101E-05
200060  1.118835E-06 -2.005243E-05
200061  1.379917E-06 -1.982524E-05
200062  1.621300E-06 -1.955314E-05
200063  1.842122E-06 -1.925013E-05
200064  2.041811E-06 -1.892998E-05
200065  2.220048E-06 -1.860585E-05
200066  2.376726E-06 -1.828998E-05
200067  2.511902E-06 -1.799345E-05
200068  2.625752E-06 -1.772600E-05
200069  2.718521E-06 -1.749590E-05
200070  2.790485E-06 -1.730996E-05
200071  2.841903E-06 -1.717346E-05
200072  2.872987E-06 -1.709015E-05
200073  4.649424E-06 -5.538773E-06
200074  4.643644E-06 -5.616547E-06
200075  4.624683E-06 -5.848505E-06
200076  4.590874E-06 -6.234410E-06
200077  4.539538E-06 -6.773285E-06
200078  4.467188E-06 -7.462590E-06
200079  4.369785E-06 -8.297155E-06
200080  4.243017E-06 -9.267978E-06
200081  4.082574E-06 -1.036099E-05
200082  3.884400E-06 -1.155589E-05
200083  3.644885E-06 -1.282527E-05
200084  3.361019E-06 -1.413397E-05
200085  3.030490E-06 -1.543909E-05
200086  2.651757E-06 -1.669048E-05
200087  2.224139E-06 -1.783202E-05
200088  1.747923E-06 -1.880367E-05
200089  1.224531E-06 -1.954430E-05
200090  6.567482E-07 -1.999520E-05
200091  4.896982E-08 -2.010406E-05
200092 -5.925580E-07 -1.982918E-05
200093 -1.259583E-06 -1.914347E-05
200094 -1.941847E-06 -1.803781E-05
200095 -2.627301E-06 -1.652335E-05
200096 -3.302578E-06 -1.463227E-05
200097 -3.953717E-06 -1.241698E-05
200098 -4.567083E-06 -9.947504E-06
200099 -5.130394E-06 -7.307311E-06
200100 -5.633716E-06 -4.588127E-06
200101 -6.070281E-06 -1.884166E-06
200102 -6.436993E-06  7.134550E-07
200103 -6.734514E-06  3.121500E-06
200104 -6.966901E-06  5.268088E-06
200105 -7.140798E-06  7.094595E-06
200106 -7.264299E-06  8.556022E-06
200107 -7.345617E-06  9.620105E-06
200108 -7.391769E-06  1.026570E-05
200109 -7.407453E-06  1.048103E-05
200110 -7.394307E-06  1.026236E-05
200111 -7.350643E-06  9.613527E-06
200112 -7.271718E-06  8.546409E-06
200113 -7.150479E-06  7.082249E-06
200114 -6.978693E-06  5.253406E-06
200115 -6.748262E-06  3.104967E-06
200116 -6.452550E-06  6.956285E-07
200117 -6.087527E-06 -1.902677E-06
200118 -5.652559E-06 -4.606688E-06
200119 -5.150780E-06 -7.325294E-06
200120 -4.588987E-06 -9.964319E-06
200121 -3.977135E-06 -1.243211E-05
200122 -3.327508E-06 -1.464528E-05
200123 -2.653718E-06 -1.653393E-05
200124 -1.969689E-06 -1.804580E-05
200125 -1.288724E-06 -1.914879E-05
200126 -6.227922E-07 -1.983190E-05
200127  1.793332E-08 -2.010433E-05
200128  6.252863E-07 -1.999327E-05
200129  1.193095E-06 -1.954045E-05
200130  1.717017E-06 -1.879822E-05
200131  2.194292E-06 -1.782531E-05
200132  2.623488E-06 -1.668284E-05
200133  3.004271E-06 -1.543083E-05
200134  3.337246E-06 -1.412536E-05
200135  3.623844E-06 -1.281657E-05
200136  3.866253E-06 -1.154734E-05
200137  4.067353E-06 -1.035280E-05
200138  4.230625E-06 -9.260343E-06
200139  4.360021E-06 -8.290247E-06
200140  4.459769E-06 -7.456566E-06
200141  4.534141E-06 -6.768283E-06
200142  4.587176E-06 -6.230549E-06
200143  4.622397E-06 -5.845877E-06
200144  4.642557E-06 -5.615216E-06
200145  4.293879E-06  6.404724E-06
200146  4.305829E-06  6.335908E-06
200147  4.343851E-06  6.127330E-06
200148  4.402291E-06  5.765632E-06
200149  4.472103E-06  5.230385E-06
200150  4.541660E-06  4.496724E-06
200151  4.597799E-06  3.538744E-06
200152  4.626988E-06  2.333404E-06
200153  4.616463E-06  8.647208E-07
200154  4.555137E-06 -8.719592E-07
200155  4.434155E-06 -2.865814E-06
200156  4.246964E-06 -5.086726E-06
200157  3.988924E-06 -7.482078E-06
200158  3.656588E-06 -9.974564E-06
200159  3.246884E-06 -1.246156E-05
200160  2.756540E-06 -1.481668E-05
200161  2.182027E-06 -1.689422E-05
200162  1.520268E-06 -1.853691E-05
200163  7.700956E-07 -1.958709E-05
200164 -6.569921E-08 -1.990084E-05
200165 -9.781630E-07 -1.936383E-05
200166 -1.950356E-06 -1.790696E-05
200167 -2.956486E-06 -1.551938E-05
200168 -3.962468E-06 -1.225648E-05
200169 -4.928128E-06 -8.240541E-06
200170 -5.810964E-06 -3.653101E-06
200171 -6.571027E-06  1.280911E-06
200172 -7.176215E-06  6.315361E-06
200173 -7.607076E-06  1.120830E-05
200174 -7.860247E-06  1.574645E-05
200175 -7.949777E-06  1.976456E-05
200176 -7.905928E-06  2.315620E-05
200177 -7.771455E-06  2.587427E-05
200178 -7.595798E-06  2.792130E-05
200179 -7.428022E-06  2.933199E-05
200180 -7.309603E-06  3.015218E-05
200181 -7.268200E-06  3.041889E-05
200182 -7.313455E-06  3.014616E-05
200183 -7.435518E-06  2.932002E-05
200184 -7.606545E-06  2.790356E-05
200185 -7.784913E-06  2.585109E-05
200186 -7.921468E-06  2.312810E-05
200187 -7.966751E-06  1.973233E-05
200188 -7.878062E-06  1.571115E-05
200189 -7.625266E-06  1.117121E-05
200190 -7.194498E-06  6.277925E-06
200191 -6.589340E-06  1.244662E-06
200192 -5.829466E-06 -3.686689E-06
200193 -4.947169E-06 -8.270169E-06
200194 -3.982524E-06 -1.228113E-05
200195 -2.978073E-06 -1.553839E-05
200196 -1.973925E-06 -1.792006E-05
200197 -1.004001E-06 -1.937113E-05
200198 -9.383941E-08 -1.990275E-05
200199  7.399254E-07 -1.958426E-05
200200  1.488669E-06 -1.853015E-05
200201  2.149901E-06 -1.688439E-05
200202  2.725023E-06 -1.480458E-05
200203  3.217248E-06 -1.244792E-05
200204  3.630113E-06 -9.959996E-06
200205  3.966767E-06 -7.467048E-06
200206  4.230028E-06 -5.071591E-06
200207  4.422981E-06 -2.850847E-06
200208  4.549830E-06 -8.573864E-07
200209  4.616659E-06  8.786869E-07
200210  4.631876E-06  2.346536E-06
200211  4.606183E-06  3.550789E-06
200212  4.552078E-06  4.507400E-06
200213  4.482970E-06  5.239397E-06
200214  4.412063E-06  5.772695E-06
200215  4.351193E-06  6.132194E-06
200216  4.309761E-06  6.338389E-06
200217  2.064354E-06  1.225266E-05
200218  2.107057E-06  1.227087E-05
200219  2.245228E-06  1.231769E-05
200220  2.466384E-06  1.235831E-05
200221  2.750251E-06  1.233848E-05
200222  3.070414E-06  1.218979E-05
200223  3.396775E-06  1.183597E-05
200224  3.698703E-06  1.119956E-05
200225  3.948508E-06  1.020849E-05
200226  4.124560E-06  8.802315E-06
200227  4.213466E-06  6.938549E-06
200228  4.210352E-06  4.599316E-06
200229  4.117168E-06  1.798990E-06
200230  3.939059E-06 -1.407257E-06
200231  3.679657E-06 -4.914773E-06
200232  3.336617E-06 -8.562408E-06
200233  2.898883E-06 -1.212997E-05
200234  2.346961E-06 -1.534337E-05
200235  1.656798E-06 -1.789039E-05
200236  8.069084E-07 -1.944836E-05
200237 -2.125760E-07 -1.972268E-05
200238 -1.391022E-06 -1.849188E-05
200239 -2.690912E-06 -1.565205E-05
200240 -4.046027E-06 -1.125145E-05
200241 -5.365427E-06 -5.506098E-06
200242 -6.543290E-06  1.210545E-06
200243 -7.473404E-06  8.406161E-06
200244 -8.066035E-06  1.553283E-05
200245 -8.264172E-06  2.206519E-05
200246 -8.056070E-06  2.757913E-05
200247 -7.481407E-06  3.181487E-05
200248 -6.629435E-06  3.471022E-05
200249 -5.628798E-06  3.639554E-05
200250 -4.630258E-06  3.715003E-05
200251 -3.784885E-06  3.732771E-05
200252 -3.221252E-06  3.726911E-05
200253 -3.025513E-06  3.721809E-05
200254 -3.227830E-06  3.726292E-05
200255 -3.797569E-06  3.731495E-05
200256 -4.648137E-06  3.713010E-05
200257 -5.650579E-06  3.636788E-05
200258 -6.653556E-06  3.467458E-05
200259 -7.506176E-06  3.177162E-05
200260 -8.079850E-06  2.752939E-05
200261 -8.285580E-06  2.201087E-05
200262 -8.084126E-06  1.547650E-05
200263 -7.487813E-06  8.350758E-06
200264 -6.554285E-06  1.159046E-06
200265 -5.373878E-06 -5.551052E-06
200266 -4.053266E-06 -1.128785E-05
200267 -2.698516E-06 -1.567872E-05
200268 -1.400539E-06 -1.850854E-05
200269 -2.252473E-07 -1.972987E-05
200270  7.903866E-07 -1.944728E-05
200271  1.636442E-06 -1.788264E-05
200272  2.323564E-06 -1.533069E-05
200273  2.873971E-06 -1.211402E-05
200274  3.312304E-06 -8.544595E-06
200275  3.658412E-06 -4.896118E-06
200276  3.923424E-06 -1.388404E-06
200277  4.109451E-06  1.817737E-06
200278  4.212328E-06  4.617896E-06
200279  4.226124E-06  6.957023E-06
200280  4.147921E-06  8.820744E-06
200281  3.981526E-06  1.022683E-05
200282  3.739318E-06  1.121760E-05
200283  3.442006E-06  1.185330E-05
200284  3.116639E-06  1.220583E-05
200285  2.793531E-06  1.235253E-05
200286  2.502906E-06  1.236966E-05
200287  2.271649E-06  1.232568E-05
200288  2.120920E-06  1.227499E-05
200289 -1.200382E-06  1.024253E-05
200290 -1.122052E-06  1.038571E-05
200291 -8.659024E-07  1.080206E-05
200292 -4.506158E-07  1.143462E-05
200293  9.185204E-08  1.219588E-05
200294  7.173815E-07  1.297734E-05
200295  1.372787E-06  1.365998E-05
200296  2.001418E-06  1.412352E-05
200297  2.550928E-06  1.425288E-05
200298  2.981829E-06  1.394163E-05
200299  3.274590E-06  1.309351E-05
200300  3.432764E-06  1.162470E-05
200301  3.480241E-06  9.470082E-06
200302  3.452219E-06  6.596463E-06
200303  3.381481E-06  3.023936E-06
200304  3.283504E-06 -1.146907E-06
200305  3.145002E-06 -5.707865E-06
200306  2.920215E-06 -1.032558E-05
200307  2.537552E-06 -1.454436E-05
200308  1.916384E-06 -1.781834E-05
200309  9.908022E-07 -1.957674E-05
200310 -2.652000E-07 -1.931721E-05
200311 -1.817593E-06 -1.671303E-05
200312 -3.562967E-06 -1.171167E-05
200313 -5.333535E-06 -4.598722E-06
200314 -6.916947E-06  3.996071E-06
200315 -8.088193E-06  1.316359E-05
200316 -8.648204E-06  2.184858E-05
200317 -8.462147E-06  2.903086E-05
200318 -7.490129E-06  3.391912E-05
200319 -5.803997E-06  3.611378E-05
200320 -3.586116E-06  3.569812E-05
200321 -1.109010E-06  3.323038E-05
200322  1.301783E-06  2.963177E-05
200323  3.316069E-06  2.599032E-05
200324  4.650511E-06  2.332252E-05
200325  5.114215E-06  2.234672E-05
200326  4.640046E-06  2.332133E-05
200327  3.295784E-06  2.598635E-05
200328  1.272985E-06  2.962233E-05
200329 -1.144346E-06  3.321235E-05
200330 -3.625401E-06  3.566885E-05
200331 -5.844204E-06  3.607188E-05
200332 -7.528077E-06  3.386499E-05
200333 -8.494899E-06  2.896681E-05
200334 -8.673495E-06  2.177858E-05
200335 -8.104795E-06  1.309263E-05
200336 -6.924891E-06  3.929351E-06
200337 -5.334122E-06 -4.656563E-06
200338 -3.558546E-06 -1.175724E-05
200339 -1.811143E-06 -1.674455E-05
200340 -2.597984E-07 -1.933459E-05
200341  9.925408E-07 -1.958134E-05
200342  1.912783E-06 -1.781254E-05
200343  2.528193E-06 -1.453105E-05
200344  2.906054E-06 -1.030764E-05
200345  3.128282E-06 -5.687734E-06
200346  3.267487E-06 -1.126363E-06
200347  3.370042E-06  3.043896E-06
200348  3.449378E-06  6.615567E-06
200349  3.489657E-06  9.488616E-06
200350  3.457265E-06  1.164328E-05
200351  3.315759E-06  1.311282E-05
200352  3.039685E-06  1.396219E-05
200353  2.623743E-06  1.427487E-05
200354  2.085701E-06  1.414667E-05
200355  1.463460E-06  1.368354E-05
200356  8.081637E-07  1.300018E-05
200357  1.758278E-07  1.221662E-05
200358 -3.802908E-07  1.145180E-05
200359 -8.152410E-07  1.081435E-05
200360 -1.095528E-06  1.039213E-05
200361 -4.302906E-06  3.028197E-06
200362 -4.200540E-06  3.274845E-06
200363 -3.859147E-06  3.997039E-06
200364 -3.295603E-06  5.118565E-06
200365 -2.543623E-06  6.525968E-06
200366 -1.657086E-06  8.085799E-06
200367 -7.097480E-07  9.662368E-06
200368  2.112036E-07  1.113123E-05
200369  1.018376E-06  1.238447E-05
200370  1.642134E-06  1.332615E-05
200371  2.048544E-06  1.385939E-05
200372  2.250990E-06  1.387081E-05
200373  2.309622E-06  1.322083E-05
200374  2.315795E-06  1.174972E-05
200375  2.363435E-06  9.307026E-06
200376  2.514469E-06  5.805587E-06
200377  2.768954E-06  1.292279E-06
200378  3.050656E-06 -3.982427E-06
200379  3.215277E-06 -9.521152E-06
200380  3.081947E-06 -1.458827E-05
200381  2.481587E-06 -1.828835E-05
200382  1.310124E-06 -1.971567E-05
200383 -4.273811E-07 -1.815478E-05
200384 -2.593779E-06 -1.329048E-05
200385 -4.925132E-06 -5.372541E-06
200386 -7.064804E-06  4.719946E-06
200387 -8.620624E-06  1.555331E-05
200388 -9.234755E-06  2.536059E-05
200389 -8.653504E-06  3.237797E-05
200390 -6.784160E-06  3.522853E-05
200391 -3.727869E-06  3.326256E-05
200392  2.189232E-07  2.676410E-05
200393  4.596998E-06  1.695818E-05
200394  8.847619E-06  5.799698E-06
200395  1.239727E-05 -4.420273E-06
200396  1.474977E-05 -1.156492E-05
200397  1.556892E-05 -1.412429E-05
200398  1.473593E-05 -1.155516E-05
200399  1.237001E-05 -4.404373E-06
200400  8.807956E-06  5.815380E-06
200401  4.546846E-06  1.696612E-05
200402  1.612952E-07  2.675744E-05
200403 -3.788878E-06  3.323678E-05
200404 -6.843720E-06  3.518251E-05
200405 -8.706685E-06  3.231429E-05
200406 -9.277339E-06  2.528496E-05
200407 -8.649871E-06  1.547339E-05
200408 -7.079982E-06  4.643801E-06
200409 -4.927649E-06 -5.437880E-06
200410 -2.586880E-06 -1.334013E-05
200411 -4.154770E-07 -1.818658E-05
200412  1.322350E-06 -1.973006E-05
200413  2.490094E-06 -1.828787E-05
200414  3.084087E-06 -1.457673E-05
200415  3.210259E-06 -9.502704E-06
200416  3.039664E-06 -3.960830E-06
200417  2.754939E-06  1.314181E-06
200418  2.501714E-06  5.826108E-06
200419  2.356965E-06  9.325624E-06
200420  2.320762E-06  1.176680E-05
200421  2.330693E-06  1.323743E-05
200422  2.291802E-06  1.388828E-05
200423  2.111213E-06  1.387898E-05
200424  1.726837E-06  1.334875E-05
200425  1.123053E-06  1.241037E-05
200426  3.314199E-07  1.115997E-05
200427 -5.806945E-07  9.692766E-06
200428 -1.527753E-06  8.116068E-06
200429 -2.423693E-06  6.553950E-06
200430 -3.194881E-06  5.142021E-06
200431 -3.786404E-06  4.013956E-06
200432 -4.162391E-06  3.283709E-06
200433 -6.110329E-06 -4.930804E-06
200434 -6.012929E-06 -4.641437E-06
200435 -5.672484E-06 -3.795846E-06
200436 -5.089621E-06 -2.486982E-06
200437 -4.279901E-06 -8.477711E-07
200438 -3.286917E-06  9.768876E-07
200439 -2.190363E-06  2.859111E-06
200440 -1.102910E-06  4.709742E-06
200441 -1.526464E-07  6.485038E-06
200442  5.471178E-07  8.173337E-06
200443  9.331349E-07  9.761840E-06
200444  1.020493E-06  1.119074E-05
200445  9.109613E-07  1.230950E-05
200446  7.728488E-07  1.285528E-05
200447  7.930463E-07  1.247334E-05
200448  1.112973E-06  1.079102E-05
200449  1.768615E-06  7.540680E-06
200450  2.656522E-06  2.706694E-06
200451  3.541057E-06 -3.346823E-06
200452  4.105410E-06 -9.819120E-06
200453  4.034599E-06 -1.553079E-05
200454  3.108172E-06 -1.911566E-05
200455  1.277153E-06 -1.932753E-05
200456 -1.295611E-06 -1.540093E-05
200457 -4.242422E-06 -7.372835E-06
200458 -7.043858E-06  3.737482E-06
200459 -9.116863E-06  1.597320E-05
200460 -9.920548E-06  2.674206E-05
200461 -9.060528E-06  3.333909E-05
200462 -6.373875E-06  3.358322E-05
200463 -1.979891E-06  2.641237E-05
200464  3.713712E-06  1.227246E-05
200465  1.005389E-05 -6.825781E-06
200466  1.623173E-05 -2.762935E-05
200467  2.140657E-05 -4.629193E-05
200468  2.484438E-05 -5.920476E-05
200469  2.604468E-05 -6.380820E-05
200470  2.482968E-05 -5.917979E-05
200471  2.137670E-05 -4.624833E-05
200472  1.618634E-05 -2.757827E-05
200473  9.993537E-06 -6.780484E-06
200474  3.640680E-06  1.229973E-05
200475 -2.061229E-06  2.641314E-05
200476 -6.457350E-06  3.355459E-05
200477 -9.139107E-06  3.328404E-05
200478 -9.987662E-06  2.666848E-05
200479 -9.167759E-06  1.589180E-05
200480 -7.076574E-06  3.659404E-06
200481 -4.258110E-06 -7.438314E-06
200482 -1.298139E-06 -1.544790E-05
200483  1.282192E-06 -1.935399E-05
200484  3.114778E-06 -1.912312E-05
200485  4.037661E-06 -1.552320E-05
200486  4.101702E-06 -9.801551E-06
200487  3.529765E-06 -3.324192E-06
200488  2.639246E-06  2.730467E-06
200489  1.748947E-06  7.563099E-06
200490  1.095826E-06  1.081103E-05
200491  7.839155E-07  1.249108E-05
200492  7.771528E-07  1.287174E-05
200493  9.335132E-07  1.232614E-05
200494  1.065075E-06  1.120914E-05
200495  1.002102E-06  9.783398E-06
200496  6.409819E-07  8.198977E-06
200497 -3.565084E-08  6.514977E-06
200498 -9.671742E-07  4.743353E-06
200499 -2.043030E-06  2.894915E-06
200500 -3.137622E-06  1.012695E-06
200501 -4.140037E-06 -8.145859E-07
200502 -4.971131E-06 -2.459127E-06
200503 -5.586342E-06 -3.775745E-06
200504 -5.967566E-06 -4.630902E-06
200505 -6.005910E-06 -1.007722E-05
200506 -5.949611E-06 -9.810721E-06
200507 -5.719478E-06 -9.039271E-06
200508 -5.285548E-06 -7.870269E-06
200509 -4.623818E-06 -6.452241E-06
200510 -3.742972E-06 -4.935488E-06
200511 -2.705937E-06 -3.429936E-06
200512 -1.635486E-06 -1.971461E-06
200513 -6.964263E-07 -5.084524E-07
200514 -5.386113E-08  1.081659E-06
200515  1.833834E-07  2.941723E-06
200516  1.566478E-08  5.155552E-06
200517 -4.212430E-07  7.658188E-06
200518 -8.750787E-07  1.016624E-05
200519 -1.045120E-06  1.216445E-05
200520 -6.831598E-07  1.297783E-05
200521  3.056290E-07  1.193677E-05
200522  1.800066E-06  8.609093E-06
200523  3.466160E-06  3.038890E-06
200524  4.831402E-06 -4.090378E-06
200525  5.410531E-06 -1.144879E-05
200526  4.845768E-06 -1.725837E-05
200527  3.020741E-06 -1.969066E-05
200528  1.171678E-07 -1.738956E-05
200529 -3.398478E-06 -9.987392E-06
200530 -6.851979E-06  1.546708E-06
200531 -9.482040E-06  1.486848E-05
200532 -1.057900E-05  2.660521E-05
200533 -9.617259E-06  3.305746E-05
200534 -6.361824E-06  3.111285E-05
200535 -9.338167E-07  1.914286E-05
200536  6.176543E-06 -2.372351E-06
200537  1.415712E-05 -3.069699E-05
200538  2.198168E-05 -6.125912E-05
200539  2.856749E-05 -8.857084E-05
200540  3.295814E-05 -1.074384E-04
200541  3.449600E-05 -1.141597E-04
200542  3.294608E-05 -1.073974E-04
200543  2.854141E-05 -8.849799E-05
200544  2.193871E-05 -6.117075E-05
200545  1.409517E-05 -3.061239E-05
200546  6.095958E-06 -2.309257E-06
200547 -1.029324E-06  1.917223E-05
200548 -6.465291E-06  3.110418E-05
200549 -9.719740E-06  3.301466E-05
200550 -1.067154E-05  2.653866E-05
200551 -9.557727E-06  1.479202E-05
200552 -6.907454E-06  1.474105E-06
200553 -3.434452E-06 -1.004538E-05
200554  9.645650E-08 -1.742696E-05
200555  3.008897E-06 -1.970651E-05
200556  4.835989E-06 -1.725577E-05
200557  5.397253E-06 -1.143308E-05
200558  4.811450E-06 -4.067318E-06
200559  3.439198E-06  3.064553E-06
200560  1.768359E-06  8.634317E-06
200561  2.733025E-07  1.196022E-05
200562 -7.110575E-07  1.299946E-05
200563 -1.063465E-06  1.218493E-05
200564 -8.792291E-07  1.018656E-05
200565 -4.072843E-07  7.679400E-06
200566  5.084288E-08  5.178657E-06
200567  2.419732E-07  2.967599E-06
200568  2.910104E-08  1.110916E-06
200569 -5.899088E-07 -4.756835E-07
200570 -1.508653E-06 -1.935733E-06
200571 -2.564959E-06 -3.392586E-06
200572 -3.597027E-06 -4.898568E-06
200573 -4.484540E-06 -6.418271E-06
200574 -5.165773E-06 -7.841886E-06
200575 -5.631437E-06 -9.018848E-06
200576 -5.902934E-06 -9.800035E-06
200577 -4.105736E-06 -1.107220E-05
200578 -4.118037E-06 -1.087377E-05
200579 -4.084118E-06 -1.031200E-05
200580 -3.937068E-06 -9.504508E-06
200581 -3.601547E-06 -8.610957E-06
200582 -3.033851E-06 -7.785246E-06
200583 -2.258571E-06 -7.122373E-06
200584 -1.387241E-06 -6.612409E-06
200585 -6.064498E-07 -6.115802E-06
200586 -1.300226E-07 -5.374117E-06
200587 -1.226255E-07 -4.066609E-06
200588 -6.178432E-07 -1.913391E-06
200589 -1.465225E-06  1.190673E-06
200590 -2.339094E-06  5.047888E-06
200591 -2.822432E-06  9.087925E-06
200592 -2.547265E-06  1.240865E-05
200593 -1.343444E-06  1.395583E-05
200594  6.632089E-07  1.282435E-05
200595  3.047225E-06  8.610343E-06
200596  5.182954E-06  1.703129E-06
200597  6.417096E-06 -6.603737E-06
200598  6.258630E-06 -1.427088E-05
200599  4.527537E-06 -1.895967E-05
200600  1.421580E-06 -1.869261E-05
200601 -2.510480E-06 -1.256429E-05
200602 -6.473313E-06 -1.285875E-06
200603 -9.574782E-06  1.264637E-05
200604 -1.098668E-05  2.528802E-05
200605 -1.009026E-05  3.208049E-05
200606 -6.590788E-06  2.901378E-05
200607 -5.913890E-07  1.382045E-05
200608  7.384121E-06 -1.314754E-05
200609  1.643123E-05 -4.865143E-05
200610  2.537624E-05 -8.704594E-05
200611  3.295460E-05 -1.214353E-04
200612  3.803098E-05 -1.452318E-04
200613  3.981571E-05 -1.537154E-04
200614  3.802450E-05 -1.451771E-04
200615  3.293784E-05 -1.213378E-04
200616  2.534321E-05 -8.692659E-05
200617  1.637644E-05 -4.853471E-05
200618  7.305180E-06 -1.305569E-05
200619 -6.920793E-07  1.387248E-05
200620 -6.706002E-06  2.902122E-05
200621 -1.020955E-05  3.204876E-05
200622 -1.109906E-05  2.523020E-05
200623 -9.671476E-06  1.257896E-05
200624 -6.549799E-06 -1.347347E-06
200625 -2.567110E-06 -1.260880E-05
200626  1.380335E-06 -1.871528E-05
200627  4.494859E-06 -1.896152E-05
200628  6.227496E-06 -1.425690E-05
200629  6.382148E-06 -6.580379E-06
200630  5.141665E-06  1.730238E-06
200631  3.000156E-06  8.637735E-06
200632  6.134477E-07  1.285087E-05
200633 -1.391379E-06  1.398192E-05
200634 -2.588624E-06  1.243530E-05
200635 -2.853137E-06  9.115838E-06
200636 -2.356082E-06  5.077163E-06
200637 -1.466270E-06  1.220963E-06
200638 -6.011341E-07 -1.882497E-06
200639 -8.647363E-08 -4.035257E-06
200640 -7.300071E-08 -5.342142E-06
200641 -5.280221E-07 -6.082954E-06
200642 -1.288717E-06 -6.578726E-06
200643 -2.144052E-06 -7.088486E-06
200644 -2.910761E-06 -7.752473E-06
200645 -3.480412E-06 -8.581156E-06
200646 -3.830370E-06 -9.479762E-06
200647 -4.004335E-06 -1.029425E-05
200648 -4.075302E-06 -1.086449E-05
200649 -1.118154E-06 -8.572859E-06
200650 -1.206558E-06 -8.459639E-06
200651 -1.397150E-06 -8.157199E-06
200652 -1.591592E-06 -7.786435E-06
200653 -1.667519E-06 -7.510461E-06
200654 -1.526793E-06 -7.483563E-06
200655 -1.143897E-06 -7.792780E-06
200656 -5.986293E-07 -8.403738E-06
200657 -7.641401E-08 -9.124568E-06
200658  1.761861E-07 -9.603653E-06
200659 -6.013315E-08 -9.377200E-06
200660 -8.680860E-07 -7.976931E-06
200661 -2.108267E-06 -5.091546E-06
200662 -3.407772E-06 -7.476616E-07
200663 -4.251138E-06  4.553321E-06
200664 -4.156385E-06  9.818410E-06
200665 -2.872767E-06  1.372191E-05
200666 -5.172250E-07  1.494108E-05
200667  2.413236E-06  1.259781E-05
200668  5.165466E-06  6.674667E-06
200669  6.947687E-06 -1.751059E-06
200670  7.164191E-06 -1.058491E-05
200671  5.590405E-06 -1.715647E-05
200672  2.440090E-06 -1.896313E-05
200673 -1.681934E-06 -1.453791E-05
200674 -5.911899E-06 -4.179820E-06
200675 -9.297194E-06  9.723815E-06
200676 -1.096247E-05  2.297155E-05
200677 -1.024846E-05  3.044255E-05
200678 -6.818588E-06  2.743470E-05
200679 -7.346020E-07  1.109603E-05
200680  7.505124E-06 -1.847792E-05
200681  1.698362E-05 -5.785126E-05
200682  2.646228E-05 -1.007451E-04
200683  3.456505E-05 -1.393522E-04
200684  4.002759E-05 -1.661471E-04
200685  4.195671E-05 -1.757126E-04
200686  4.002792E-05 -1.660833E-04
200687  3.456015E-05 -1.392386E-04
200688  2.644321E-05 -1.006059E-04
200689  1.694156E-05 -5.771479E-05
200690  7.434974E-06 -1.836937E-05
200691 -8.319457E-07  1.116045E-05
200692 -6.936020E-06  2.745081E-05
200693 -1.037461E-05  3.041781E-05
200694 -1.108498E-05  2.292154E-05
200695 -9.406139E-06  9.667040E-06
200696 -6.002131E-06 -4.227229E-06
200697 -1.753724E-06 -1.456588E-05
200698  2.382097E-06 -1.896897E-05
200699  5.539321E-06 -1.714371E-05
200700  7.113292E-06 -1.056051E-05
200701  6.892340E-06 -1.722068E-06
200702  5.104151E-06  6.703608E-06
200703  2.347553E-06  1.262542E-05
200704 -5.834261E-07  1.496876E-05
200705 -2.934768E-06  1.375206E-05
200706 -4.210001E-06  9.852741E-06
200707 -4.293632E-06  4.591878E-06
200708 -3.437954E-06 -7.064796E-07
200709 -2.125861E-06 -5.050195E-06
200710 -8.727896E-07 -7.937679E-06
200711 -5.092480E-08 -9.341350E-06
200712  2.010983E-07 -9.571329E-06
200713 -3.390846E-08 -9.095050E-06
200714 -5.377245E-07 -8.376110E-06
200715 -1.066183E-06 -7.766527E-06
200716 -1.437233E-06 -7.458890E-06
200717 -1.574642E-06 -7.488262E-06
200718 -1.506584E-06 -7.768031E-06
200719 -1.331894E-06 -8.143974E-06
200720 -1.171064E-06 -8.452716E-06
200721  2.035422E-06 -4.213508E-06
200722  1.884525E-06 -4.180007E-06
200723  1.503202E-06 -4.117458E-06
200724  1.005897E-06 -4.142047E-06
200725  5.432460E-07 -4.410398E-06
200726  2.538715E-07 -5.070278E-06
200727  2.118254E-07 -6.203618E-06
200728  3.829335E-07 -7.771539E-06
200729  6.081443E-07 -9.572060E-06
200730  6.339783E-07 -1.122359E-05
200731  2.003930E-07 -1.219202E-05
200732 -8.303836E-07 -1.188137E-05
200733 -2.354948E-06 -9.796903E-06
200734 -3.988647E-06 -5.758762E-06
200735 -5.152185E-06 -1.009458E-07
200736 -5.273820E-06  6.239865E-06
200737 -4.030382E-06  1.183077E-05
200738 -1.519514E-06  1.507111E-05
200739  1.719145E-06  1.468256E-05
200740  4.848881E-06  1.022013E-05
200741  6.990574E-06  2.422856E-06
200742  7.490342E-06 -6.760271E-06
200743  6.107757E-06 -1.455643E-05
200744  3.072689E-06 -1.813025E-05
200745 -9.870251E-07 -1.554353E-05
200746 -5.201275E-06 -6.627136E-06
200747 -8.635087E-06  6.551708E-06
200748 -1.044081E-05  1.986639E-05
200749 -9.970270E-06  2.801286E-05
200750 -6.859319E-06  2.592522E-05
200751 -1.102032E-06  1.034559E-05
200752  6.887343E-06 -1.893243E-05
200753  1.625427E-05 -5.857205E-05
200754  2.576872E-05 -1.021721E-04
200755  3.400213E-05 -1.416430E-04
200756  3.960052E-05 -1.691293E-04
200757  4.158812E-05 -1.789559E-04
200758  3.960684E-05 -1.690613E-04
200759  3.400802E-05 -1.415222E-04
200760  2.576316E-05 -1.020248E-04
200761  1.622609E-05 -5.842864E-05
200762  6.829431E-06 -1.881935E-05
200763 -1.190021E-06  1.041216E-05
200764 -6.970654E-06  2.594251E-05
200765 -1.009333E-05  2.799054E-05
200766 -1.056280E-05  1.982214E-05
200767 -8.745817E-06  6.505142E-06
200768 -5.295657E-06 -6.660307E-06
200769 -1.065556E-06 -1.555512E-05
200770  3.005263E-06 -1.812030E-05
200771  6.044834E-06 -1.453116E-05
200772  7.425923E-06 -6.728297E-06
200773  6.921037E-06  2.454457E-06
200774  4.773749E-06  1.024835E-05
200775  1.640855E-06  1.470878E-05
200776 -1.596651E-06  1.509940E-05
200777 -4.101690E-06  1.186522E-05
200778 -5.335759E-06  6.282377E-06
200779 -5.203254E-06 -5.157980E-08
200780 -4.029292E-06 -5.706264E-06
200781 -2.386564E-06 -9.745979E-06
200782 -8.539724E-07 -1.183604E-05
200783  1.852097E-07 -1.215444E-05
200784  6.291418E-07 -1.119384E-05
200785  6.165089E-07 -9.548657E-06
200786  4.070242E-07 -7.752385E-06
200787  2.523494E-07 -6.186928E-06
200788  3.084092E-07 -5.055104E-06
200789  6.056407E-07 -4.396706E-06
200790  1.066806E-06 -4.130487E-06
200791  1.551918E-06 -4.108984E-06
200792  1.911637E-06 -4.175507E-06
200793  4.598006E-06  3.849565E-07
200794  4.411609E-06  3.565789E-07
200795  3.913905E-06  2.356706E-07
200796  3.216311E-06 -8.284759E-08
200797  2.472068E-06 -7.401616E-07
200798  1.836530E-06 -1.868873E-06
200799  1.419640E-06 -3.542369E-06
200800  1.237550E-06 -5.726489E-06
200801  1.179005E-06 -8.239620E-06
200802  1.013005E-06 -1.072748E-05
200803  4.623662E-07 -1.266617E-05
200804 -6.602768E-07 -1.341919E-05
200805 -2.305121E-06 -1.237534E-05
200806 -4.112090E-06 -9.166916E-06
200807 -5.482127E-06 -3.912471E-06
200808 -5.792363E-06  2.622651E-06
200809 -4.668591E-06  9.060720E-06
200810 -2.185255E-06  1.369662E-05
200811  1.106776E-06  1.499096E-05
200812  4.340773E-06  1.213331E-05
200813  6.613293E-06  5.482589E-06
200814  7.267911E-06 -3.303279E-06
200815  6.080772E-06 -1.156636E-05
200816  3.297125E-06 -1.636851E-05
200817 -4.673189E-07 -1.547097E-05
200818 -4.397746E-06 -8.282638E-06
200819 -7.649624E-06  3.564996E-06
200820 -9.468199E-06  1.629081E-05
200821 -9.257209E-06  2.477713E-05
200822 -6.631942E-06  2.396637E-05
200823 -1.492668E-06  1.045515E-05
200824  5.880000E-06 -1.621650E-05
200825  1.475227E-05 -5.302849E-05
200826  2.395599E-05 -9.392392E-05
200827  3.204964E-05 -1.311529E-04
200828  3.761354E-05 -1.571561E-04
200829  3.960090E-05 -1.664635E-04
200830  3.762347E-05 -1.570880E-04
200831  3.206239E-05 -1.310325E-04
200832  2.395988E-05 -9.377806E-05
200833  1.473531E-05 -5.288808E-05
200834  5.834224E-06 -1.610793E-05
200835 -1.568321E-06  1.051665E-05
200836 -6.731308E-06  2.397974E-05
200837 -9.369171E-06  2.475402E-05
200838 -9.580539E-06  1.625038E-05
200839 -7.752839E-06  3.527123E-06
200840 -4.487415E-06 -8.303419E-06
200841 -5.443494E-07 -1.546881E-05
200842  3.228079E-06 -1.634622E-05
200843  6.013764E-06 -1.153249E-05
200844  7.197981E-06 -3.267552E-06
200845  6.537898E-06  5.513592E-06
200846  4.260233E-06  1.215851E-05
200847  1.023905E-06  1.501436E-05
200848 -2.266146E-06  1.372456E-05
200849 -4.743126E-06  9.098365E-06
200850 -5.857577E-06  2.671482E-06
200851 -5.537376E-06 -3.855207E-06
200852 -4.158876E-06 -9.106944E-06
200853 -2.345895E-06 -1.231915E-05
200854 -6.968840E-07 -1.337192E-05
200855  4.297883E-07 -1.263031E-05
200856  9.862598E-07 -1.070271E-05
200857  1.161282E-06 -8.223594E-06
200858  1.232342E-06 -5.716059E-06
200859  1.429326E-06 -3.534711E-06
200860  1.860900E-06 -1.862152E-06
200861  2.507321E-06 -7.336849E-07
200862  3.255168E-06 -7.684836E-08
200863  3.947170E-06  2.404240E-07
200864  4.430788E-06  3.592295E-07
200865  6.175885E-06  4.153238E-06
200866  5.983538E-06  4.083996E-06
200867  5.453321E-06  3.844530E-06
200868  4.676823E-06  3.344000E-06
200869  3.785909E-06  2.461862E-06
200870  2.927704E-06  1.087704E-06
200871  2.230096E-06 -8.361717E-07
200872  1.755894E-06 -3.277975E-06
200873  1.455120E-06 -6.087826E-06
200874  1.145483E-06 -8.973885E-06
200875  5.604387E-07 -1.148605E-05
200876 -5.212339E-07 -1.303204E-05
200877 -2.109474E-06 -1.296920E-05
200878 -3.898278E-06 -1.079897E-05
200879 -5.314016E-06 -6.428302E-06
200880 -5.729405E-06 -3.892691E-07
200881 -4.751371E-06  6.117937E-06
200882 -2.435979E-06  1.144295E-05
200883  6.819249E-07  1.394346E-05
200884  3.759029E-06  1.255685E-05
200885  5.932011E-06  7.292956E-06
200886  6.598330E-06 -5.507525E-07
200887  5.582933E-06 -8.591256E-06
200888  3.146183E-06 -1.399889E-05
200889 -1.397556E-07 -1.443502E-05
200890 -3.568201E-06 -9.007603E-06
200891 -6.444301E-06  1.100908E-06
200892 -8.155959E-06  1.262230E-05
200893 -8.187165E-06  2.091816E-05
200894 -6.134991E-06  2.128137E-05
200895 -1.785605E-06  1.044809E-05
200896  4.748161E-06 -1.217369E-05
200897  1.289109E-05 -4.399269E-05
200898  2.157031E-05 -7.964616E-05
200899  2.935609E-05 -1.122377E-04
200900  3.477860E-05 -1.350446E-04
200901  3.672809E-05 -1.432122E-04
200902  3.478897E-05 -1.349794E-04
200903  2.937032E-05 -1.121227E-04
200904  2.157765E-05 -7.950786E-05
200905  1.288044E-05 -4.386123E-05
200906  4.712011E-06 -1.207446E-05
200907 -1.848444E-06  1.050121E-05
200908 -6.219119E-06  2.128890E-05
200909 -8.282748E-06  2.089318E-05
200910 -8.252336E-06  1.258466E-05
200911 -6.533476E-06  1.070021E-06
200912 -3.646848E-06 -9.018809E-06
200913 -2.091784E-07 -1.442302E-05
200914  3.081731E-06 -1.396883E-05
200915  5.518534E-06 -8.553304E-06
200916  6.530269E-06 -5.150598E-07
200917  5.858717E-06  7.320715E-06
200918  3.681213E-06  1.257751E-05
200919  6.022180E-07  1.396315E-05
200920 -2.513752E-06  1.146950E-05
200921 -4.823341E-06  6.156771E-06
200922 -5.793030E-06 -3.375623E-07
200923 -5.369036E-06 -6.367981E-06
200924 -3.946587E-06 -1.073718E-05
200925 -2.153894E-06 -1.291330E-05
200926 -5.639557E-07 -1.298739E-05
200927  5.188969E-07 -1.145486E-05
200928  1.106482E-06 -8.955259E-06
200929  1.421523E-06 -6.078767E-06
200930  1.731345E-06 -3.274708E-06
200931  2.217919E-06 -8.353181E-07
200932  2.929415E-06  1.088437E-06
200933  3.799844E-06  2.463498E-06
200934  4.697773E-06  3.346466E-06
200935  5.473742E-06  3.847045E-06
200936  5.996029E-06  4.085581E-06
200937  6.731074E-06  6.655364E-06
200938  6.556379E-06  6.563607E-06
200939  6.062102E-06  6.261157E-06
200940  5.309166E-06  5.671353E-06
200941  4.391529E-06  4.695207E-06
200942  3.428785E-06  3.247955E-06
200943  2.549571E-06  1.294795E-06
200944  1.854363E-06 -1.125429E-06
200945  1.358730E-06 -3.889473E-06
200946  9.473354E-07 -6.778118E-06
200947  3.905495E-07 -9.450676E-06
200948 -5.441555E-07 -1.142190E-05
200949 -1.920469E-06 -1.209658E-05
200950 -3.504504E-06 -1.091800E-05
200951 -4.787571E-06 -7.622671E-06
200952 -5.186265E-06 -2.499636E-06
200953 -4.327592E-06  3.495992E-06
200954 -2.262888E-06  8.884682E-06
200955  5.075674E-07  1.206119E-05
200956  3.209384E-06  1.183922E-05
200957  5.076850E-06  7.958910E-06
200958  5.612446E-06  1.358742E-06
200959  4.720040E-06 -5.939309E-06
200960  2.677714E-06 -1.137165E-05
200961 -8.485626E-09 -1.268662E-05
200962 -2.778603E-06 -8.847848E-06
200963 -5.129745E-06 -6.552415E-07
200964 -6.627029E-06  9.197752E-06
200965 -6.854567E-06  1.674063E-05
200966 -5.395348E-06  1.788415E-05
200967 -1.913362E-06  9.765363E-06
200968  3.661737E-06 -8.180850E-06
200969  1.093241E-05 -3.380942E-05
200970  1.894212E-05 -6.266589E-05
200971  2.629465E-05 -8.906975E-05
200972  3.148999E-05 -1.075387E-04
200973  3.337009E-05 -1.141470E-04
200974  3.149764E-05 -1.074782E-04
200975  2.630489E-05 -8.896327E-05
200976  1.894660E-05 -6.253848E-05
200977  1.092248E-05 -3.368953E-05
200978  3.631567E-06 -8.092271E-06
200979 -1.964567E-06  9.810132E-06
200980 -5.463158E-06  1.788672E-05
200981 -6.931136E-06  1.671468E-05
200982 -6.704094E-06  9.163000E-06
200983 -5.201435E-06 -6.804320E-07
200984 -2.842892E-06 -8.852329E-06
200985 -6.688805E-08 -1.266886E-05
200986  2.621725E-06 -1.133839E-05
200987  4.662897E-06 -5.901452E-06
200988  5.551758E-06  1.391334E-06
200989  5.011805E-06  7.981750E-06
200990  3.140636E-06  1.185477E-05
200991  4.370661E-07  1.207698E-05
200992 -2.332174E-06  8.909064E-06
200993 -4.392412E-06  3.533862E-06
200994 -5.244322E-06 -2.448913E-06
200995 -4.838574E-06 -7.564548E-06
200996 -3.550192E-06 -1.086019E-05
200997 -1.963503E-06 -1.204624E-05
200998 -5.867008E-07 -1.138368E-05
200999  3.476744E-07 -9.425996E-06
201000  9.047890E-07 -6.765544E-06
201001  1.318515E-06 -3.885774E-06
201002  1.819631E-06 -1.126816E-06
201003  2.523997E-06  1.291667E-06
201004  3.415161E-06  3.245404E-06
201005  4.390061E-06  4.694328E-06
201006  5.316604E-06  5.672100E-06
201007  6.072551E-06  6.262669E-06
201008  6.563591E-06  6.564753E-06
201009  6.448813E-06  7.912386E-06
201010  6.305600E-06  7.811102E-06
201011  5.888583E-06  7.484169E-06
201012  5.223738E-06  6.867189E-06
201013  4.359721E-06  5.880841E-06
201014  3.378120E-06  4.466341E-06
201015  2.395988E-06  2.616975E-06
201016  1.540763E-06  3.897884E-07
201017  8.900304E-07 -2.104676E-06
201018  4.040012E-07 -4.711748E-06
201019 -8.930648E-08 -7.209363E-06
201020 -8.087050E-07 -9.253857E-06
201021 -1.855976E-06 -1.035574E-05
201022 -3.075279E-06 -9.969304E-06
201023 -4.053136E-06 -7.719902E-06
201024 -4.294806E-06 -3.681808E-06
201025 -3.488618E-06  1.452141E-06
201026 -1.701658E-06  6.438782E-06
201027  6.088374E-07  9.812984E-06
201028  2.771009E-06  1.038202E-05
201029  4.162635E-06  7.716507E-06
201030  4.433869E-06  2.447289E-06
201031  3.595008E-06 -3.784647E-06
201032  1.949172E-06 -8.776516E-06
201033 -7.455513E-08 -1.051181E-05
201034 -2.085267E-06 -7.967252E-06
201035 -3.797801E-06 -1.671661E-06
201036 -4.977526E-06  6.237533E-06
201037 -5.326441E-06  1.254989E-05
201038 -4.426519E-06  1.397499E-05
201039 -1.828902E-06  8.260927E-06
201040  2.715770E-06 -4.969018E-06
201041  8.992922E-06 -2.397060E-05
201042  1.618118E-05 -4.529672E-05
201043  2.294980E-05 -6.470038E-05
201044  2.780619E-05 -7.820162E-05
201045  2.957470E-05 -8.301446E-05
201046  2.780843E-05 -7.814700E-05
201047  2.295138E-05 -6.460428E-05
201048  1.617727E-05 -4.518185E-05
201049  8.978539E-06 -2.386292E-05
201050  2.687726E-06 -4.890307E-06
201051 -1.870602E-06  8.299384E-06
201052 -4.478570E-06  1.397522E-05
201053 -5.383535E-06  1.252526E-05
201054 -5.034413E-06  6.206778E-06
201055 -3.851117E-06 -1.691739E-06
201056 -2.134298E-06 -7.967293E-06
201057 -1.207513E-07 -1.049178E-05
201058  1.903468E-06 -8.743903E-06
201059  3.547788E-06 -3.750184E-06
201060  4.384017E-06  2.474708E-06
201061  4.109805E-06  7.733758E-06
201062  2.715418E-06  1.039280E-05
201063  5.514156E-07  9.825381E-06
201064 -1.758970E-06  6.460734E-06
201065 -3.543176E-06  1.487334E-06
201066 -4.344386E-06 -3.635372E-06
201067 -4.097143E-06 -7.668414E-06
201068 -3.114977E-06 -9.920174E-06
201069 -1.893574E-06 -1.031494E-05
201070 -8.461663E-07 -9.224550E-06
201071 -1.277475E-07 -7.191869E-06
201072  3.643586E-07 -4.704251E-06
201073  8.500173E-07 -2.104231E-06
201074  1.502666E-06  3.863471E-07
201075  2.363458E-06  2.612414E-06
201076  3.354904E-06  4.462665E-06
201077  4.347639E-06  5.879081E-06
201078  5.221329E-06  6.867333E-06
201079  5.891519E-06  7.485349E-06
201080  6.308762E-06  7.812116E-06
201081  5.583043E-06  8.166322E-06
201082  5.475711E-06  8.062547E-06
201083  5.150443E-06  7.731421E-06
201084  4.599119E-06  7.118706E-06
201085  3.825443E-06  6.162412E-06
201086  2.871029E-06  4.828999E-06
201087  1.835307E-06  3.143125E-06
201088  8.631584E-07  1.189367E-06
201089  8.582823E-08 -9.193383E-07
201090 -4.606901E-07 -3.076571E-06
201091 -8.770559E-07 -5.170442E-06
201092 -1.344786E-06 -7.008622E-06
201093 -1.982877E-06 -8.241236E-06
201094 -2.710124E-06 -8.388052E-06
201095 -3.229088E-06 -7.024754E-06
201096 -3.172127E-06 -4.059924E-06
201097 -2.328485E-06  5.734740E-08
201098 -8.050350E-07  4.343097E-06
201099  9.839944E-07  7.536505E-06
201100  2.490927E-06  8.531957E-06
201101  3.270557E-06  6.830438E-06
201102  3.154460E-06  2.831808E-06
201103  2.284461E-06 -2.178632E-06
201104  1.001405E-06 -6.400800E-06
201105 -3.414589E-07 -8.157060E-06
201106 -1.529338E-06 -6.573584E-06
201107 -2.507061E-06 -2.031422E-06
201108 -3.256922E-06  3.824169E-06
201109 -3.621000E-06  8.566365E-06
201110 -3.208274E-06  9.810078E-06
201111 -1.487008E-06  6.066087E-06
201112  1.948826E-06 -2.715150E-06
201113  7.065390E-06 -1.511851E-05
201114  1.320321E-05 -2.872741E-05
201115  1.915086E-05 -4.083524E-05
201116  2.348895E-05 -4.910928E-05
201117  2.507842E-05 -5.202481E-05
201118  2.348388E-05 -4.906153E-05
201119  1.914038E-05 -4.075096E-05
201120  1.318672E-05 -2.862618E-05
201121  7.042365E-06 -1.502304E-05
201122  1.919344E-06 -2.644848E-06
201123 -1.521827E-06  6.100973E-06
201124 -3.246315E-06  9.811305E-06
201125 -3.659796E-06  8.546055E-06
201126 -3.294563E-06  3.799220E-06
201127 -2.542830E-06 -2.046235E-06
201128 -1.563726E-06 -6.570644E-06
201129 -3.755835E-07 -8.137308E-06
201130  9.665669E-07 -6.371664E-06
201131  2.248500E-06 -2.149825E-06
201132  3.117336E-06  2.852934E-06
201133  3.232073E-06  6.842222E-06
201134  2.450575E-06  8.538904E-06
201135  9.415686E-07  7.546500E-06
201136 -8.485851E-07  4.362868E-06
201137 -2.370987E-06  8.888307E-08
201138 -3.211285E-06 -4.019984E-06
201139 -3.263872E-06 -6.982881E-06
201140 -2.741227E-06 -8.350623E-06
201141 -2.012008E-06 -8.212297E-06
201142 -1.373711E-06 -6.989361E-06
201143 -9.072478E-07 -5.159917E-06
201144 -4.933371E-07 -3.072797E-06
201145  5.029391E-08 -9.201238E-07
201146  8.260427E-07  1.186038E-06
201147  1.800071E-06  3.139023E-06
201148  2.842149E-06  4.825592E-06
201149  3.806130E-06  6.160635E-06
201150  4.589517E-06  7.118677E-06
201151  5.147681E-06  7.732424E-06
201152  5.475741E-06  8.063461E-06
201153  4.345303E-06  7.695501E-06
201154  4.271499E-06  7.590872E-06
201155  4.032898E-06  7.259926E-06
201156  3.591210E-06  6.657680E-06
201157  2.910541E-06  5.738854E-06
201158  1.996666E-06  4.495688E-06
201159  9.308706E-07  2.986902E-06
201160 -1.313305E-07  1.330805E-06
201161 -1.014884E-06 -3.461285E-07
201162 -1.613001E-06 -1.969886E-06
201163 -1.947721E-06 -3.522746E-06
201164 -2.143895E-06 -4.956976E-06
201165 -2.316668E-06 -6.075208E-06
201166 -2.451431E-06 -6.499538E-06
201167 -2.380385E-06 -5.810212E-06
201168 -1.894217E-06 -3.805740E-06
201169 -9.180860E-07 -7.294802E-07
201170  3.773076E-07  2.688475E-06
201171  1.615421E-06  5.425553E-06
201172  2.385081E-06  6.532168E-06
201173  2.441356E-06  5.527631E-06
201174  1.823520E-06  2.662367E-06
201175  8.283087E-07 -1.086913E-06
201176 -1.480727E-07 -4.330641E-06
201177 -8.167284E-07 -5.796006E-06
201178 -1.133800E-06 -4.864620E-06
201179 -1.277323E-06 -1.880604E-06
201180 -1.462495E-06  1.927032E-06
201181 -1.704024E-06  4.902210E-06
201182 -1.685425E-06  5.619022E-06
201183 -8.439989E-07  3.448296E-06
201184  1.345438E-06 -1.230871E-06
201185  5.027077E-06 -7.264809E-06
201186  9.747327E-06 -1.325353E-05
201187  1.449919E-05 -1.806610E-05
201188  1.803811E-05 -2.107726E-05
201189  1.934402E-05 -2.207697E-05
201190  1.802470E-05 -2.103738E-05
201191  1.447470E-05 -1.799516E-05
201192  9.715624E-06 -1.316722E-05
201193  4.992411E-06 -7.181862E-06
201194  1.311461E-06 -1.167869E-06
201195 -8.748299E-07  3.482070E-06
201196 -1.712093E-06  5.624476E-06
201197 -1.726907E-06  4.889344E-06
201198 -1.483020E-06  1.910077E-06
201199 -1.297335E-06 -1.889370E-06
201200 -1.154814E-06 -4.859296E-06
201201 -8.393509E-07 -5.778053E-06
201202 -1.718706E-07 -4.306726E-06
201203  8.043554E-07 -1.065040E-06
201204  1.800120E-06  2.676841E-06
201205  2.418129E-06  5.534563E-06
201206  2.360634E-06  6.536501E-06
201207  1.588475E-06  5.434345E-06
201208  3.480424E-07  2.706674E-06
201209 -9.477475E-07 -7.018576E-07
201210 -1.921773E-06 -3.773311E-06
201211 -2.404352E-06 -5.779351E-06
201212 -2.471992E-06 -6.475115E-06
201213 -2.335140E-06 -6.058931E-06
201214 -2.161986E-06 -4.947799E-06
201215 -1.967362E-06 -3.518432E-06
201216 -1.636355E-06 -1.968455E-06
201217 -1.043579E-06 -3.464658E-07
201218 -1.649827E-07  1.329212E-06
201219  8.954870E-07  2.984555E-06
201220  1.964597E-06  4.493386E-06
201221  2.886177E-06  5.737447E-06
201222  3.576141E-06  6.657537E-06
201223  4.025615E-06  7.260650E-06
201224  4.268990E-06  7.591586E-06
