Mesh2HRTF 0.1.2
    1
    1  1225
200000 -9.907037E-07 -1.916250E-05
200001  1.251145E-06 -1.716142E-05
200002  1.358589E-06 -1.688267E-05
200003  1.451147E-06 -1.664033E-05
200004  1.529328E-06 -1.644136E-05
200005  1.593607E-06 -1.629126E-05
200006  1.644367E-06 -1.619410E-05
200007  1.681864E-06 -1.615249E-05
200008  1.706178E-06 -1.616762E-05
200009  1.717195E-06 -1.623924E-05
200010  1.714591E-06 -1.636562E-05
200011  1.697842E-06 -1.654355E-05
200012  1.666234E-06 -1.676830E-05
200013  1.618901E-06 -1.703356E-05
200014  1.554875E-06 -1.733146E-05
200015  1.473137E-06 -1.765258E-05
200016  1.372699E-06 -1.798604E-05
200017  1.252673E-06 -1.831967E-05
200018  1.112354E-06 -1.864016E-05
200019  9.513102E-07 -1.893352E-05
200020  7.694486E-07 -1.918533E-05
200021  5.670915E-07 -1.938136E-05
200022  3.450315E-07 -1.950803E-05
200023  1.045688E-07 -1.955308E-05
200024 -1.524714E-07 -1.950617E-05
200025 -4.237478E-07 -1.935944E-05
200026 -7.064363E-07 -1.910811E-05
200027 -9.972948E-07 -1.875084E-05
200028 -1.292748E-06 -1.829007E-05
200029 -1.589002E-06 -1.773212E-05
200030 -1.882167E-06 -1.708715E-05
200031 -2.168395E-06 -1.636890E-05
200032 -2.444011E-06 -1.559426E-05
200033 -2.705638E-06 -1.478268E-05
200034 -2.950300E-06 -1.395545E-05
200035 -3.175498E-06 -1.313496E-05
200036 -3.379245E-06 -1.234380E-05
200037 -3.560074E-06 -1.160402E-05
200038 -3.717005E-06 -1.093632E-05
200039 -3.849484E-06 -1.035941E-05
200040 -3.957298E-06 -9.889401E-06
200041 -4.040478E-06 -9.539386E-06
200042 -4.099206E-06 -9.319047E-06
200043 -4.133726E-06 -9.234435E-06
200044 -4.144281E-06 -9.287822E-06
200045 -4.131074E-06 -9.477649E-06
200046 -4.094260E-06 -9.798569E-06
200047 -4.033965E-06 -1.024158E-05
200048 -3.950337E-06 -1.079426E-05
200049 -3.843605E-06 -1.144111E-05
200050 -3.714153E-06 -1.216396E-05
200051 -3.562597E-06 -1.294259E-05
200052 -3.389843E-06 -1.375534E-05
200053 -3.197136E-06 -1.457987E-05
200054 -2.986084E-06 -1.539394E-05
200055 -2.758653E-06 -1.617623E-05
200056 -2.517147E-06 -1.690711E-05
200057 -2.264153E-06 -1.756937E-05
200058 -2.002477E-06 -1.814877E-05
200059 -1.735066E-06 -1.863452E-05
200060 -1.464922E-06 -1.901951E-05
200061 -1.195013E-06 -1.930045E-05
200062 -9.281944E-07 -1.947770E-05
200063 -6.671382E-07 -1.955509E-05
200064 -4.142682E-07 -1.953945E-05
200065 -1.717160E-07 -1.944020E-05
200066  5.871336E-08 -1.926871E-05
200067  2.755579E-07 -1.903776E-05
200068  4.777036E-07 -1.876097E-05
200069  6.643741E-07 -1.845222E-05
200070  8.351115E-07 -1.812524E-05
200071  9.897402E-07 -1.779315E-05
200072  1.128330E-06 -1.746818E-05
200073  2.684554E-06 -7.867337E-06
200074  2.754590E-06 -7.021937E-06
200075  2.805447E-06 -6.315948E-06
200076  2.842548E-06 -5.753581E-06
200077  2.870979E-06 -5.336735E-06
200078  2.895195E-06 -5.066202E-06
200079  2.918737E-06 -4.942618E-06
200080  2.943997E-06 -4.967064E-06
200081  2.972031E-06 -5.141261E-06
200082  3.002440E-06 -5.467356E-06
200083  3.033338E-06 -5.947287E-06
200084  3.061383E-06 -6.581783E-06
200085  3.081897E-06 -7.369085E-06
200086  3.089060E-06 -8.303480E-06
200087  3.076158E-06 -9.373794E-06
200088  3.035893E-06 -1.056199E-05
200089  2.960731E-06 -1.184199E-05
200090  2.843270E-06 -1.317902E-05
200091  2.676645E-06 -1.452939E-05
200092  2.454938E-06 -1.584112E-05
200093  2.173601E-06 -1.705533E-05
200094  1.829886E-06 -1.810852E-05
200095  1.423249E-06 -1.893565E-05
200096  9.557179E-07 -1.947403E-05
200097  4.321679E-07 -1.966761E-05
200098 -1.395401E-07 -1.947149E-05
200099 -7.486191E-07 -1.885609E-05
200100 -1.381657E-06 -1.781070E-05
200101 -2.023192E-06 -1.634572E-05
200102 -2.656546E-06 -1.449344E-05
200103 -3.264892E-06 -1.230697E-05
200104 -3.832441E-06 -9.857471E-06
200105 -4.345649E-06 -7.229769E-06
200106 -4.794277E-06 -4.516894E-06
200107 -5.172186E-06 -1.814146E-06
200108 -5.477722E-06  7.866162E-07
200109 -5.713634E-06  3.201820E-06
200110 -5.886499E-06  5.359636E-06
200111 -6.005734E-06  7.201809E-06
200112 -6.082280E-06  8.683888E-06
200113 -6.127152E-06  9.774184E-06
200114 -6.150040E-06  1.045198E-05
200115 -6.158116E-06  1.070563E-05
200116 -6.155242E-06  1.053110E-05
200117 -6.141627E-06  9.931413E-06
200118 -6.113991E-06  8.917102E-06
200119 -6.066174E-06  7.507581E-06
200120 -5.990102E-06  5.732996E-06
200121 -5.876958E-06  3.635997E-06
200122 -5.718400E-06  1.272825E-06
200123 -5.507667E-06 -1.286829E-06
200124 -5.240462E-06 -3.961518E-06
200125 -4.915500E-06 -6.661322E-06
200126 -4.534704E-06 -9.292507E-06
200127 -4.103065E-06 -1.176305E-05
200128 -3.628205E-06 -1.398846E-05
200129 -3.119746E-06 -1.589706E-05
200130 -2.588566E-06 -1.743439E-05
200131 -2.046049E-06 -1.856602E-05
200132 -1.503399E-06 -1.927862E-05
200133 -9.710814E-07 -1.957944E-05
200134 -4.584095E-07 -1.949413E-05
200135  2.671363E-08 -1.906352E-05
200136  4.779216E-07 -1.833956E-05
200137  8.904133E-07 -1.738109E-05
200138  1.260913E-06 -1.624965E-05
200139  1.587596E-06 -1.500586E-05
200140  1.870003E-06 -1.370633E-05
200141  2.108943E-06 -1.240153E-05
200142  2.306395E-06 -1.113440E-05
200143  2.465394E-06 -9.939721E-06
200144  2.589887E-06 -8.844254E-06
200145  3.168123E-06  3.359414E-06
200146  3.058333E-06  4.285508E-06
200147  2.931684E-06  4.997906E-06
200148  2.802522E-06  5.527670E-06
200149  2.684622E-06  5.904168E-06
200150  2.590346E-06  6.151227E-06
200151  2.529877E-06  6.284079E-06
200152  2.510580E-06  6.307322E-06
200153  2.536518E-06  6.214098E-06
200154  2.608145E-06  5.986561E-06
200155  2.722196E-06  5.597649E-06
200156  2.871782E-06  5.014042E-06
200157  3.046695E-06  4.200106E-06
200158  3.233899E-06  3.122566E-06
200159  3.418170E-06  1.755619E-06
200160  3.582792E-06  8.619104E-08
200161  3.710259E-06 -1.880973E-06
200162  3.782886E-06 -4.118723E-06
200163  3.783343E-06 -6.573818E-06
200164  3.695139E-06 -9.164648E-06
200165  3.503169E-06 -1.178093E-05
200166  3.194463E-06 -1.428606E-05
200167  2.759249E-06 -1.652261E-05
200168  2.192377E-06 -1.832139E-05
200169  1.495012E-06 -1.951401E-05
200170  6.763564E-07 -1.994808E-05
200171 -2.449647E-07 -1.950391E-05
200172 -1.240299E-06 -1.811053E-05
200173 -2.271541E-06 -1.575858E-05
200174 -3.293163E-06 -1.250772E-05
200175 -4.255717E-06 -8.486429E-06
200176 -5.110553E-06 -3.883281E-06
200177 -5.815192E-06  1.069954E-06
200178 -6.338585E-06  6.121452E-06
200179 -6.665400E-06  1.102540E-05
200180 -6.798548E-06  1.556685E-05
200181 -6.759403E-06  1.958113E-05
200182 -6.585504E-06  2.296439E-05
200183 -6.325982E-06  2.567363E-05
200184 -6.035290E-06  2.771634E-05
200185 -5.766173E-06  2.913241E-05
200186 -5.562895E-06  2.997230E-05
200187 -5.455725E-06  3.027654E-05
200188 -5.457473E-06  3.006103E-05
200189 -5.562493E-06  2.931159E-05
200190 -5.748214E-06  2.798896E-05
200191 -5.978840E-06  2.604295E-05
200192 -6.210572E-06  2.343264E-05
200193 -6.397533E-06  2.014798E-05
200194 -6.497527E-06  1.622784E-05
200195 -6.476883E-06  1.177059E-05
200196 -6.313812E-06  6.934565E-06
200197 -5.999998E-06  1.928119E-06
200198 -5.540410E-06 -3.008978E-06
200199 -4.951567E-06 -7.629626E-06
200200 -4.258691E-06 -1.170477E-05
200201 -3.492262E-06 -1.504613E-05
200202 -2.684545E-06 -1.752294E-05
200203 -1.866527E-06 -1.907084E-05
200204 -1.065633E-06 -1.969247E-05
200205 -3.043502E-07 -1.945068E-05
200206  4.002271E-07 -1.845622E-05
200207  1.036111E-06 -1.685243E-05
200208  1.595654E-06 -1.479908E-05
200209  2.074597E-06 -1.245759E-05
200210  2.471194E-06 -9.978874E-06
200211  2.785597E-06 -7.494527E-06
200212  3.019564E-06 -5.111491E-06
200213  3.176475E-06 -2.909817E-06
200214  3.261518E-06 -9.429599E-07
200215  3.281907E-06  7.600653E-07
200216  3.246986E-06  2.191256E-06
200217  2.801693E-06  1.116896E-05
200218  2.436722E-06  1.140806E-05
200219  2.059653E-06  1.145348E-05
200220  1.696530E-06  1.139179E-05
200221  1.372275E-06  1.130102E-05
200222  1.108960E-06  1.124395E-05
200223  9.245075E-07  1.126219E-05
200224  8.317928E-07  1.137188E-05
200225  8.380509E-07  1.156161E-05
200226  9.444586E-07  1.179284E-05
200227  1.146007E-06  1.200293E-05
200228  1.431561E-06  1.211040E-05
200229  1.784435E-06  1.202192E-05
200230  2.183466E-06  1.164018E-05
200231  2.604543E-06  1.087227E-05
200232  3.022325E-06  9.638174E-06
200233  3.411740E-06  7.879394E-06
200234  3.748829E-06  5.567872E-06
200235  4.010675E-06  2.715329E-06
200236  4.174502E-06 -6.173047E-07
200237  4.216418E-06 -4.311429E-06
200238  4.110596E-06 -8.185210E-06
200239  3.829804E-06 -1.199359E-05
200240  3.347977E-06 -1.543680E-05
200241  2.645023E-06 -1.817961E-05
200242  1.713361E-06 -1.988221E-05
200243  5.649525E-07 -2.024085E-05
200244 -7.629139E-07 -1.903376E-05
200245 -2.204939E-06 -1.616489E-05
200246 -3.669766E-06 -1.169678E-05
200247 -5.047281E-06 -5.863397E-06
200248 -6.220853E-06  9.430677E-07
200249 -7.082970E-06  8.213550E-06
200250 -7.551748E-06  1.538752E-05
200251 -7.585317E-06  2.193246E-05
200252 -7.191222E-06  2.742306E-05
200253 -6.428711E-06  3.160388E-05
200254 -5.403009E-06  3.442165E-05
200255 -4.252188E-06  3.601884E-05
200256 -3.128593E-06  3.668828E-05
200257 -2.177845E-06  3.679766E-05
200258 -1.518877E-06  3.669970E-05
200259 -1.228205E-06  3.664787E-05
200260 -1.330827E-06  3.673653E-05
200261 -1.798895E-06  3.687902E-05
200262 -2.557931E-06  3.682863E-05
200263 -3.499154E-06  3.623754E-05
200264 -4.495671E-06  3.474010E-05
200265 -5.419787E-06  3.204176E-05
200266 -6.158950E-06  2.799407E-05
200267 -6.628196E-06  2.264011E-05
200268 -6.777771E-06  1.622180E-05
200269 -6.595394E-06  9.149245E-06
200270 -6.103467E-06  1.940203E-06
200271 -5.352192E-06 -4.856725E-06
200272 -4.410023E-06 -1.073963E-05
200273 -3.353127E-06 -1.531752E-05
200274 -2.255485E-06 -1.835154E-05
200275 -1.181005E-06 -1.976911E-05
200276 -1.785561E-07 -1.965258E-05
200277  7.197508E-07 -1.820842E-05
200278  1.497323E-06 -1.572506E-05
200279  2.149660E-06 -1.252838E-05
200280  2.679859E-06 -8.941728E-06
200281  3.094213E-06 -5.255300E-06
200282  3.398871E-06 -1.706903E-06
200283  3.598149E-06  1.526584E-06
200284  3.694550E-06  4.329107E-06
200285  3.690175E-06  6.639647E-06
200286  3.588730E-06  8.443533E-06
200287  3.397674E-06  9.762971E-06
200288  3.129421E-06  1.064811E-05
200289  1.822326E-06  1.286551E-05
200290  1.217001E-06  1.199475E-05
200291  6.065179E-07  1.103324E-05
200292  3.052136E-08  1.010973E-05
200293 -4.751396E-07  9.343127E-06
200294 -8.811250E-07  8.832693E-06
200295 -1.165653E-06  8.647925E-06
200296 -1.314411E-06  8.820307E-06
200297 -1.320138E-06  9.338715E-06
200298 -1.182536E-06  1.014951E-05
200299 -9.087325E-07  1.116138E-05
200300 -5.138666E-07  1.225387E-05
200301 -2.104097E-08  1.328783E-05
200302  5.401658E-07  1.411589E-05
200303  1.136885E-06  1.459120E-05
200304  1.737290E-06  1.457423E-05
200305  2.314711E-06  1.393830E-05
200306  2.849838E-06  1.257620E-05
200307  3.329631E-06  1.041054E-05
200308  3.742621E-06  7.410077E-06
200309  4.071722E-06  3.612226E-06
200310  4.286984E-06 -8.511583E-07
200311  4.341422E-06 -5.730866E-06
200312  4.172752E-06 -1.064921E-05
200313  3.712521E-06 -1.511026E-05
200314  2.902058E-06 -1.853883E-05
200315  1.712388E-06 -2.035031E-05
200316  1.634592E-07 -2.004552E-05
200317 -1.662716E-06 -1.731622E-05
200318 -3.619725E-06 -1.213923E-05
200319 -5.507975E-06 -4.834657E-06
200320 -7.099267E-06  3.933997E-06
200321 -8.171315E-06  1.322956E-05
200322 -8.546177E-06  2.197778E-05
200323 -8.125088E-06  2.915016E-05
200324 -6.912368E-06  3.395764E-05
200325 -5.022924E-06  3.601207E-05
200326 -2.670950E-06  3.541496E-05
200327 -1.411859E-07  3.274687E-05
200328  2.252380E-06  2.895256E-05
200329  4.212983E-06  2.514240E-05
200330  5.504415E-06  2.235217E-05
200331  5.983750E-06  2.131520E-05
200332  5.618319E-06  2.229997E-05
200333  4.485057E-06  2.505126E-05
200334  2.753636E-06  2.884856E-05
200335  6.574802E-07  3.266759E-05
200336 -1.541679E-06  3.540619E-05
200337 -3.589786E-06  3.612221E-05
200338 -5.271775E-06  3.422970E-05
200339 -6.434465E-06  2.961258E-05
200340 -6.998947E-06  2.263607E-05
200341 -6.962017E-06  1.406099E-05
200342 -6.387659E-06  4.887312E-06
200343 -5.390687E-06 -3.833840E-06
200344 -4.115491E-06 -1.117814E-05
200345 -2.713307E-06 -1.648203E-05
200346 -1.321415E-06 -1.941295E-05
200347 -4.729536E-08 -1.997230E-05
200348  1.040208E-06 -1.844223E-05
200349  1.911909E-06 -1.529652E-05
200350  2.572190E-06 -1.109884E-05
200351  3.047859E-06 -6.409664E-06
200352  3.374923E-06 -1.716042E-06
200353  3.586497E-06  2.609053E-06
200354  3.704489E-06  6.318921E-06
200355  3.736534E-06  9.283294E-06
200356  3.678129E-06  1.146552E-05
200357  3.518581E-06  1.289568E-05
200358  3.248510E-06  1.364648E-05
200359  2.866538E-06  1.381556E-05
200360  2.383351E-06  1.351489E-05
200361  5.658992E-07  9.114415E-06
200362 -1.896281E-07  7.354087E-06
200363 -9.388435E-07  5.612195E-06
200364 -1.626507E-06  4.021466E-06
200365 -2.208713E-06  2.717456E-06
200366 -2.656312E-06  1.823428E-06
200367 -2.953712E-06  1.432827E-06
200368 -3.094912E-06  1.594129E-06
200369 -3.079407E-06  2.302046E-06
200370 -2.910240E-06  3.497316E-06
200371 -2.595148E-06  5.075050E-06
200372 -2.149814E-06  6.899307E-06
200373 -1.600782E-06  8.819804E-06
200374 -9.851698E-07  1.068591E-05
200375 -3.454746E-07  1.235383E-05
200376  2.798706E-07  1.368511E-05
200377  8.670032E-07  1.453827E-05
200378  1.413502E-06  1.475911E-05
200379  1.937338E-06  1.417825E-05
200380  2.466033E-06  1.262430E-05
200381  3.017909E-06  9.958421E-06
200382  3.580835E-06  6.129355E-06
200383  4.096083E-06  1.239359E-06
200384  4.454623E-06 -4.396345E-06
200385  4.510429E-06 -1.021942E-05
200386  4.110692E-06 -1.544972E-05
200387  3.137563E-06 -1.917224E-05
200388  1.551731E-06 -2.048905E-05
200389 -5.738871E-07 -1.871584E-05
200390 -3.041007E-06 -1.358359E-05
200391 -5.539954E-06 -5.393168E-06
200392 -7.691170E-06  4.929621E-06
200393 -9.107938E-06  1.591539E-05
200394 -9.468492E-06  2.577606E-05
200395 -8.582640E-06  3.274207E-05
200396 -6.438423E-06  3.544471E-05
200397 -3.217960E-06  3.325373E-05
200398  7.221172E-07  2.648015E-05
200399  4.902813E-06  1.637959E-05
200400  8.797757E-06  4.937196E-06
200401  1.191648E-05 -5.529070E-06
200402  1.387999E-05 -1.286083E-05
200403  1.447475E-05 -1.553236E-05
200404  1.367659E-05 -1.298995E-05
200405  1.164260E-05 -5.774218E-06
200406  8.675794E-06  4.604472E-06
200407  5.171505E-06  1.600568E-05
200408  1.556715E-06  2.612935E-05
200409 -1.767805E-06  3.300276E-05
200410 -4.474845E-06  3.537095E-05
200411 -6.343160E-06  3.290689E-05
200412 -7.273158E-06  2.620753E-05
200413 -7.286121E-06  1.659583E-05
200414 -6.508639E-06  5.792890E-06
200415 -5.145073E-06 -4.452253E-06
200416 -3.442002E-06 -1.268940E-05
200417 -1.649626E-06 -1.798686E-05
200418  1.420858E-08 -2.001483E-05
200419  1.391795E-06 -1.899882E-05
200420  2.400669E-06 -1.557698E-05
200421  3.033727E-06 -1.060953E-05
200422  3.345043E-06 -4.989006E-06
200423  3.425218E-06  5.107415E-07
200424  3.372518E-06  5.325775E-06
200425  3.266953E-06  9.130255E-06
200426  3.153402E-06  1.181286E-05
200427  3.037091E-06  1.342116E-05
200428  2.891102E-06  1.409551E-05
200429  2.672266E-06  1.401057E-05
200430  2.339783E-06  1.333538E-05
200431  1.870885E-06  1.221519E-05
200432  1.269415E-06  1.077173E-05
200433 -5.692256E-07  2.749909E-06
200434 -1.352443E-06  8.052116E-07
200435 -2.112747E-06 -1.090833E-06
200436 -2.775984E-06 -2.838043E-06
200437 -3.293733E-06 -4.305438E-06
200438 -3.647095E-06 -5.356074E-06
200439 -3.840641E-06 -5.876290E-06
200440 -3.890524E-06 -5.800828E-06
200441 -3.812613E-06 -5.127151E-06
200442 -3.616123E-06 -3.915382E-06
200443 -3.305523E-06 -2.274081E-06
200444 -2.889297E-06 -3.357987E-07
200445 -2.390130E-06  1.770482E-06
200446 -1.849453E-06  3.941012E-06
200447 -1.321144E-06  6.104424E-06
200448 -8.543008E-07  8.209046E-06
200449 -4.710689E-07  1.019144E-05
200450 -1.496168E-07  1.193524E-05
200451  1.778358E-07  1.323651E-05
200452  6.067792E-07  1.379511E-05
200453  1.224429E-06  1.324806E-05
200454  2.066013E-06  1.125118E-05
200455  3.077997E-06  7.599588E-06
200456  4.102842E-06  2.361099E-06
200457  4.894971E-06 -4.016970E-06
200458  5.169024E-06 -1.067206E-05
200459  4.671664E-06 -1.639847E-05
200460  3.259966E-06 -1.984235E-05
200461  9.654484E-07 -1.980075E-05
200462 -1.975520E-06 -1.556821E-05
200463 -5.136948E-06 -7.243416E-06
200464 -7.965217E-06  4.102691E-06
200465 -9.877313E-06  1.647804E-05
200466 -1.037546E-05  2.727312E-05
200467 -9.153615E-06  3.378221E-05
200468 -6.172187E-06  3.383726E-05
200469 -1.683627E-06  2.639974E-05
200470  3.798185E-06  1.194598E-05
200471  9.579719E-06 -7.480109E-06
200472  1.490438E-05 -2.859400E-05
200473  1.907979E-05 -4.752328E-05
200474  2.158967E-05 -6.064068E-05
200475  2.216848E-05 -6.537538E-05
200476  2.082679E-05 -6.079875E-05
200477  1.782758E-05 -4.783497E-05
200478  1.362415E-05 -2.904302E-05
200479  8.777179E-06 -8.027475E-06
200480  3.868662E-06  1.136964E-05
200481 -5.732757E-07  2.589229E-05
200482 -4.131040E-06  3.351022E-05
200483 -6.533468E-06  3.373446E-05
200484 -7.671829E-06  2.756033E-05
200485 -7.597544E-06  1.708841E-05
200486 -6.502911E-06  4.949316E-06
200487 -4.686267E-06 -6.307899E-06
200488 -2.504399E-06 -1.471723E-05
200489 -3.174800E-07 -1.918992E-05
200490  1.565607E-06 -1.957081E-05
200491  2.932146E-06 -1.648824E-05
200492  3.691720E-06 -1.107135E-05
200493  3.877597E-06 -4.624038E-06
200494  3.622642E-06  1.664089E-06
200495  3.115363E-06  6.915363E-06
200496  2.547295E-06  1.064868E-05
200497  2.065526E-06  1.275998E-05
200498  1.742617E-06  1.342908E-05
200499  1.570660E-06  1.299302E-05
200500  1.478632E-06  1.182406E-05
200501  1.365341E-06  1.023967E-05
200502  1.136418E-06  8.457280E-06
200503  7.339780E-07  6.592107E-06
200504  1.513412E-07  4.685919E-06
200505 -1.223765E-06 -3.142915E-06
200506 -1.931076E-06 -4.492827E-06
200507 -2.597227E-06 -5.882033E-06
200508 -3.124207E-06 -7.256287E-06
200509 -3.460415E-06 -8.494591E-06
200510 -3.605030E-06 -9.448521E-06
200511 -3.595348E-06 -9.986177E-06
200512 -3.483467E-06 -1.002838E-05
200513 -3.312227E-06 -9.568170E-06
200514 -3.100720E-06 -8.669397E-06
200515 -2.845813E-06 -7.444952E-06
200516 -2.538764E-06 -6.020067E-06
200517 -2.187804E-06 -4.490223E-06
200518 -1.832817E-06 -2.886682E-06
200519 -1.540513E-06 -1.163877E-06
200520 -1.377623E-06  7.801337E-07
200521 -1.371636E-06  3.047558E-06
200522 -1.477233E-06  5.659571E-06
200523 -1.567040E-06  8.473944E-06
200524 -1.457142E-06  1.113413E-05
200525 -9.643115E-07  1.308094E-05
200526  2.114102E-08  1.364510E-05
200527  1.470857E-06  1.221679E-05
200528  3.186264E-06  8.461850E-06
200529  4.815006E-06  2.529692E-06
200530  5.918817E-06 -4.816233E-06
200531  6.080155E-06 -1.221276E-05
200532  5.021844E-06 -1.789841E-05
200533  2.707426E-06 -2.009740E-05
200534 -6.074354E-07 -1.752091E-05
200535 -4.390678E-06 -9.863079E-06
200536 -7.917976E-06  1.862268E-06
200537 -1.040911E-05  1.528597E-05
200538 -1.118735E-05  2.702675E-05
200539 -9.826902E-06  3.338813E-05
200540 -6.255618E-06  3.126900E-05
200541 -7.895167E-07  1.905929E-05
200542  5.910173E-06 -2.736034E-06
200543  1.295005E-05 -3.135238E-05
200544  1.936441E-05 -6.218924E-05
200545  2.428739E-05 -8.973548E-05
200546  2.709975E-05 -1.087831E-04
200547  2.751940E-05 -1.156246E-04
200548  2.562042E-05 -1.089232E-04
200549  2.178453E-05 -9.002544E-05
200550  1.660576E-05 -6.263491E-05
200551  1.077701E-05 -3.193450E-05
200552  4.985006E-06 -3.391990E-06
200553 -1.703643E-07  1.843985E-05
200554 -4.228577E-06  3.082783E-05
200555 -6.897765E-06  3.326206E-05
200556 -8.067579E-06  2.730109E-05
200557 -7.809020E-06  1.595453E-05
200558 -6.359873E-06  2.812027E-06
200559 -4.092021E-06 -8.831691E-06
200560 -1.458883E-06 -1.664078E-05
200561  1.073551E-06 -1.956594E-05
200562  3.102337E-06 -1.781877E-05
200563  4.355290E-06 -1.256759E-05
200564  4.734889E-06 -5.482567E-06
200565  4.325698E-06  1.732878E-06
200566  3.360775E-06  7.714302E-06
200567  2.153834E-06  1.164858E-05
200568  1.014899E-06  1.331399E-05
200569  1.732230E-07  1.297835E-05
200570 -2.707615E-07  1.121211E-05
200571 -3.524243E-07  8.680299E-06
200572 -2.106216E-07  5.967911E-06
200573 -3.014342E-08  3.472129E-06
200574  2.063367E-08  1.370722E-06
200575 -1.623467E-07 -3.451439E-07
200576 -5.973306E-07 -1.798465E-06
200577 -1.211228E-06 -6.633466E-06
200578 -1.792634E-06 -6.896824E-06
200579 -2.318923E-06 -7.382649E-06
200580 -2.663377E-06 -8.069230E-06
200581 -2.768928E-06 -8.835991E-06
200582 -2.654127E-06 -9.519759E-06
200583 -2.394471E-06 -9.973111E-06
200584 -2.086748E-06 -1.010949E-05
200585 -1.809818E-06 -9.925309E-06
200586 -1.597816E-06 -9.495420E-06
200587 -1.438239E-06 -8.943871E-06
200588 -1.296762E-06 -8.396066E-06
200589 -1.156324E-06 -7.922560E-06
200590 -1.047750E-06 -7.489259E-06
200591 -1.050409E-06 -6.932925E-06
200592 -1.255725E-06 -5.980545E-06
200593 -1.706866E-06 -4.322345E-06
200594 -2.343248E-06 -1.730429E-06
200595 -2.980039E-06  1.806421E-06
200596 -3.339702E-06  5.976984E-06
200597 -3.131655E-06  1.011838E-05
200598 -2.156705E-06  1.329682E-05
200599 -4.019707E-07  1.450444E-05
200600  1.907513E-06  1.294390E-05
200601  4.323571E-06  8.337782E-06
200602  6.260875E-06  1.173016E-06
200603  7.137702E-06 -7.217819E-06
200604  6.536693E-06 -1.481647E-05
200605  4.341380E-06 -1.934349E-05
200606  8.081227E-07 -1.888802E-05
200607 -3.450477E-06 -1.259492E-05
200608 -7.570741E-06 -1.200781E-06
200609 -1.060866E-05  1.279216E-05
200610 -1.173765E-05  2.544157E-05
200611 -1.042956E-05  3.219025E-05
200612 -6.579828E-06  2.902740E-05
200613 -5.492721E-07  1.368687E-05
200614  6.888534E-06 -1.347038E-05
200615  1.468608E-05 -4.918705E-05
200616  2.171903E-05 -8.779326E-05
200617  2.699813E-05 -1.223698E-04
200618  2.984668E-05 -1.463135E-04
200619  3.000225E-05 -1.548995E-04
200620  2.762310E-05 -1.464227E-04
200621  2.320821E-05 -1.226093E-04
200622  1.746407E-05 -8.818721E-05
200623  1.116220E-05 -4.973397E-05
200624  5.023898E-06 -1.411661E-05
200625 -3.509974E-07  1.305797E-05
200626 -4.516481E-06  2.857991E-05
200627 -7.191414E-06  3.209223E-05
200628 -8.265867E-06  2.580402E-05
200629 -7.808184E-06  1.361268E-05
200630 -6.065707E-06 -6.320629E-08
200631 -3.446057E-06 -1.139509E-05
200632 -4.689431E-07 -1.792095E-05
200633  2.311823E-06 -1.884734E-05
200634  4.404945E-06 -1.489159E-05
200635  5.476462E-06 -7.796826E-06
200636  5.417959E-06  2.925738E-07
200637  4.365988E-06  7.415420E-06
200638  2.661512E-06  1.220859E-05
200639  7.559612E-07  1.409212E-05
200640 -9.106192E-07  1.323109E-05
200641 -2.022436E-06  1.033200E-05
200642 -2.457167E-06  6.358267E-06
200643 -2.292669E-06  2.251138E-06
200644 -1.754802E-06 -1.278163E-06
200645 -1.129370E-06 -3.851206E-06
200646 -6.700905E-07 -5.420158E-06
200647 -5.310530E-07 -6.186439E-06
200648 -7.397101E-07 -6.479259E-06
200649 -5.884559E-07 -7.315638E-06
200650 -1.050521E-06 -6.422498E-06
200651 -1.452815E-06 -5.967781E-06
200652 -1.638341E-06 -5.933839E-06
200653 -1.539820E-06 -6.185600E-06
200654 -1.188827E-06 -6.542562E-06
200655 -6.945365E-07 -6.847843E-06
200656 -1.986636E-07 -7.017479E-06
200657  1.789333E-07 -7.060756E-06
200658  3.828338E-07 -7.070320E-06
200659  4.321773E-07 -7.186585E-06
200660  3.902410E-07 -7.543442E-06
200661  3.072297E-07 -8.203667E-06
200662  1.689894E-07 -9.096581E-06
200663 -1.137683E-07 -9.978066E-06
200664 -6.610985E-07 -1.043851E-05
200665 -1.541174E-06 -9.978543E-06
200666 -2.690297E-06 -8.151704E-06
200667 -3.878959E-06 -4.743331E-06
200668 -4.747805E-06  6.921090E-08
200669 -4.907663E-06  5.636866E-06
200670 -4.072420E-06  1.088745E-05
200671 -2.181073E-06  1.452022E-05
200672  5.328451E-07  1.532619E-05
200673  3.552847E-06  1.257319E-05
200674  6.178820E-06  6.357167E-06
200675  7.695143E-06 -2.202564E-06
200676  7.565234E-06 -1.103904E-05
200677  5.597695E-06 -1.754572E-05
200678  2.034097E-06 -1.927965E-05
200679 -2.469534E-06 -1.480313E-05
200680 -6.964624E-06 -4.412270E-06
200681 -1.040479E-05  9.523821E-06
200682 -1.186726E-05  2.281571E-05
200683 -1.075286E-05  3.033582E-05
200684 -6.924378E-06  2.735867E-05
200685 -7.553205E-07  1.100543E-05
200686  6.923889E-06 -1.864376E-05
200687  1.497698E-05 -5.814877E-05
200688  2.218305E-05 -1.012086E-04
200689  2.747961E-05 -1.399856E-04
200690  3.016750E-05 -1.669272E-04
200691  3.002379E-05 -1.766003E-04
200692  2.729556E-05 -1.670375E-04
200693  2.258665E-05 -1.402250E-04
200694  1.668435E-05 -1.015980E-04
200695  1.038838E-05 -5.868471E-05
200696  4.391607E-06 -1.927137E-05
200697 -7.701326E-07  1.040585E-05
200698 -4.716581E-06  2.695965E-05
200699 -7.205361E-06  3.031941E-05
200700 -8.128140E-06  2.330582E-05
200701 -7.528510E-06  1.051753E-05
200702 -5.626362E-06 -3.080383E-06
200703 -2.822812E-06 -1.343498E-05
200704  3.350284E-07 -1.822273E-05
200705  3.234792E-06 -1.706898E-05
200706  5.313182E-06 -1.123112E-05
200707  6.178120E-06 -2.941662E-06
200708  5.704838E-06  5.347731E-06
200709  4.072562E-06  1.161335E-05
200710  1.721194E-06  1.466609E-05
200711 -7.675448E-07  1.427267E-05
200712 -2.831052E-06  1.102266E-05
200713 -4.076506E-06  6.025775E-06
200714 -4.371342E-06  5.479180E-07
200715 -3.847269E-06 -4.312141E-06
200716 -2.824792E-06 -7.835171E-06
200717 -1.692495E-06 -9.755971E-06
200718 -7.858053E-07 -1.021377E-05
200719 -3.025949E-07 -9.619865E-06
200720 -2.740473E-07 -8.493954E-06
200721  3.895464E-07 -5.874470E-06
200722  7.931622E-09 -4.092763E-06
200723 -3.205588E-07 -2.933249E-06
200724 -4.128977E-07 -2.354865E-06
200725 -1.872160E-07 -2.197598E-06
200726  3.234704E-07 -2.265666E-06
200727  9.896540E-07 -2.401948E-06
200728  1.633399E-06 -2.536282E-06
200729  2.094477E-06 -2.699503E-06
200730  2.290396E-06 -3.005432E-06
200731  2.240088E-06 -3.609939E-06
200732  2.033061E-06 -4.656244E-06
200733  1.755650E-06 -6.211512E-06
200734  1.416693E-06 -8.200245E-06
200735  9.225932E-07 -1.035041E-05
200736  1.262774E-07 -1.218219E-05
200737 -1.069716E-06 -1.307114E-05
200738 -2.609973E-06 -1.239590E-05
200739 -4.239484E-06 -9.743591E-06
200740 -5.542753E-06 -5.112004E-06
200741 -6.059294E-06  9.634517E-07
200742 -5.436592E-06  7.415484E-06
200743 -3.570202E-06  1.281056E-05
200744 -6.852967E-07  1.566534E-05
200745  2.671097E-06  1.486509E-05
200746  5.735599E-06  1.009105E-05
200747  7.712233E-06  2.123573E-06
200748  7.987686E-06 -7.124862E-06
200749  6.315336E-06 -1.494988E-05
200750  2.911077E-06 -1.856566E-05
200751 -1.568519E-06 -1.603775E-05
200752 -6.157771E-06 -7.161865E-06
200753 -9.785074E-06  6.038655E-06
200754 -1.149739E-05  1.945738E-05
200755 -1.066024E-05  2.777069E-05
200756 -7.098814E-06  2.586036E-05
200757 -1.156098E-06  1.040671E-05
200758  6.347979E-06 -1.884209E-05
200759  1.425993E-05 -5.856214E-05
200760  2.132014E-05 -1.023311E-04
200761  2.642756E-05 -1.420149E-04
200762  2.887215E-05 -1.697072E-04
200763  2.846578E-05 -1.796912E-04
200764  2.553106E-05 -1.698835E-04
200765  2.075889E-05 -1.423618E-04
200766  1.499467E-05 -1.028313E-04
200767  9.036436E-06 -5.917602E-05
200768  3.511537E-06 -1.949406E-05
200769 -1.148326E-06  9.837174E-06
200770 -4.664139E-06  2.553336E-05
200771 -6.855466E-06  2.785404E-05
200772 -7.621797E-06  2.006588E-05
200773 -6.970738E-06  7.162125E-06
200774 -5.068731E-06 -5.703854E-06
200775 -2.274232E-06 -1.457436E-05
200776  8.786163E-07 -1.747436E-05
200777  3.756314E-06 -1.451183E-05
200778  5.750714E-06 -7.406867E-06
200779  6.423313E-06  1.295499E-06
200780  5.628314E-06  9.050433E-06
200781  3.569928E-06  1.396129E-05
200782  7.617930E-07  1.513335E-05
200783 -2.111728E-06  1.271164E-05
200784 -4.391769E-06  7.657486E-06
200785 -5.630196E-06  1.369003E-06
200786 -5.697956E-06 -4.730091E-06
200787 -4.783531E-06 -9.524093E-06
200788 -3.293610E-06 -1.239425E-05
200789 -1.702619E-06 -1.324839E-05
200790 -4.081828E-07 -1.242100E-05
200791  3.634910E-07 -1.049887E-05
200792  5.841799E-07 -8.131557E-06
200793  1.394855E-06 -3.392854E-06
200794  1.055361E-06 -1.142676E-06
200795  7.519184E-07  3.745920E-07
200796  6.833818E-07  1.238881E-06
200797  9.477871E-07  1.636466E-06
200798  1.523279E-06  1.771813E-06
200799  2.277871E-06  1.792613E-06
200800  3.012474E-06  1.745843E-06
200801  3.532737E-06  1.573007E-06
200802  3.725702E-06  1.139032E-06
200803  3.601425E-06  2.790155E-07
200804  3.267989E-06 -1.151398E-06
200805  2.845675E-06 -3.224063E-06
200806  2.370371E-06 -5.879136E-06
200807  1.752191E-06 -8.863984E-06
200808  8.250840E-07 -1.170009E-05
200809 -5.344572E-07 -1.372134E-05
200810 -2.285937E-06 -1.420862E-05
200811 -4.169041E-06 -1.260085E-05
200812 -5.745386E-06 -8.719720E-06
200813 -6.522857E-06 -2.930694E-06
200814 -6.116764E-06  3.821113E-06
200815 -4.395009E-06  1.013129E-05
200816 -1.563014E-06  1.441431E-05
200817  1.840917E-06  1.530996E-05
200818  5.049311E-06  1.214364E-05
200819  7.250933E-06  5.311258E-06
200820  7.810452E-06 -3.577448E-06
200821  6.455680E-06 -1.193882E-05
200822  3.371750E-06 -1.687479E-05
200823 -8.256892E-07 -1.612574E-05
200824 -5.223234E-06 -9.034557E-06
200825 -8.803399E-06  2.835316E-06
200826 -1.064936E-05  1.573009E-05
200827 -1.012481E-05  2.449932E-05
200828 -7.008165E-06  2.400370E-05
200829 -1.564691E-06  1.074178E-05
200830  5.464377E-06 -1.582451E-05
200831  1.297495E-05 -5.270796E-05
200832  1.971466E-05 -9.383195E-05
200833  2.456018E-05 -1.313838E-04
200834  2.678042E-05 -1.577188E-04
200835  2.619699E-05 -1.672845E-04
200836  2.318146E-05 -1.580370E-04
200837  1.849252E-05 -1.319643E-04
200838  1.302324E-05 -9.457800E-05
200839  7.563851E-06 -5.350357E-05
200840  2.668100E-06 -1.655101E-05
200841 -1.349941E-06  1.020220E-05
200842 -4.330733E-06  2.377223E-05
200843 -6.174444E-06  2.469371E-05
200844 -6.801806E-06  1.642801E-05
200845 -6.187402E-06  4.011346E-06
200846 -4.433162E-06 -7.561717E-06
200847 -1.828959E-06 -1.468384E-05
200848  1.141589E-06 -1.583985E-05
200849  3.865246E-06 -1.158053E-05
200850  5.723537E-06 -3.931635E-06
200851  6.249381E-06  4.462271E-06
200852  5.272164E-06  1.116481E-05
200853  2.997106E-06  1.454370E-05
200854 -2.618625E-08  1.404500E-05
200855 -3.053627E-06  1.014820E-05
200856 -5.369337E-06  4.073479E-06
200857 -6.497553E-06 -2.642045E-06
200858 -6.323103E-06 -8.567453E-06
200859 -5.082444E-06 -1.269098E-05
200860 -3.243753E-06 -1.456509E-05
200861 -1.334659E-06 -1.428487E-05
200862  2.155763E-07 -1.234507E-05
200863  1.172308E-06 -9.440495E-06
200864  1.515195E-06 -6.270743E-06
200865  2.151130E-06 -8.200429E-07
200866  1.839460E-06  1.496744E-06
200867  1.538688E-06  3.052903E-06
200868  1.449733E-06  3.967873E-06
200869  1.684814E-06  4.447127E-06
200870  2.243044E-06  4.695218E-06
200871  3.007112E-06  4.843260E-06
200872  3.773990E-06  4.909823E-06
200873  4.325621E-06  4.805903E-06
200874  4.519032E-06  4.376844E-06
200875  4.347752E-06  3.457134E-06
200876  3.928234E-06  1.914785E-06
200877  3.408162E-06 -3.161538E-07
200878  2.851674E-06 -3.195753E-06
200879  2.181890E-06 -6.519718E-06
200880  1.227465E-06 -9.866850E-06
200881 -1.500831E-07 -1.260602E-05
200882 -1.924941E-06 -1.400387E-05
200883 -3.848144E-06 -1.342320E-05
200884 -5.492326E-06 -1.055025E-05
200885 -6.377809E-06 -5.571491E-06
200886 -6.129045E-06  7.590044E-07
200887 -4.610560E-06  7.190615E-06
200888 -2.005038E-06  1.219432E-05
200889  1.190408E-06  1.432026E-05
200890  4.259526E-06  1.264829E-05
200891  6.440444E-06  7.218348E-06
200892  7.133235E-06 -7.338596E-07
200893  6.074976E-06 -8.907588E-06
200894  3.421871E-06 -1.450751E-05
200895 -2.846379E-07 -1.515476E-05
200896 -4.243770E-06 -9.865811E-06
200897 -7.562440E-06  2.660816E-07
200898 -9.418903E-06  1.200800E-05
200899 -9.204344E-06  2.067969E-05
200900 -6.642085E-06  2.146818E-05
200901 -1.878573E-06  1.097848E-05
200902  4.481662E-06 -1.149286E-05
200903  1.143863E-05 -4.341129E-05
200904  1.778159E-05 -7.939949E-05
200905  2.237113E-05 -1.124791E-04
200906  2.443636E-05 -1.358004E-04
200907  2.377633E-05 -1.443721E-04
200908  2.078016E-05 -1.363278E-04
200909  1.625484E-05 -1.134034E-04
200910  1.113709E-05 -8.050516E-05
200911  6.216991E-06 -4.446868E-05
200912  1.985572E-06 -1.232023E-05
200913 -1.355210E-06  1.049018E-05
200914 -3.769769E-06  2.137261E-05
200915 -5.252578E-06  2.100699E-05
200916 -5.762918E-06  1.276984E-05
200917 -5.254995E-06  1.414507E-06
200918 -3.766278E-06 -8.496373E-06
200919 -1.501066E-06 -1.385837E-05
200920  1.140105E-06 -1.362444E-05
200921  3.604422E-06 -8.672306E-06
200922  5.298651E-06 -1.145322E-06
200923  5.746191E-06  6.408110E-06
200924  4.747097E-06  1.180721E-05
200925  2.479696E-06  1.374963E-05
200926 -5.149276E-07  1.200080E-05
200927 -3.483009E-06  7.283010E-06
200928 -5.694904E-06  9.425009E-07
200929 -6.672966E-06 -5.485961E-06
200930 -6.318027E-06 -1.068451E-05
200931 -4.893598E-06 -1.382294E-05
200932 -2.892684E-06 -1.465003E-05
200933 -8.552470E-07 -1.342380E-05
200934  7.912746E-07 -1.073929E-05
200935  1.821902E-06 -7.322838E-06
200936  2.224658E-06 -3.849781E-06
200937  2.498197E-06  1.256077E-06
200938  2.230826E-06  3.352085E-06
200939  1.943617E-06  4.729944E-06
200940  1.825715E-06  5.537859E-06
200941  1.998855E-06  5.988615E-06
200942  2.488076E-06  6.278771E-06
200943  3.203161E-06  6.519556E-06
200944  3.952437E-06  6.700586E-06
200945  4.506524E-06  6.702677E-06
200946  4.697123E-06  6.353763E-06
200947  4.496833E-06  5.494943E-06
200948  4.020176E-06  4.020304E-06
200949  3.432716E-06  1.885869E-06
200950  2.825038E-06 -8.793034E-07
200951  2.142440E-06 -4.127594E-06
200952  1.225627E-06 -7.526971E-06
200953 -6.161303E-08 -1.053595E-05
200954 -1.701177E-06 -1.247690E-05
200955 -3.466127E-06 -1.270904E-05
200956 -4.969334E-06 -1.084150E-05
200957 -5.784909E-06 -6.908416E-06
200958 -5.588199E-06 -1.453113E-06
200959 -4.269395E-06  4.499280E-06
200960 -1.994576E-06  9.592204E-06
200961  8.009605E-07  1.242399E-05
200962  3.495592E-06  1.195525E-05
200963  5.432252E-06  7.948020E-06
200964  6.099327E-06  1.264417E-06
200965  5.279205E-06 -6.166548E-06
200966  3.108236E-06 -1.181548E-05
200967  3.305649E-08 -1.337891E-05
200968 -3.302347E-06 -9.710489E-06
200969 -6.183441E-06 -1.502751E-06
200970 -7.930964E-06  8.596852E-06
200971 -7.990213E-06  1.657434E-05
200972 -6.028750E-06  1.821911E-05
200973 -2.049087E-06  1.050962E-05
200974  3.520262E-06 -7.264079E-06
200975  9.823304E-06 -3.304250E-05
200976  1.571918E-05 -6.236782E-05
200977  2.006176E-05 -8.946064E-05
200978  2.203022E-05 -1.086656E-04
200979  2.137737E-05 -1.158566E-04
200980  1.848231E-05 -1.094511E-04
200981  1.417911E-05 -9.080598E-05
200982  9.440035E-06 -6.390698E-05
200983  5.060414E-06 -3.440269E-05
200984  1.482010E-06 -8.186560E-06
200985 -1.192577E-06  1.011704E-05
200986 -3.047340E-06  1.831572E-05
200987 -4.177816E-06  1.706921E-05
200988 -4.596165E-06  9.410712E-06
200989 -4.249796E-06 -4.456275E-07
200990 -3.115414E-06 -8.543507E-06
200991 -1.299959E-06 -1.233197E-05
200992  9.055928E-07 -1.116172E-05
200993  3.042708E-06 -6.085316E-06
200994  4.573363E-06  8.125682E-07
200995  5.026418E-06  7.225127E-06
200996  4.165625E-06  1.130527E-05
200997  2.113092E-06  1.208052E-05
200998 -6.437351E-07  9.569080E-06
200999 -3.390401E-06  4.628048E-06
201000 -5.422471E-06 -1.390802E-06
201001 -6.278032E-06 -7.062155E-06
201002 -5.865556E-06 -1.125538E-05
201003 -4.445096E-06 -1.335245E-05
201004 -2.492413E-06 -1.328542E-05
201005 -5.190907E-07 -1.142814E-05
201006  1.077964E-06 -8.410586E-06
201007  2.094922E-06 -4.924177E-06
201008  2.523069E-06 -1.565834E-06
201009  2.388497E-06  2.597215E-06
201010  2.206111E-06  4.320730E-06
201011  1.969683E-06  5.416467E-06
201012  1.845424E-06  6.045030E-06
201013  1.958779E-06  6.413481E-06
201014  2.360664E-06  6.703900E-06
201015  2.993832E-06  7.007340E-06
201016  3.688747E-06  7.287322E-06
201017  4.216946E-06  7.397401E-06
201018  4.393091E-06  7.150675E-06
201019  4.168661E-06  6.399811E-06
201020  3.647669E-06  5.075461E-06
201021  3.002654E-06  3.171452E-06
201022  2.346279E-06  7.218833E-07
201023  1.653976E-06 -2.174808E-06
201024  7.971062E-07 -5.284642E-06
201025 -3.376412E-07 -8.184984E-06
201026 -1.728105E-06 -1.030183E-05
201027 -3.173955E-06 -1.105023E-05
201028 -4.350312E-06 -1.002179E-05
201029 -4.919363E-06 -7.143694E-06
201030 -4.644785E-06 -2.765408E-06
201031 -3.472571E-06  2.336244E-06
201032 -1.565947E-06  7.043174E-06
201033  7.094345E-07  1.010320E-05
201034  2.855221E-06  1.047358E-05
201035  4.361477E-06  7.738314E-06
201036  4.849423E-06  2.436517E-06
201037  4.181255E-06 -3.897655E-06
201038  2.488937E-06 -9.101915E-06
201039  1.176236E-07 -1.110451E-05
201040 -2.470872E-06 -8.760195E-06
201041 -4.776254E-06 -2.473899E-06
201042 -6.297475E-06  5.678013E-06
201043 -6.560944E-06  1.244880E-05
201044 -5.191443E-06  1.442055E-05
201045 -2.045108E-06  9.161054E-06
201046  2.641738E-06 -3.885079E-06
201047  8.182938E-06 -2.309375E-05
201048  1.353690E-05 -4.503278E-05
201049  1.757614E-05 -6.534321E-05
201050  1.944372E-05 -7.982377E-05
201051  1.884385E-05 -8.541705E-05
201052  1.612824E-05 -8.089613E-05
201053  1.213265E-05 -6.715233E-05
201054  7.841660E-06 -4.703947E-05
201055  4.043327E-06 -2.476234E-05
201056  1.130553E-06 -4.872538E-06
201057 -8.846426E-07  8.921063E-06
201058 -2.196840E-06  1.477109E-05
201059 -2.999854E-06  1.315234E-05
201060 -3.362767E-06  6.546130E-06
201061 -3.231915E-06 -1.547584E-06
201062 -2.523300E-06 -7.863094E-06
201063 -1.236162E-06 -1.037774E-05
201064  4.681847E-07 -8.726768E-06
201065  2.249647E-06 -3.984253E-06
201066  3.645293E-06  1.963831E-06
201067  4.196932E-06  7.139121E-06
201068  3.621743E-06  1.004568E-05
201069  1.957039E-06  9.995652E-06
201070 -4.045449E-07  7.173723E-06
201071 -2.830172E-06  2.470734E-06
201072 -4.670359E-06 -2.848075E-06
201073 -5.485841E-06 -7.532529E-06
201074 -5.174759E-06 -1.066905E-05
201075 -3.957806E-06 -1.184475E-05
201076 -2.252106E-06 -1.113792E-05
201077 -5.064016E-07 -8.983956E-06
201078  9.325976E-07 -5.990907E-06
201079  1.885340E-06 -2.767993E-06
201080  2.336368E-06  1.964898E-07
201081  1.843465E-06  3.193141E-06
201082  1.799026E-06  4.502687E-06
201083  1.664687E-06  5.301735E-06
201084  1.576292E-06  5.746279E-06
201085  1.657261E-06  6.025732E-06
201086  1.980377E-06  6.302362E-06
201087  2.521104E-06  6.647602E-06
201088  3.137678E-06  7.002953E-06
201089  3.613255E-06  7.199460E-06
201090  3.756024E-06  7.039204E-06
201091  3.500022E-06  6.390151E-06
201092  2.932864E-06  5.226062E-06
201093  2.223395E-06  3.590527E-06
201094  1.500509E-06  1.539366E-06
201095  7.760554E-07 -8.620311E-07
201096 -3.019039E-08 -3.470217E-06
201097 -9.876729E-07 -5.989574E-06
201098 -2.056369E-06 -7.976297E-06
201099 -3.062682E-06 -8.943601E-06
201100 -3.758944E-06 -8.516617E-06
201101 -3.921472E-06 -6.565552E-06
201102 -3.433223E-06 -3.282982E-06
201103 -2.324502E-06  7.910924E-07
201104 -7.741883E-07  4.801387E-06
201105  9.192151E-07  7.708374E-06
201106  2.396080E-06  8.558773E-06
201107  3.323293E-06  6.858351E-06
201108  3.490398E-06  2.898645E-06
201109  2.870930E-06 -2.159722E-06
201110  1.612621E-06 -6.570047E-06
201111 -3.517182E-08 -8.603022E-06
201112 -1.800849E-06 -7.255284E-06
201113 -3.417355E-06 -2.767007E-06
201114 -4.588644E-06  3.298324E-06
201115 -4.953335E-06  8.493427E-06
201116 -4.124049E-06  1.030773E-05
201117 -1.833598E-06  7.054071E-06
201118  1.866891E-06 -1.531027E-06
201119  6.476654E-06 -1.419290E-05
201120  1.109150E-05 -2.855492E-05
201121  1.465400E-05 -4.178946E-05
201122  1.631914E-05 -5.129353E-05
201123  1.576961E-05 -5.519520E-05
201124  1.332565E-05 -5.266450E-05
201125  9.792261E-06 -4.407653E-05
201126  6.119684E-06 -3.103213E-05
201127  3.046334E-06 -1.615128E-05
201128  8.916717E-07 -2.541571E-06
201129 -4.267745E-07  7.023482E-06
201130 -1.204085E-06  1.096882E-05
201131 -1.718182E-06  9.446025E-06
201132 -2.083362E-06  4.234094E-06
201133 -2.236125E-06 -1.986333E-06
201134 -2.022728E-06 -6.661822E-06
201135 -1.322719E-06 -8.232546E-06
201136 -1.533110E-07 -6.495373E-06
201137  1.277433E-06 -2.413159E-06
201138  2.590055E-06  2.424832E-06
201139  3.338332E-06  6.406881E-06
201140  3.179349E-06  8.365445E-06
201141  2.039060E-06  7.830386E-06
201142  1.802359E-07  5.066096E-06
201143 -1.879317E-06  9.139439E-07
201144 -3.564515E-06 -3.509340E-06
201145 -4.455982E-06 -7.159216E-06
201146 -4.417078E-06 -9.336133E-06
201147 -3.592095E-06 -9.801414E-06
201148 -2.302695E-06 -8.732124E-06
201149 -9.087939E-07 -6.574392E-06
201150  3.034463E-07 -3.871641E-06
201151  1.174814E-06 -1.123525E-06
201152  1.670139E-06  1.300409E-06
201153  9.050845E-07  3.132042E-06
201154  1.052634E-06  4.054935E-06
201155  1.074711E-06  4.597530E-06
201156  1.072404E-06  4.896369E-06
201157  1.161804E-06  5.112939E-06
201158  1.431109E-06  5.384179E-06
201159  1.883939E-06  5.760991E-06
201160  2.407824E-06  6.166087E-06
201161  2.806211E-06  6.413971E-06
201162  2.892090E-06  6.301938E-06
201163  2.588341E-06  5.717813E-06
201164  1.963150E-06  4.682340E-06
201165  1.172736E-06  3.295927E-06
201166  3.564311E-07  1.649618E-06
201167 -4.327073E-07 -2.058736E-07
201168 -1.211154E-06 -2.201472E-06
201169 -1.985823E-06 -4.163336E-06
201170 -2.685814E-06 -5.788969E-06
201171 -3.162361E-06 -6.717265E-06
201172 -3.254794E-06 -6.646720E-06
201173 -2.872554E-06 -5.436329E-06
201174 -2.042351E-06 -3.165014E-06
201175 -9.040541E-07 -1.652053E-07
201176  3.277673E-07  2.968257E-06
201177  1.413130E-06  5.442267E-06
201178  2.137563E-06  6.461466E-06
201179  2.365001E-06  5.540721E-06
201180  2.081425E-06  2.803130E-06
201181  1.400186E-06 -9.221848E-07
201182  5.079233E-07 -4.318386E-06
201183 -4.268410E-07 -6.069826E-06
201184 -1.317544E-06 -5.422669E-06
201185 -2.137517E-06 -2.560180E-06
201186 -2.818501E-06  1.397825E-06
201187 -3.150757E-06  4.798529E-06
201188 -2.785370E-06  6.098446E-06
201189 -1.379909E-06  4.454655E-06
201190  1.173170E-06 -5.393712E-09
201191  4.570061E-06 -6.334011E-06
201192  8.098406E-06 -1.320164E-05
201193  1.085573E-05 -1.935080E-05
201194  1.209703E-05 -2.383753E-05
201195  1.154336E-05 -2.602686E-05
201196  9.493399E-06 -2.550416E-05
201197  6.679367E-06 -2.210609E-05
201198  3.941709E-06 -1.612824E-05
201199  1.889529E-06 -8.547897E-06
201200  7.111535E-07 -9.944706E-07
201201  2.062022E-07  4.681943E-06
201202 -1.347657E-08  7.115134E-06
201203 -2.844567E-07  6.035614E-06
201204 -7.358728E-07  2.423077E-06
201205 -1.266882E-06 -1.917684E-06
201206 -1.631831E-06 -5.136197E-06
201207 -1.573970E-06 -6.062043E-06
201208 -9.556615E-07 -4.544699E-06
201209  1.514794E-07 -1.332576E-06
201210  1.449422E-06  2.344562E-06
201211  2.495155E-06  5.249390E-06
201212  2.869251E-06  6.502058E-06
201213  2.361965E-06  5.780397E-06
201214  1.077329E-06  3.351923E-06
201215 -6.069012E-07 -5.594789E-08
201216 -2.201009E-06 -3.514095E-06
201217 -3.296399E-06 -6.191157E-06
201218 -3.694827E-06 -7.579650E-06
201219 -3.429354E-06 -7.573125E-06
201220 -2.695237E-06 -6.398714E-06
201221 -1.745019E-06 -4.470392E-06
201222 -8.005174E-07 -2.238071E-06
201223 -8.442344E-09 -7.973036E-08
201224  5.628062E-07  1.750959E-06
