Mesh2HRTF 0.1.2
    1
    1  1225
200000  4.038100E-06  3.836285E-05
200001  4.603042E-06  3.933096E-05
200002  5.271088E-06  4.022419E-05
200003  5.862248E-06  4.089583E-05
200004  6.378765E-06  4.136206E-05
200005  6.824418E-06  4.164327E-05
200006  7.204155E-06  4.176282E-05
200007  7.523714E-06  4.174592E-05
200008  7.789294E-06  4.161853E-05
200009  8.007256E-06  4.140650E-05
200010  8.183869E-06  4.113478E-05
200011  8.325105E-06  4.082681E-05
200012  8.436487E-06  4.050404E-05
200013  8.522980E-06  4.018564E-05
200014  8.588919E-06  3.988831E-05
200015  8.637974E-06  3.962612E-05
200016  8.673132E-06  3.941052E-05
200017  8.696700E-06  3.925038E-05
200018  8.710317E-06  3.915193E-05
200019  8.714958E-06  3.911894E-05
200020  8.710948E-06  3.915264E-05
200021  8.697967E-06  3.925177E-05
200022  8.675040E-06  3.941259E-05
200023  8.640534E-06  3.962883E-05
200024  8.592141E-06  3.989162E-05
200025  8.526874E-06  4.018950E-05
200026  8.441063E-06  4.050838E-05
200027  8.330368E-06  4.083158E-05
200028  8.189817E-06  4.113992E-05
200029  8.013882E-06  4.141194E-05
200030  7.796583E-06  4.162420E-05
200031  7.531641E-06  4.175177E-05
200032  7.212687E-06  4.176880E-05
200033  6.833510E-06  4.164932E-05
200034  6.388361E-06  4.136813E-05
200035  5.872287E-06  4.090187E-05
200036  5.281498E-06  4.023018E-05
200037  4.613742E-06  3.933685E-05
200038  3.868676E-06  3.821110E-05
200039  3.048196E-06  3.684867E-05
200040  2.156725E-06  3.525284E-05
200041  1.201408E-06  3.343527E-05
200042  1.922130E-07  3.141646E-05
200043 -8.580827E-07  2.922589E-05
200044 -1.934050E-06  2.690185E-05
200045 -3.017893E-06  2.449064E-05
200046 -4.089877E-06  2.204552E-05
200047 -5.128878E-06  1.962506E-05
200048 -6.113033E-06  1.729121E-05
200049 -7.020487E-06  1.510702E-05
200050 -7.830165E-06  1.313416E-05
200051 -8.522564E-06  1.143035E-05
200052 -9.080517E-06  1.004690E-05
200053 -9.489870E-06  9.026409E-06
200054 -9.740073E-06  8.400801E-06
200055 -9.824608E-06  8.189856E-06
200056 -9.741265E-06  8.400277E-06
200057 -9.492237E-06  9.025368E-06
200058 -9.084026E-06  1.004536E-05
200059 -8.527171E-06  1.142832E-05
200060 -7.835808E-06  1.313167E-05
200061 -7.027096E-06  1.510411E-05
200062 -6.120526E-06  1.728790E-05
200063 -5.137166E-06  1.962138E-05
200064 -4.098865E-06  2.204150E-05
200065 -3.027481E-06  2.448631E-05
200066 -1.944135E-06  2.689724E-05
200067 -8.685613E-07  2.922103E-05
200068  1.814457E-07  3.141137E-05
200069  1.190455E-06  3.342998E-05
200070  2.145690E-06  3.524737E-05
200071  3.037178E-06  3.684302E-05
200072  3.857771E-06  3.820532E-05
200073  5.947213E-06  4.097870E-05
200074  6.755838E-06  4.131270E-05
200075  7.329740E-06  4.099064E-05
200076  7.702324E-06  4.012954E-05
200077  7.908631E-06  3.884838E-05
200078  7.983281E-06  3.726255E-05
200079  7.958816E-06  3.547944E-05
200080  7.864482E-06  3.359534E-05
200081  7.725459E-06  3.169339E-05
200082  7.562510E-06  2.984272E-05
200083  7.391995E-06  2.809857E-05
200084  7.226169E-06  2.650307E-05
200085  7.073688E-06  2.508671E-05
200086  6.940230E-06  2.387020E-05
200087  6.829174E-06  2.286644E-05
200088  6.742254E-06  2.208263E-05
200089  6.680154E-06  2.152211E-05
200090  6.642999E-06  2.118601E-05
200091  6.630725E-06  2.107450E-05
200092  6.643300E-06  2.118752E-05
200093  6.680801E-06  2.152507E-05
200094  6.743335E-06  2.208697E-05
200095  6.830811E-06  2.287203E-05
200096  6.942573E-06  2.387687E-05
200097  7.076903E-06  2.509429E-05
200098  7.230428E-06  2.651134E-05
200099  7.397460E-06  2.810732E-05
200100  7.569322E-06  2.985173E-05
200101  7.733728E-06  3.170244E-05
200102  7.874274E-06  3.360425E-05
200103  7.970152E-06  3.548804E-05
200104  7.996131E-06  3.727070E-05
200105  7.922920E-06  3.885598E-05
200106  7.717934E-06  4.013652E-05
200107  7.346518E-06  4.099698E-05
200108  6.773610E-06  4.131840E-05
200109  5.965791E-06  4.098381E-05
200110  4.893629E-06  3.988471E-05
200111  3.534192E-06  3.792842E-05
200112  1.873533E-06  3.504575E-05
200113 -9.101985E-08  3.119863E-05
200114 -2.348977E-06  2.638700E-05
200115 -4.875396E-06  2.065447E-05
200116 -7.630345E-06  1.409209E-05
200117 -1.055922E-05  6.839475E-06
200118 -1.359403E-05 -9.169017E-07
200119 -1.665551E-05 -8.948769E-06
200120 -1.965620E-05 -1.699439E-05
200121 -2.250413E-05 -2.476994E-05
200122 -2.510705E-05 -3.198339E-05
200123 -2.737687E-05 -3.835004E-05
200124 -2.923415E-05 -4.360863E-05
200125 -3.061216E-05 -4.753684E-05
200126 -3.146048E-05 -4.996500E-05
200127 -3.174770E-05 -5.078672E-05
200128 -3.146314E-05 -4.996575E-05
200129 -3.061740E-05 -4.753830E-05
200130 -2.924185E-05 -4.361072E-05
200131 -2.738684E-05 -3.835267E-05
200132 -2.511907E-05 -3.198644E-05
200133 -2.251795E-05 -2.477328E-05
200134 -1.967155E-05 -1.699791E-05
200135 -1.667215E-05 -8.952365E-06
200136 -1.361171E-05 -9.204993E-07
200137 -1.057773E-05  6.835919E-06
200138 -7.649475E-06  1.408858E-05
200139 -4.894963E-06  2.065099E-05
200140 -2.368807E-06  2.638348E-05
200141 -1.109472E-07  3.119500E-05
200142  1.853675E-06  3.504190E-05
200143  3.514577E-06  3.792425E-05
200144  4.874439E-06  3.988011E-05
200145  7.202807E-06  4.043038E-05
200146  7.463921E-06  3.851719E-05
200147  7.366921E-06  3.568598E-05
200148  7.007186E-06  3.222208E-05
200149  6.474094E-06  2.838711E-05
200150  5.846410E-06  2.440971E-05
200151  5.189269E-06  2.047983E-05
200152  4.552762E-06  1.674628E-05
200153  3.971965E-06  1.331708E-05
200154  3.468124E-06  1.026203E-05
200155  3.050663E-06  7.617148E-06
200156  2.719663E-06  5.390320E-06
200157  2.468497E-06  3.567717E-06
200158  2.286361E-06  2.120509E-06
200159  2.160533E-06  1.011441E-06
200160  2.078257E-06  2.009155E-07
200161  2.028221E-06 -3.476996E-07
200162  2.001646E-06 -6.637638E-07
200163  1.993015E-06 -7.661980E-07
200164  2.000487E-06 -6.615531E-07
200165  2.026031E-06 -3.433617E-07
200166  2.075290E-06  2.072141E-07
200167  2.157155E-06  1.019453E-06
200168  2.283027E-06  2.129912E-06
200169  2.465726E-06  3.578122E-06
200170  2.718004E-06  5.401290E-06
200171  3.050650E-06  7.628218E-06
200172  3.470237E-06  1.027273E-05
200173  3.976587E-06  1.332697E-05
200174  4.560144E-06  1.675497E-05
200175  5.199511E-06  2.048698E-05
200176  5.859454E-06  2.441509E-05
200177  6.489729E-06  2.839055E-05
200178  7.025080E-06  3.222351E-05
200179  7.386659E-06  3.568542E-05
200180  7.485048E-06  3.851475E-05
200181  7.224877E-06  4.042624E-05
200182  6.510873E-06  4.112394E-05
200183  5.254969E-06  4.031783E-05
200184  3.383999E-06  3.774376E-05
200185  8.473298E-07  3.318574E-05
200186 -2.376209E-06  2.649929E-05
200187 -6.272777E-06  1.763407E-05
200188 -1.078993E-05  6.653451E-06
200189 -1.583542E-05 -6.251210E-06
200190 -2.127872E-05 -2.075421E-05
200191 -2.695534E-05 -3.639889E-05
200192 -3.267370E-05 -5.261223E-05
200193 -3.822443E-05 -6.873078E-05
200194 -4.339130E-05 -8.403705E-05
200195 -4.796327E-05 -9.780404E-05
200196 -5.174674E-05 -1.093443E-04
200197 -5.457708E-05 -1.180596E-04
200198 -5.632874E-05 -1.234854E-04
200199 -5.692303E-05 -1.253278E-04
200200 -5.633309E-05 -1.234859E-04
200201 -5.458557E-05 -1.180604E-04
200202 -5.175896E-05 -1.093453E-04
200203 -4.797868E-05 -9.780488E-05
200204 -4.340925E-05 -8.403747E-05
200205 -3.824428E-05 -6.873046E-05
200206 -3.269485E-05 -5.261091E-05
200207 -2.697729E-05 -3.639638E-05
200208 -2.130110E-05 -2.075042E-05
200209 -1.585799E-05 -6.246161E-06
200210 -1.081257E-05  6.659614E-06
200211 -6.295470E-06  1.764109E-05
200212 -2.398970E-06  2.650684E-05
200213  8.244802E-07  3.319341E-05
200214  3.361086E-06  3.775114E-05
200215  5.232098E-06  4.032449E-05
200216  6.488249E-06  4.112951E-05
200217  7.513560E-06  3.525501E-05
200218  6.742281E-06  3.029817E-05
200219  5.614840E-06  2.459804E-05
200220  4.300925E-06  1.858804E-05
200221  2.946292E-06  1.263091E-05
200222  1.665942E-06  7.012395E-06
200223  5.411468E-07  1.940274E-06
200224 -3.799288E-07 -2.452225E-06
200225 -1.078724E-06 -6.099797E-06
200226 -1.560768E-06 -8.995926E-06
200227 -1.849286E-06 -1.118214E-05
200228 -1.978654E-06 -1.273613E-05
200229 -1.988602E-06 -1.375966E-05
200230 -1.919461E-06 -1.436675E-05
200231 -1.808680E-06 -1.467277E-05
200232 -1.688509E-06 -1.478495E-05
200233 -1.584659E-06 -1.479457E-05
200234 -1.515648E-06 -1.477095E-05
200235 -1.492574E-06 -1.475735E-05
200236 -1.519061E-06 -1.476846E-05
200237 -1.591269E-06 -1.478966E-05
200238 -1.697884E-06 -1.477780E-05
200239 -1.820172E-06 -1.466367E-05
200240 -1.932224E-06 -1.435612E-05
200241 -2.001625E-06 -1.374805E-05
200242 -1.990824E-06 -1.272422E-05
200243 -1.859469E-06 -1.117068E-05
200244 -1.567920E-06 -8.985681E-06
200245 -1.081983E-06 -6.091471E-06
200246 -3.787335E-07 -2.446432E-06
200247  5.470234E-07  1.943077E-06
200248  1.676346E-06  7.011893E-06
200249  2.960718E-06  1.262693E-05
200250  4.318576E-06  1.858052E-05
200251  5.634736E-06  2.458702E-05
200252  6.763384E-06  3.028378E-05
200253  7.534904E-06  3.523746E-05
200254  7.766363E-06  3.895710E-05
200255  7.274959E-06  4.091509E-05
200256  5.893382E-06  4.057664E-05
200257  3.485731E-06  3.743803E-05
200258 -3.744771E-08  3.107213E-05
200259 -4.706428E-06  2.117867E-05
200260 -1.048309E-05  7.634887E-06
200261 -1.725620E-05 -9.459370E-06
200262 -2.484186E-05 -2.974847E-05
200263 -3.298935E-05 -5.260662E-05
200264 -4.139224E-05 -7.714754E-05
200265 -4.970434E-05 -1.022617E-04
200266 -5.755943E-05 -1.266805E-04
200267 -6.459348E-05 -1.490645E-04
200268 -7.046787E-05 -1.681076E-04
200269 -7.489169E-05 -1.826460E-04
200270 -7.764138E-05 -1.917621E-04
200271 -7.857614E-05 -1.948681E-04
200272 -7.764772E-05 -1.917616E-04
200273 -7.490385E-05 -1.826448E-04
200274 -7.048488E-05 -1.681052E-04
200275 -6.461405E-05 -1.490606E-04
200276 -5.758214E-05 -1.266745E-04
200277 -4.972784E-05 -1.022531E-04
200278 -4.141538E-05 -7.713598E-05
200279 -3.301132E-05 -5.259185E-05
200280 -2.486227E-05 -2.973053E-05
200281 -1.727504E-05 -9.438517E-06
200282 -1.050070E-05  7.658114E-06
200283 -4.723375E-06  2.120354E-05
200284 -5.439259E-08  3.109777E-05
200285  3.468179E-06  3.746353E-05
200286  5.874794E-06  4.060115E-05
200287  7.255176E-06  4.093784E-05
200288  7.745553E-06  3.897749E-05
200289  6.524513E-06  2.515248E-05
200290  4.672537E-06  1.779288E-05
200291  2.607163E-06  1.028730E-05
200292  5.582343E-07  3.100584E-06
200293 -1.293320E-06 -3.418457E-06
200294 -2.823305E-06 -9.031472E-06
200295 -3.965023E-06 -1.360106E-05
200296 -4.703757E-06 -1.707909E-05
200297 -5.066660E-06 -1.949367E-05
200298 -5.110178E-06 -2.093507E-05
200299 -4.907218E-06 -2.154081E-05
200300 -4.535841E-06 -2.148018E-05
200301 -4.070627E-06 -2.093887E-05
200302 -3.577086E-06 -2.010450E-05
200303 -3.108893E-06 -1.915387E-05
200304 -2.707322E-06 -1.824265E-05
200305 -2.402071E-06 -1.749779E-05
200306 -2.212747E-06 -1.701258E-05
200307 -2.150359E-06 -1.684384E-05
200308 -2.218383E-06 -1.701060E-05
200309 -2.413128E-06 -1.749378E-05
200310 -2.723335E-06 -1.823658E-05
200311 -3.129087E-06 -1.914583E-05
200312 -3.600333E-06 -2.009481E-05
200313 -4.095457E-06 -2.092814E-05
200314 -4.560507E-06 -2.146930E-05
200315 -4.929846E-06 -2.153086E-05
200316 -5.128959E-06 -2.092713E-05
200317 -5.080065E-06 -1.948871E-05
200318 -4.710739E-06 -1.707783E-05
200319 -3.965160E-06 -1.360393E-05
200320 -2.816869E-06 -9.038609E-06
200321 -1.281243E-06 -3.429820E-06
200322  5.744802E-07  3.085098E-06
200323  2.625769E-06  1.026775E-05
200324  4.691599E-06  1.776924E-05
200325  6.542290E-06  2.512465E-05
200326  7.914131E-06  3.175403E-05
200327  8.529558E-06  3.697355E-05
200328  8.120914E-06  4.002072E-05
200329  6.455402E-06  4.009695E-05
200330  3.358828E-06  3.642905E-05
200331 -1.264008E-06  2.834808E-05
200332 -7.414003E-06  1.538022E-05
200333 -1.498876E-05 -2.659945E-06
200334 -2.378078E-05 -2.558674E-05
200335 -3.348324E-05 -5.278613E-05
200336 -4.370355E-05 -8.319776E-05
200337 -5.398421E-05 -1.153470E-04
200338 -6.382998E-05 -1.474310E-04
200339 -7.273980E-05 -1.774553E-04
200340 -8.024110E-05 -2.034079E-04
200341 -8.592350E-05 -2.234530E-04
200342 -8.946922E-05 -2.361176E-04
200343 -9.067704E-05 -2.404484E-04
200344 -8.947776E-05 -2.361154E-04
200345 -8.593956E-05 -2.234483E-04
200346 -8.026284E-05 -2.034003E-04
200347 -7.276483E-05 -1.774441E-04
200348 -6.385572E-05 -1.474158E-04
200349 -5.400833E-05 -1.153270E-04
200350 -4.372422E-05 -8.317255E-05
200351 -3.349939E-05 -5.275564E-05
200352 -2.379219E-05 -2.555129E-05
200353 -1.499602E-05 -2.620292E-06
200354 -7.418316E-06  1.542288E-05
200355 -1.266967E-06  2.839227E-05
200356  3.355521E-06  3.647319E-05
200357  6.450217E-06  4.013954E-05
200358  8.112729E-06  4.006051E-05
200359  8.517832E-06  3.700971E-05
200360  7.898987E-06  3.178609E-05
200361  4.550510E-06  1.217496E-05
200362  1.998372E-06  4.190403E-06
200363 -5.470464E-07 -3.175902E-06
200364 -2.828437E-06 -9.586801E-06
200365 -4.661863E-06 -1.483581E-05
200366 -5.944846E-06 -1.882433E-05
200367 -6.653463E-06 -2.154187E-05
200368 -6.829850E-06 -2.304997E-05
200369 -6.563221E-06 -2.346882E-05
200370 -5.968449E-06 -2.296477E-05
200371 -5.166202E-06 -2.173732E-05
200372 -4.267610E-06 -2.000488E-05
200373 -3.364865E-06 -1.798983E-05
200374 -2.527595E-06 -1.590412E-05
200375 -1.803723E-06 -1.393703E-05
200376 -1.223090E-06 -1.224647E-05
200377 -8.022289E-07 -1.095444E-05
200378 -5.490564E-07 -1.014608E-05
200379 -4.666966E-07 -9.871090E-06
200380 -5.559171E-07 -1.014560E-05
200381 -8.159216E-07 -1.095310E-05
200382 -1.243428E-06 -1.224370E-05
200383 -1.830159E-06 -1.393237E-05
200384 -2.559041E-06 -1.589753E-05
200385 -3.399606E-06 -1.798187E-05
200386 -4.303370E-06 -1.999666E-05
200387 -5.200361E-06 -2.173035E-05
200388 -5.998361E-06 -2.296058E-05
200389 -6.586582E-06 -2.346865E-05
200390 -6.845034E-06 -2.305451E-05
200391 -6.659772E-06 -2.155117E-05
200392 -5.942632E-06 -1.883790E-05
200393 -4.652486E-06 -1.485291E-05
200394 -2.814080E-06 -9.606785E-06
200395 -5.304027E-07 -3.198521E-06
200396  2.014481E-06  4.164834E-06
200397  4.563516E-06  1.214562E-05
200398  6.805079E-06  2.025340E-05
200399  8.399376E-06  2.782942E-05
200400  9.009368E-06  3.404646E-05
200401  8.332456E-06  3.793357E-05
200402  6.129626E-06  3.843369E-05
200403  2.249704E-06  3.449781E-05
200404 -3.352650E-06  2.521218E-05
200405 -1.060578E-05  9.946920E-06
200406 -1.931704E-05 -1.149424E-05
200407 -2.917632E-05 -3.874859E-05
200408 -3.976786E-05 -7.082079E-05
200409 -5.059080E-05 -1.060838E-04
200410 -6.108857E-05 -1.423681E-04
200411 -7.068586E-05 -1.771374E-04
200412 -7.883056E-05 -2.077364E-04
200413 -8.503683E-05 -2.316781E-04
200414 -8.892474E-05 -2.469320E-04
200415 -9.025212E-05 -2.521694E-04
200416 -8.893532E-05 -2.469277E-04
200417 -8.505639E-05 -2.316693E-04
200418 -7.885618E-05 -2.077227E-04
200419 -7.071383E-05 -1.771183E-04
200420 -6.111504E-05 -1.423430E-04
200421 -5.061239E-05 -1.060522E-04
200422 -3.978216E-05 -7.078232E-05
200423 -2.918222E-05 -3.870342E-05
200424 -1.931476E-05 -1.144312E-05
200425 -1.059677E-05  1.000258E-05
200426 -3.339220E-06  2.527035E-05
200427  2.264743E-06  3.455609E-05
200428  6.143433E-06  3.848968E-05
200429  8.342560E-06  3.798523E-05
200430  9.013992E-06  3.409246E-05
200431  8.397652E-06  2.786932E-05
200432  6.797149E-06  2.028757E-05
200433  2.355291E-06 -4.456949E-07
200434 -2.975821E-07 -6.991013E-06
200435 -2.747286E-06 -1.231094E-05
200436 -4.743065E-06 -1.632194E-05
200437 -6.123614E-06 -1.903774E-05
200438 -6.826390E-06 -2.053217E-05
200439 -6.881537E-06 -2.091649E-05
200440 -6.392162E-06 -2.032853E-05
200441 -5.505791E-06 -1.892881E-05
200442 -4.383692E-06 -1.689829E-05
200443 -3.174615E-06 -1.443374E-05
200444 -1.997456E-06 -1.173897E-05
200445 -9.342412E-07 -9.012652E-06
200446 -3.182273E-08 -6.434939E-06
200447  6.909721E-07 -4.156114E-06
200448  1.234145E-06 -2.290105E-06
200449  1.607650E-06 -9.142082E-07
200450  1.824010E-06 -7.430447E-08
200451  1.892859E-06  2.071149E-07
200452  1.817615E-06 -7.615156E-08
200453  1.594457E-06 -9.169633E-07
200454  1.213649E-06 -2.292298E-06
200455  6.630256E-07 -4.156386E-06
200456 -6.657897E-08 -6.432665E-06
200457 -9.741607E-07 -9.008290E-06
200458 -2.039950E-06 -1.173402E-05
200459 -3.216469E-06 -1.443037E-05
200460 -4.421541E-06 -1.689867E-05
200461 -5.536637E-06 -1.893452E-05
200462 -6.413843E-06 -2.034008E-05
200463 -6.893064E-06 -2.093321E-05
200464 -6.828118E-06 -2.055242E-05
200465 -6.117194E-06 -1.905944E-05
200466 -4.731191E-06 -1.634333E-05
200467 -2.733287E-06 -1.233122E-05
200468 -2.849255E-07 -7.010744E-06
200469  2.363475E-06 -4.667266E-07
200470  4.895442E-06  7.069844E-06
200471  6.960622E-06  1.516838E-05
200472  8.210483E-06  2.315447E-05
200473  8.332041E-06  3.009239E-05
200474  7.075694E-06  3.481247E-05
200475  4.275510E-06  3.599597E-05
200476 -1.374991E-07  3.232100E-05
200477 -6.127372E-06  2.265848E-05
200478 -1.354889E-05  6.292980E-06
200479 -2.214675E-05 -1.686914E-05
200480 -3.155987E-05 -4.614747E-05
200481 -4.133384E-05 -8.003114E-05
200482 -5.094398E-05 -1.162453E-04
200483 -5.983006E-05 -1.519470E-04
200484 -6.744017E-05 -1.840320E-04
200485 -7.327897E-05 -2.095111E-04
200486 -7.695373E-05 -2.258991E-04
200487 -7.821191E-05 -2.315514E-04
200488 -7.696573E-05 -2.258928E-04
200489 -7.330078E-05 -2.094986E-04
200490 -6.746782E-05 -1.840130E-04
200491 -5.985864E-05 -1.519214E-04
200492 -5.096853E-05 -1.162127E-04
200493 -4.135024E-05 -7.999113E-05
200494 -3.156547E-05 -4.609998E-05
200495 -2.214069E-05 -1.681457E-05
200496 -1.353212E-05  6.353451E-06
200497 -6.102296E-06  2.272278E-05
200498 -1.074997E-07  3.238625E-05
200499  4.306644E-06  3.605883E-05
200500  7.104329E-06  3.486975E-05
200501  8.355156E-06  3.014168E-05
200502  8.226001E-06  2.319469E-05
200503  6.967601E-06  1.520005E-05
200504  4.894136E-06  7.094846E-06
200505  7.207539E-07 -9.904031E-06
200506 -1.484348E-06 -1.350646E-05
200507 -3.396076E-06 -1.565028E-05
200508 -4.790612E-06 -1.654762E-05
200509 -5.536900E-06 -1.643054E-05
200510 -5.610026E-06 -1.550964E-05
200511 -5.084615E-06 -1.395993E-05
200512 -4.109606E-06 -1.192613E-05
200513 -2.870952E-06 -9.537239E-06
200514 -1.552166E-06 -6.920609E-06
200515 -3.027766E-07 -4.209391E-06
200516  7.786690E-07 -1.540759E-06
200517  1.646005E-06  9.536827E-07
200518  2.295382E-06  3.161365E-06
200519  2.750302E-06  5.000821E-06
200520  3.047328E-06  6.427461E-06
200521  3.225070E-06  7.430227E-06
200522  3.316415E-06  8.019724E-06
200523  3.343101E-06  8.212103E-06
200524  3.312339E-06  8.015208E-06
200525  3.215824E-06  7.422881E-06
200526  3.031298E-06  6.419930E-06
200527  2.726220E-06  4.995582E-06
200528  2.263094E-06  3.159683E-06
200529  1.606833E-06  9.550652E-07
200530  7.352946E-07 -1.538434E-06
200531 -3.468000E-07 -4.209176E-06
200532 -1.593053E-06 -6.925499E-06
200533 -2.905311E-06 -9.549211E-06
200534 -4.134957E-06 -1.194547E-05
200535 -5.099761E-06 -1.398503E-05
200536 -5.615239E-06 -1.553735E-05
200537 -5.533878E-06 -1.645697E-05
200538 -4.782190E-06 -1.656935E-05
200539 -3.385742E-06 -1.566549E-05
200540 -1.475681E-06 -1.351568E-05
200541  7.245793E-07 -9.910206E-06
200542  2.928781E-06 -4.728857E-06
200543  4.825949E-06  1.967556E-06
200544  6.118507E-06  9.840905E-06
200545  6.552833E-06  1.820005E-05
200546  5.937990E-06  2.597494E-05
200547  4.152704E-06  3.176613E-05
200548  1.144591E-06  3.398335E-05
200549 -3.072342E-06  3.106817E-05
200550 -8.416611E-06  2.177335E-05
200551 -1.473282E-05  5.451814E-06
200552 -2.178285E-05 -1.770405E-05
200553 -2.924146E-05 -4.653157E-05
200554 -3.670407E-05 -7.891926E-05
200555 -4.371115E-05 -1.119973E-04
200556 -4.978842E-05 -1.424796E-04
200557 -5.449616E-05 -1.671075E-04
200558 -5.747847E-05 -1.831206E-04
200559 -5.850376E-05 -1.886722E-04
200560 -5.749089E-05 -1.831131E-04
200561 -5.451832E-05 -1.670927E-04
200562 -4.981559E-05 -1.424577E-04
200563 -4.373757E-05 -1.119684E-04
200564 -3.672417E-05 -7.888338E-05
200565 -2.925093E-05 -4.648856E-05
200566 -2.177930E-05 -1.765397E-05
200567 -1.471605E-05  5.508378E-06
200568 -8.388385E-06  2.183492E-05
200569 -3.035920E-06  3.113219E-05
200570  1.185139E-06  3.404623E-05
200571  4.193178E-06  3.182376E-05
200572  5.974636E-06  2.602349E-05
200573  6.582760E-06  1.823690E-05
200574  6.139905E-06  9.865512E-06
200575  4.838148E-06  1.981767E-06
200576  2.932225E-06 -4.721136E-06
200577  8.276222E-08 -1.486975E-05
200578 -1.363516E-06 -1.501679E-05
200579 -2.560145E-06 -1.387841E-05
200580 -3.312258E-06 -1.191639E-05
200581 -3.508755E-06 -9.512835E-06
200582 -3.143359E-06 -6.937177E-06
200583 -2.311382E-06 -4.351134E-06
200584 -1.182140E-06 -1.837376E-06
200585  4.533872E-08  5.638124E-07
200586  1.189869E-06  2.823000E-06
200587  2.124284E-06  4.902990E-06
200588  2.790495E-06  6.755132E-06
200589  3.192721E-06  8.327939E-06
200590  3.376852E-06  9.582432E-06
200591  3.407397E-06  1.050713E-05
200592  3.350325E-06  1.112564E-05
200593  3.263625E-06  1.149187E-05
200594  3.192471E-06  1.167262E-05
200595  3.165590E-06  1.172315E-05
200596  3.192208E-06  1.166571E-05
200597  3.261084E-06  1.148057E-05
200598  3.342447E-06  1.111387E-05
200599  3.391509E-06  1.049846E-05
200600  3.351852E-06  9.578588E-06
200601  3.159531E-06  8.328143E-06
200602  2.751765E-06  6.756419E-06
200603  2.083634E-06  4.901303E-06
200604  1.151094E-06  2.814541E-06
200605  1.177753E-08  5.462532E-07
200606 -1.208036E-06 -1.864103E-06
200607 -2.328348E-06 -4.384570E-06
200608 -3.151508E-06 -6.972690E-06
200609 -3.509568E-06 -9.544645E-06
200610 -3.308299E-06 -1.193914E-05
200611 -2.554542E-06 -1.388885E-05
200612 -1.359373E-06 -1.501506E-05
200613  8.281562E-08 -1.485962E-05
200614  1.532543E-06 -1.296196E-05
200615  2.749801E-06 -8.977725E-06
200616  3.532954E-06 -2.821500E-06
200617  3.742352E-06  5.197369E-06
200618  3.304185E-06  1.428515E-05
200619  2.196822E-06  2.315900E-05
200620  4.280800E-07  3.015369E-05
200621 -1.984728E-06  3.344403E-05
200622 -5.021291E-06  3.135804E-05
200623 -8.646592E-06  2.272829E-05
200624 -1.278512E-05  7.209022E-06
200625 -1.729299E-05 -1.451676E-05
200626 -2.194291E-05 -4.070124E-05
200627 -2.643247E-05 -6.869517E-05
200628 -3.041676E-05 -9.529703E-05
200629 -3.355659E-05 -1.172318E-04
200630 -3.556848E-05 -1.316731E-04
200631 -3.626511E-05 -1.367093E-04
200632 -3.558021E-05 -1.316654E-04
200633 -3.357711E-05 -1.172168E-04
200634 -3.044093E-05 -9.527524E-05
200635 -2.645424E-05 -6.866700E-05
200636 -2.195675E-05 -4.066690E-05
200637 -1.729500E-05 -1.447631E-05
200638 -1.277368E-05  7.255437E-06
200639 -8.622410E-06  2.278000E-05
200640 -4.986956E-06  3.141343E-05
200641 -1.944018E-06  3.350028E-05
200642  4.709717E-07  3.020683E-05
200643  2.237974E-06  2.320444E-05
200644  3.340465E-06  1.431866E-05
200645  3.771686E-06  5.216301E-06
200646  3.554344E-06 -2.817085E-06
200647  2.763170E-06 -8.984556E-06
200648  1.538549E-06 -1.297405E-05
200649  4.131784E-07 -1.559802E-05
200650 -2.403923E-07 -1.270444E-05
200651 -7.932421E-07 -8.986715E-06
200652 -1.068845E-06 -5.054894E-06
200653 -9.570982E-07 -1.344339E-06
200654 -4.457362E-07  1.898640E-06
200655  3.757575E-07  4.587473E-06
200656  1.342408E-06  6.742405E-06
200657  2.262759E-06  8.434158E-06
200658  2.974005E-06  9.739363E-06
200659  3.383157E-06  1.071527E-05
200660  3.479874E-06  1.139396E-05
200661  3.320127E-06  1.179160E-05
200662  2.993618E-06  1.192628E-05
200663  2.593132E-06  1.183691E-05
200664  2.197677E-06  1.159490E-05
200665  1.869047E-06  1.130089E-05
200666  1.653278E-06  1.106419E-05
200667  1.579735E-06  1.097112E-05
200668  1.657648E-06  1.105569E-05
200669  1.874674E-06  1.128720E-05
200670  2.199848E-06  1.158108E-05
200671  2.587677E-06  1.182736E-05
200672  2.978561E-06  1.192283E-05
200673  3.296129E-06  1.179287E-05
200674  3.449568E-06  1.139601E-05
200675  3.350023E-06  1.071317E-05
200676  2.941433E-06  9.728821E-06
200677  2.233564E-06  8.412729E-06
200678  1.318657E-06  6.710214E-06
200679  3.586298E-07  4.547493E-06
200680 -4.561265E-07  1.856469E-06
200681 -9.617928E-07 -1.381434E-06
200682 -1.069828E-06 -5.079748E-06
200683 -7.929111E-07 -8.994498E-06
200684 -2.409486E-07 -1.269452E-05
200685  4.100880E-07 -1.557453E-05
200686  9.662482E-07 -1.692506E-05
200687  1.266352E-06 -1.606131E-05
200688  1.220756E-06 -1.249590E-05
200689  8.267636E-07 -6.123014E-06
200690  1.559109E-07  2.632473E-06
200691 -6.827979E-07  1.275028E-05
200692 -1.591063E-06  2.267372E-05
200693 -2.522898E-06  3.050734E-05
200694 -3.502536E-06  3.433476E-05
200695 -4.609553E-06  3.260337E-05
200696 -5.935464E-06  2.449606E-05
200697 -7.529336E-06  1.020142E-05
200698 -9.356144E-06 -8.992811E-06
200699 -1.128634E-05 -3.082297E-05
200700 -1.312023E-05 -5.238034E-05
200701 -1.463497E-05 -7.059172E-05
200702 -1.563440E-05 -8.275559E-05
200703 -1.598663E-05 -8.702626E-05
200704 -1.564454E-05 -8.274881E-05
200705 -1.465225E-05 -7.057856E-05
200706 -1.313955E-05 -5.236143E-05
200707 -1.130189E-05 -3.079885E-05
200708 -9.362991E-06 -8.963773E-06
200709 -7.524521E-06  1.023527E-05
200710 -5.918471E-06  2.453453E-05
200711 -4.582070E-06  3.264575E-05
200712 -3.467766E-06  3.437944E-05
200713 -2.484710E-06  3.055147E-05
200714 -1.553224E-06  2.271330E-05
200715 -6.483717E-07  1.278065E-05
200716  1.849339E-07  2.649291E-06
200717  8.495614E-07 -6.122306E-06
200718  1.237467E-06 -1.251072E-05
200719  1.277661E-06 -1.608721E-05
200720  9.730025E-07 -1.695431E-05
200721  1.343465E-06 -1.335705E-05
200722  1.318878E-06 -8.392403E-06
200723  1.200990E-06 -3.173862E-06
200724  1.160800E-06  1.652760E-06
200725  1.323631E-06  5.686113E-06
200726  1.726949E-06  8.760481E-06
200727  2.306798E-06  1.089305E-05
200728  2.919219E-06  1.221155E-05
200729  3.391347E-06  1.288510E-05
200730  3.583653E-06  1.307416E-05
200731  3.437229E-06  1.290488E-05
200732  2.985487E-06  1.246494E-05
200733  2.328056E-06  1.181389E-05
200734  1.585525E-06  1.100198E-05
200735  8.618787E-07  1.009183E-05
200736  2.309468E-07  9.175043E-06
200737 -2.569605E-07  8.373596E-06
200738 -5.647428E-07  7.819537E-06
200739 -6.669803E-07  7.617947E-06
200740 -5.556672E-07  7.810487E-06
200741 -2.431106E-07  8.359474E-06
200742  2.431346E-07  9.161733E-06
200743  8.668308E-07  1.008416E-05
200744  1.580648E-06  1.100144E-05
200745  2.314034E-06  1.181816E-05
200746  2.965084E-06  1.246913E-05
200747  3.413670E-06  1.290357E-05
200748  3.559603E-06  1.306308E-05
200749  3.368724E-06  1.286212E-05
200750  2.899425E-06  1.217698E-05
200751  2.290834E-06  1.084990E-05
200752  1.715209E-06  8.714485E-06
200753  1.315639E-06  5.645220E-06
200754  1.155289E-06  1.625426E-06
200755  1.196419E-06 -3.181307E-06
200756  1.314086E-06 -8.378265E-06
200757  1.337952E-06 -1.332533E-05
200758  1.108844E-06 -1.719087E-05
200759  5.338830E-07 -1.907382E-05
200760 -3.756536E-07 -1.818615E-05
200761 -1.496106E-06 -1.406493E-05
200762 -2.618083E-06 -6.765311E-06
200763 -3.503218E-06  3.022001E-06
200764 -3.955618E-06  1.397769E-05
200765 -3.885061E-06  2.431070E-05
200766 -3.338460E-06  3.205470E-05
200767 -2.485055E-06  3.545501E-05
200768 -1.558129E-06  3.336481E-05
200769 -7.753591E-07  2.555560E-05
200770 -2.709605E-07  1.285711E-05
200771 -6.730356E-08 -2.922062E-06
200772 -9.296197E-08 -1.928989E-05
200773 -2.304962E-07 -3.352475E-05
200774 -3.663983E-07 -4.319171E-05
200775 -4.235754E-07 -4.661172E-05
200776 -3.744308E-07 -4.318658E-05
200777 -2.437201E-07 -3.351483E-05
200778 -1.066264E-07 -1.927570E-05
200779 -7.627284E-08 -2.903989E-06
200780 -2.712711E-07  1.287889E-05
200781 -7.652574E-07  2.558100E-05
200782 -1.538281E-06  3.339362E-05
200783 -2.458005E-06  3.548645E-05
200784 -3.307701E-06  3.208716E-05
200785 -3.854131E-06  2.434154E-05
200786 -3.927441E-06  1.400322E-05
200787 -3.479698E-06  3.037881E-06
200788 -2.599906E-06 -6.763183E-06
200789 -1.482790E-06 -1.407896E-05
200790 -3.659235E-07 -1.821543E-05
200791  5.414457E-07 -1.911324E-05
200792  1.115205E-06 -1.723160E-05
200793  2.396138E-06 -9.680695E-06
200794  2.763918E-06 -3.744570E-06
200795  2.859614E-06  1.923268E-06
200796  2.855179E-06  6.730996E-06
200797  2.897212E-06  1.036681E-05
200798  3.056151E-06  1.276843E-05
200799  3.302342E-06  1.405262E-05
200800  3.519766E-06  1.443121E-05
200801  3.556323E-06  1.413742E-05
200802  3.292267E-06  1.337790E-05
200803  2.694928E-06  1.231308E-05
200804  1.831162E-06  1.105765E-05
200805  8.323407E-07  9.691371E-06
200806 -1.637156E-07  8.275336E-06
200807 -1.056730E-06  6.873038E-06
200808 -1.792080E-06  5.571554E-06
200809 -2.341279E-06  4.490124E-06
200810 -2.681478E-06  3.763788E-06
200811 -2.792693E-06  3.503826E-06
200812 -2.668243E-06  3.755206E-06
200813 -2.320293E-06  4.477387E-06
200814 -1.771419E-06  5.561017E-06
200815 -1.043146E-06  6.869484E-06
200816 -1.600767E-07  8.279512E-06
200817  8.270843E-07  9.699836E-06
200818  1.820093E-06  1.106468E-05
200819  2.681007E-06  1.231319E-05
200820  3.277267E-06  1.336752E-05
200821  3.541050E-06  1.411519E-05
200822  3.504811E-06  1.439771E-05
200823  3.288484E-06  1.401037E-05
200824  3.044095E-06  1.272246E-05
200825  2.887083E-06  1.032480E-05
200826  2.846397E-06  6.701958E-06
200827  2.851392E-06  1.914720E-06
200828  2.755991E-06 -3.729789E-06
200829  2.389025E-06 -9.646030E-06
200830  1.615386E-06 -1.499896E-05
200831  3.920222E-07 -1.880726E-05
200832 -1.196295E-06 -2.011695E-05
200833 -2.933703E-06 -1.821960E-05
200834 -4.508405E-06 -1.286799E-05
200835 -5.582098E-06 -4.430613E-06
200836 -5.877744E-06  6.069530E-06
200837 -5.260037E-06  1.706517E-05
200838 -3.780103E-06  2.670215E-05
200839 -1.664049E-06  3.320211E-05
200840  7.551366E-07  3.525360E-05
200841  3.137653E-06  3.233696E-05
200842  5.227136E-06  2.489406E-05
200843  6.893620E-06  1.428826E-05
200844  8.118336E-06  2.553122E-06
200845  8.942086E-06 -8.015569E-06
200846  9.414097E-06 -1.533040E-05
200847  9.565918E-06 -1.794052E-05
200848  9.408267E-06 -1.532731E-05
200849  8.932966E-06 -8.009534E-06
200850  8.110078E-06  2.561913E-06
200851  6.890476E-06  1.429975E-05
200852  5.231958E-06  2.490832E-05
200853  3.151003E-06  3.235401E-05
200854  7.753265E-07  3.527312E-05
200855 -1.640134E-06  3.322319E-05
200856 -3.755896E-06  2.672320E-05
200857 -5.238410E-06  1.708384E-05
200858 -5.860563E-06  6.082749E-06
200859 -5.570091E-06 -4.426517E-06
200860 -4.501134E-06 -1.287661E-05
200861 -2.929677E-06 -1.824312E-05
200862 -1.193399E-06 -2.015446E-05
200863  3.957269E-07 -1.885353E-05
200864  1.620887E-06 -1.504482E-05
200865  3.180186E-06 -5.828478E-06
200866  3.734488E-06  1.516376E-07
200867  3.893009E-06  5.482758E-06
200868  3.825560E-06  9.679177E-06
200869  3.694567E-06  1.253847E-05
200870  3.599618E-06  1.409501E-05
200871  3.544134E-06  1.453984E-05
200872  3.439470E-06  1.413272E-05
200873  3.151455E-06  1.313080E-05
200874  2.573372E-06  1.174872E-05
200875  1.688736E-06  1.014948E-05
200876  5.864032E-07  8.452039E-06
200877 -5.817896E-07  6.741104E-06
200878 -1.671254E-06  5.076468E-06
200879 -2.594665E-06  3.508916E-06
200880 -3.323668E-06  2.104162E-06
200881 -3.855400E-06  9.604613E-07
200882 -4.181802E-06  1.998236E-07
200883 -4.287156E-06 -7.098938E-08
200884 -4.165350E-06  1.925033E-07
200885 -3.829054E-06  9.504628E-07
200886 -3.296924E-06  2.097935E-06
200887 -2.575151E-06  3.510825E-06
200888 -1.661779E-06  5.086256E-06
200889 -5.806550E-07  6.754155E-06
200890  5.827805E-07  8.461985E-06
200891  1.683118E-06  1.015121E-05
200892  2.566622E-06  1.173984E-05
200893  3.143222E-06  1.311116E-05
200894  3.429501E-06  1.410324E-05
200895  3.532977E-06  1.450226E-05
200896  3.588289E-06  1.405292E-05
200897  3.683753E-06  1.249843E-05
200898  3.815237E-06  9.650064E-06
200899  3.882901E-06  5.472805E-06
200900  3.724897E-06  1.647238E-07
200901  3.172305E-06 -5.795011E-06
200902  2.109478E-06 -1.165309E-05
200903  5.262963E-07 -1.646069E-05
200904 -1.449970E-06 -1.922576E-05
200905 -3.554235E-06 -1.911900E-05
200906 -5.421149E-06 -1.569160E-05
200907 -6.658271E-06 -9.047785E-06
200908 -6.940621E-06  8.360282E-08
200909 -6.101109E-06  1.041578E-05
200910 -4.185596E-06  2.031414E-05
200911 -1.446962E-06  2.811645E-05
200912  1.727118E-06  3.249530E-05
200913  4.927870E-06  3.277379E-05
200914  7.832052E-06  2.910739E-05
200915  1.025467E-05  2.247446E-05
200916  1.213271E-05  1.446999E-05
200917  1.346661E-05  6.953296E-06
200918  1.426641E-05  1.638506E-06
200919  1.453229E-05 -2.758785E-07
200920  1.426254E-05  1.639539E-06
200921  1.346101E-05  6.955483E-06
200922  1.212882E-05  1.447360E-05
200923  1.025581E-05  2.247992E-05
200924  7.840043E-06  2.911506E-05
200925  4.942315E-06  3.278375E-05
200926  1.745632E-06  3.250707E-05
200927 -1.427711E-06  2.812893E-05
200928 -4.168672E-06  2.032574E-05
200929 -6.088525E-06  1.042455E-05
200930 -6.933165E-06  8.724631E-08
200931 -6.655676E-06 -9.052011E-06
200932 -5.422237E-06 -1.570659E-05
200933 -3.557006E-06 -1.914672E-05
200934 -1.451959E-06 -1.926555E-05
200935  5.272122E-07 -1.650778E-05
200936  2.114187E-06 -1.169863E-05
200937  3.478533E-06 -2.571112E-06
200938  4.097217E-06  2.826705E-06
200939  4.265762E-06  7.364898E-06
200940  4.140723E-06  1.068009E-05
200941  3.886568E-06  1.267132E-05
200942  3.620183E-06  1.344531E-05
200943  3.370262E-06  1.323423E-05
200944  3.070971E-06  1.231006E-05
200945  2.602201E-06  1.091954E-05
200946  1.864742E-06  9.255476E-06
200947  8.504382E-07  7.460932E-06
200948 -3.389713E-07  5.645362E-06
200949 -1.539687E-06  3.892142E-06
200950 -2.606652E-06  2.256823E-06
200951 -3.468773E-06  7.731244E-07
200952 -4.124278E-06 -5.228726E-07
200953 -4.594025E-06 -1.565243E-06
200954 -4.881858E-06 -2.256374E-06
200955 -4.973813E-06 -2.502251E-06
200956 -4.863299E-06 -2.261935E-06
200957 -4.564337E-06 -1.571738E-06
200958 -4.094052E-06 -5.240824E-07
200959 -3.446187E-06  7.809010E-07
200960 -2.594205E-06  2.272255E-06
200961 -1.534867E-06  3.909544E-06
200962 -3.375724E-07  5.657939E-06
200963  8.510933E-07  7.464204E-06
200964  1.864722E-06  9.248523E-06
200965  2.600084E-06  1.090366E-05
200966  3.065697E-06  1.228662E-05
200967  3.362134E-06  1.320402E-05
200968  3.610487E-06  1.341012E-05
200969  3.876467E-06  1.263605E-05
200970  4.130599E-06  1.065282E-05
200971  4.255575E-06  7.354099E-06
200972  4.087440E-06  2.837037E-06
200973  3.470591E-06 -2.541482E-06
200974  2.311759E-06 -8.154990E-06
200975  6.238147E-07 -1.316175E-05
200976 -1.448587E-06 -1.662953E-05
200977 -3.630271E-06 -1.771751E-05
200978 -5.550558E-06 -1.587935E-05
200979 -6.812045E-06 -1.103586E-05
200980 -7.082336E-06 -3.664197E-06
200981 -6.185913E-06  5.234338E-06
200982 -4.164708E-06  1.429688E-05
200983 -1.277853E-06  2.206743E-05
200984  2.070029E-06  2.731447E-05
200985  5.449190E-06  2.931957E-05
200986  8.520888E-06  2.805562E-05
200987  1.109454E-05  2.419773E-05
200988  1.310670E-05  1.895817E-05
200989  1.455335E-05  1.379173E-05
200990  1.543171E-05  1.005336E-05
200991  1.572663E-05  8.693368E-06
200992  1.542934E-05  1.005252E-05
200993  1.455031E-05  1.379049E-05
200994  1.310570E-05  1.895734E-05
200995  1.109804E-05  2.419819E-05
200996  8.529932E-06  2.805804E-05
200997  5.462760E-06  2.932402E-05
200998  2.085444E-06  2.732028E-05
200999 -1.263802E-06  2.207328E-05
201000 -4.154511E-06  1.430122E-05
201001 -6.180673E-06  5.235684E-06
201002 -7.081874E-06 -3.667270E-06
201003 -6.815373E-06 -1.104505E-05
201004 -5.556184E-06 -1.589676E-05
201005 -3.636227E-06 -1.774495E-05
201006 -1.452598E-06 -1.666684E-05
201007  6.236560E-07 -1.320503E-05
201008  2.316104E-06 -8.196330E-06
201009  3.235400E-06 -2.254884E-07
201010  3.886558E-06  4.257644E-06
201011  4.097440E-06  7.825566E-06
201012  3.995991E-06  1.022808E-05
201013  3.731242E-06  1.144205E-05
201014  3.421917E-06  1.161608E-05
201015  3.111131E-06  1.099234E-05
201016  2.750068E-06  9.826828E-06
201017  2.230247E-06  8.332245E-06
201018  1.458170E-06  6.661179E-06
201019  4.306141E-07  4.924476E-06
201020 -7.431506E-07  3.216533E-06
201021 -1.892920E-06  1.619688E-06
201022 -2.876255E-06  1.884375E-07
201023 -3.637288E-06 -1.058398E-06
201024 -4.196328E-06 -2.115949E-06
201025 -4.592301E-06 -2.956114E-06
201026 -4.836412E-06 -3.513001E-06
201027 -4.913902E-06 -3.711471E-06
201028 -4.816840E-06 -3.516577E-06
201029 -4.561184E-06 -2.958863E-06
201030 -4.164968E-06 -2.112142E-06
201031 -3.614111E-06 -1.045117E-06
201032 -2.863320E-06  2.088913E-07
201033 -1.886870E-06  1.640795E-06
201034 -7.391104E-07  3.231294E-06
201035  4.353807E-07  4.929162E-06
201036  1.463139E-06  6.656370E-06
201037  2.233093E-06  8.320697E-06
201038  2.748986E-06  9.810402E-06
201039  3.106147E-06  1.097095E-05
201040  3.414497E-06  1.158964E-05
201041  3.722937E-06  1.141353E-05
201042  3.987453E-06  1.020436E-05
201043  4.088639E-06  7.814886E-06
201044  3.877780E-06  4.265066E-06
201045  3.227862E-06 -2.010887E-07
201046  2.076687E-06 -5.095927E-06
201047  4.582329E-07 -9.722334E-06
201048 -1.480416E-06 -1.327055E-05
201049 -3.482164E-06 -1.496971E-05
201050 -5.209541E-06 -1.426512E-05
201051 -6.303294E-06 -1.097659E-05
201052 -6.463455E-06 -5.390371E-06
201053 -5.534570E-06  1.749742E-06
201054 -3.565770E-06  9.362715E-06
201055 -8.141163E-07  1.624446E-05
201056  2.324193E-06  2.133192E-05
201057  5.435146E-06  2.395220E-05
201058  8.205865E-06  2.398517E-05
201059  1.048082E-05  2.188500E-05
201060  1.223298E-05  1.855025E-05
201061  1.348532E-05  1.508392E-05
201062  1.424703E-05  1.251808E-05
201063  1.450384E-05  1.157568E-05
201064  1.424560E-05  1.251562E-05
201065  1.348375E-05  1.507979E-05
201066  1.223330E-05  1.854577E-05
201067  1.048479E-05  2.188151E-05
201068  8.214021E-06  2.398355E-05
201069  5.446247E-06  2.395247E-05
201070  2.335648E-06  2.133319E-05
201071 -8.051238E-07  1.624529E-05
201072 -3.561059E-06  9.361656E-06
201073 -5.534407E-06  1.745843E-06
201074 -6.466876E-06 -5.397626E-06
201075 -6.308855E-06 -1.098785E-05
201076 -5.215790E-06 -1.428174E-05
201077 -3.487613E-06 -1.499341E-05
201078 -1.483467E-06 -1.330188E-05
201079  4.588805E-07 -9.758631E-06
201080  2.081301E-06 -5.130597E-06
201081  2.491924E-06  1.197848E-06
201082  3.214298E-06  4.650130E-06
201083  3.556146E-06  7.252745E-06
201084  3.600703E-06  8.846397E-06
201085  3.464110E-06  9.457019E-06
201086  3.251130E-06  9.246017E-06
201087  3.007830E-06  8.440566E-06
201088  2.696832E-06  7.261503E-06
201089  2.221122E-06  5.874209E-06
201090  1.495364E-06  4.382867E-06
201091  5.226627E-07  2.862334E-06
201092 -5.818407E-07  1.392207E-06
201093 -1.644903E-06  5.747448E-08
201094 -2.528163E-06 -1.082745E-06
201095 -3.187857E-06 -2.019204E-06
201096 -3.659424E-06 -2.775709E-06
201097 -3.992470E-06 -3.363431E-06
201098 -4.200754E-06 -3.752663E-06
201099 -4.266870E-06 -3.891887E-06
201100 -4.181122E-06 -3.754233E-06
201101 -3.961525E-06 -3.362574E-06
201102 -3.628783E-06 -2.767388E-06
201103 -3.165944E-06 -2.001310E-06
201104 -2.516577E-06 -1.058346E-06
201105 -1.639539E-06  8.135507E-08
201106 -5.771702E-07  1.408606E-06
201107  5.295779E-07  2.868287E-06
201108  1.503651E-06  4.380282E-06
201109  2.227758E-06  5.867130E-06
201110  2.699338E-06  7.252274E-06
201111  3.005894E-06  8.428373E-06
201112  3.246295E-06  9.229099E-06
201113  3.458217E-06  9.436404E-06
201114  3.594593E-06  8.827527E-06
201115  3.549656E-06  7.243162E-06
201116  3.207253E-06  4.654905E-06
201117  2.484970E-06  1.216355E-06
201118  1.363444E-06 -2.714725E-06
201119 -9.755715E-08 -6.596517E-06
201120 -1.753319E-06 -9.774878E-06
201121 -3.380382E-06 -1.160280E-05
201122 -4.700173E-06 -1.158523E-05
201123 -5.424403E-06 -9.512427E-06
201124 -5.320205E-06 -5.542331E-06
201125 -4.282093E-06 -2.036383E-07
201126 -2.385109E-06  5.689684E-06
201127  1.123898E-07  1.120040E-05
201128  2.834905E-06  1.547494E-05
201129  5.408381E-06  1.794576E-05
201130  7.576137E-06  1.846918E-05
201131  9.248948E-06  1.734951E-05
201132  1.046566E-05  1.523762E-05
201133  1.130292E-05  1.294093E-05
201134  1.180468E-05  1.121148E-05
201135  1.197349E-05  1.057166E-05
201136  1.180367E-05  1.120764E-05
201137  1.130181E-05  1.293437E-05
201138  1.046588E-05  1.523012E-05
201139  9.251767E-06  1.734282E-05
201140  7.581856E-06  1.846431E-05
201141  5.415891E-06  1.794265E-05
201142  2.842010E-06  1.547256E-05
201143  1.168459E-07  1.119726E-05
201144 -2.384453E-06  5.684578E-06
201145 -4.284810E-06 -2.110636E-07
201146 -5.324752E-06 -5.551679E-06
201147 -5.429085E-06 -9.523372E-06
201148 -4.703802E-06 -1.159848E-05
201149 -3.382246E-06 -1.162012E-05
201150 -1.752861E-06 -9.797696E-06
201151 -9.440926E-08 -6.623648E-06
201152  1.369024E-06 -2.741189E-06
201153  1.317481E-06  1.841835E-06
201154  2.194256E-06  4.270851E-06
201155  2.785136E-06  6.001970E-06
201156  3.113731E-06  6.941379E-06
201157  3.247651E-06  7.136905E-06
201158  3.263141E-06  6.738475E-06
201159  3.198288E-06  5.939458E-06
201160  3.022349E-06  4.913283E-06
201161  2.651696E-06  3.772031E-06
201162  2.015136E-06  2.570550E-06
201163  1.127361E-06  1.349937E-06
201164  1.105478E-07  1.786818E-07
201165 -8.610998E-07 -8.510850E-07
201166 -1.654371E-06 -1.670275E-06
201167 -2.234153E-06 -2.273494E-06
201168 -2.643575E-06 -2.708898E-06
201169 -2.935384E-06 -3.025990E-06
201170 -3.121613E-06 -3.233932E-06
201171 -3.181202E-06 -3.308774E-06
201172 -3.102673E-06 -3.233617E-06
201173 -2.905816E-06 -3.021919E-06
201174 -2.614935E-06 -2.696879E-06
201175 -2.214674E-06 -2.252219E-06
201176 -1.645261E-06 -1.643329E-06
201177 -8.576893E-07 -8.256235E-07
201178  1.143518E-07  1.960019E-07
201179  1.134812E-06  1.356904E-06
201180  2.025254E-06  2.570137E-06
201181  2.660977E-06  3.769266E-06
201182  3.027720E-06  4.910902E-06
201183  3.199051E-06  5.936111E-06
201184  3.260808E-06  6.731024E-06
201185  3.244273E-06  7.124623E-06
201186  3.110297E-06  6.928117E-06
201187  2.781284E-06  5.994205E-06
201188  2.189196E-06  4.273238E-06
201189  1.311040E-06  1.854006E-06
201190  1.830366E-07 -1.017719E-06
201191 -1.100253E-06 -3.951417E-06
201192 -2.393374E-06 -6.462708E-06
201193 -3.511369E-06 -8.061398E-06
201194 -4.248587E-06 -8.360220E-06
201195 -4.410393E-06 -7.175835E-06
201196 -3.859657E-06 -4.592171E-06
201197 -2.570486E-06 -9.657517E-07
201198 -6.680883E-07  3.132501E-06
201199  1.574820E-06  7.030991E-06
201200  3.804403E-06  1.010680E-05
201201  5.700057E-06  1.193682E-05
201202  7.082636E-06  1.240437E-05
201203  7.953553E-06  1.171892E-05
201204  8.442165E-06  1.033740E-05
201205  8.702967E-06  8.819624E-06
201206  8.836773E-06  7.675633E-06
201207  8.879375E-06  7.251943E-06
201208  8.835741E-06  7.670555E-06
201209  8.701478E-06  8.810899E-06
201210  8.441191E-06  1.032724E-05
201211  7.954038E-06  1.170937E-05
201212  7.084891E-06  1.239657E-05
201213  5.703349E-06  1.193063E-05
201214  3.807142E-06  1.010111E-05
201215  1.575420E-06  7.024412E-06
201216 -6.701795E-07  3.124207E-06
201217 -2.574322E-06 -9.754289E-07
201218 -3.863304E-06 -4.601932E-06
201219 -4.412041E-06 -7.184473E-06
201220 -4.247413E-06 -8.367928E-06
201221 -3.507565E-06 -8.070162E-06
201222 -2.387629E-06 -6.474987E-06
201223 -1.093349E-06 -3.967688E-06
201224  1.902043E-07 -1.034827E-06
