Mesh2HRTF 0.1.2
    1
    1  1225
200000  2.496068E-04 -4.139522E-04
200001 -1.104828E-05 -1.179073E-04
200002 -1.081542E-05 -1.175417E-04
200003 -1.039273E-05 -1.165558E-04
200004 -9.827531E-06 -1.150402E-04
200005 -9.187545E-06 -1.131369E-04
200006 -8.550072E-06 -1.110269E-04
200007 -7.989899E-06 -1.089138E-04
200008 -7.567795E-06 -1.070041E-04
200009 -7.321923E-06 -1.054849E-04
200010 -7.263699E-06 -1.045035E-04
200011 -7.378785E-06 -1.041471E-04
200012 -7.632827E-06 -1.044299E-04
200013 -7.980406E-06 -1.052857E-04
200014 -8.374897E-06 -1.065732E-04
200015 -8.776741E-06 -1.080904E-04
200016 -9.158097E-06 -1.096009E-04
200017 -9.503114E-06 -1.108673E-04
200018 -9.804397E-06 -1.116873E-04
200019 -1.005789E-05 -1.119251E-04
200020 -1.025829E-05 -1.115345E-04
200021 -1.039745E-05 -1.105661E-04
200022 -1.046645E-05 -1.091591E-04
200023 -1.046050E-05 -1.075187E-04
200024 -1.038479E-05 -1.058839E-04
200025 -1.025850E-05 -1.044911E-04
200026 -1.011507E-05 -1.035408E-04
200027 -9.997875E-06 -1.031718E-04
200028 -9.952037E-06 -1.034462E-04
200029 -1.001428E-05 -1.043459E-04
200030 -1.020342E-05 -1.057791E-04
200031 -1.051400E-05 -1.075948E-04
200032 -1.091452E-05 -1.096030E-04
200033 -1.135107E-05 -1.115959E-04
200034 -1.175557E-05 -1.133701E-04
200035 -1.205717E-05 -1.147465E-04
200036 -1.219461E-05 -1.155863E-04
200037 -1.212720E-05 -1.158039E-04
200038 -1.184246E-05 -1.153740E-04
200039 -1.135893E-05 -1.143341E-04
200040 -1.072358E-05 -1.127815E-04
200041 -1.000449E-05 -1.108654E-04
200042 -9.279807E-06 -1.087739E-04
200043 -8.625333E-06 -1.067168E-04
200044 -8.102735E-06 -1.049051E-04
200045 -7.750782E-06 -1.035289E-04
200046 -7.581110E-06 -1.027352E-04
200047 -7.579292E-06 -1.026089E-04
200048 -7.710727E-06 -1.031581E-04
200049 -7.929827E-06 -1.043092E-04
200050 -8.190130E-06 -1.059106E-04
200051 -8.452782E-06 -1.077498E-04
200052 -8.691341E-06 -1.095795E-04
200053 -8.892130E-06 -1.111525E-04
200054 -9.050744E-06 -1.122575E-04
200055 -9.166711E-06 -1.127525E-04
200056 -9.238785E-06 -1.125865E-04
200057 -9.262983E-06 -1.118075E-04
200058 -9.234197E-06 -1.105545E-04
200059 -9.150666E-06 -1.090339E-04
200060 -9.019319E-06 -1.074877E-04
200061 -8.859512E-06 -1.061565E-04
200062 -8.703203E-06 -1.052459E-04
200063 -8.590797E-06 -1.049008E-04
200064 -8.563381E-06 -1.051895E-04
200065 -8.653210E-06 -1.061001E-04
200066 -8.874914E-06 -1.075462E-04
200067 -9.219687E-06 -1.093814E-04
200068 -9.654012E-06 -1.114189E-04
200069 -1.012340E-05 -1.134522E-04
200070 -1.056053E-05 -1.152779E-04
200071 -1.089630E-05 -1.167149E-04
200072 -1.107169E-05 -1.176214E-04
200073 -3.986775E-05  1.596981E-05
200074 -3.934698E-05  1.644307E-05
200075 -3.801644E-05  1.780455E-05
200076 -3.612390E-05  1.996677E-05
200077 -3.402723E-05  2.279401E-05
200078 -3.212910E-05  2.611408E-05
200079 -3.081210E-05  2.973131E-05
200080 -3.038041E-05  3.342752E-05
200081 -3.100303E-05  3.693753E-05
200082 -3.265299E-05  3.990330E-05
200083 -3.505379E-05  4.184030E-05
200084 -3.767143E-05  4.217166E-05
200085 -3.980278E-05  4.037216E-05
200086 -4.078121E-05  3.620795E-05
200087 -4.024954E-05  2.998103E-05
200088 -3.837551E-05  2.264202E-05
200089 -3.586955E-05  1.566178E-05
200090 -3.374288E-05  1.065521E-05
200091 -3.288640E-05  8.878597E-06
200092 -3.366982E-05  1.080244E-05
200093 -3.577018E-05  1.594530E-05
200094 -3.832172E-05  2.304251E-05
200095 -4.030442E-05  3.047411E-05
200096 -4.096753E-05  3.676638E-05
200097 -4.008732E-05  4.096599E-05
200098 -3.797201E-05  4.276751E-05
200099 -3.526584E-05  4.240240E-05
200100 -3.268510E-05  4.039841E-05
200101 -3.080598E-05  3.734232E-05
200102 -2.996026E-05  3.373628E-05
200103 -3.022280E-05  2.995854E-05
200104 -3.145012E-05  2.628943E-05
200105 -3.333617E-05  2.295059E-05
200106 -3.547426E-05  2.012794E-05
200107 -3.742635E-05  1.797580E-05
200108 -3.879916E-05  1.661318E-05
200109 -3.931696E-05  1.612048E-05
200110 -3.887492E-05  1.653645E-05
200111 -3.755864E-05  1.785160E-05
200112 -3.562516E-05  1.999857E-05
200113 -3.345199E-05  2.284681E-05
200114 -3.146890E-05  2.620888E-05
200115 -3.008745E-05  2.985659E-05
200116 -2.963561E-05  3.353268E-05
200117 -3.029503E-05  3.694006E-05
200118 -3.203810E-05  3.970741E-05
200119 -3.457691E-05  4.136078E-05
200120 -3.736108E-05  4.135550E-05
200121 -3.967181E-05  3.921234E-05
200122 -4.083062E-05  3.474671E-05
200123 -4.047143E-05  2.830294E-05
200124 -3.875278E-05  2.085886E-05
200125 -3.637279E-05  1.389259E-05
200126 -3.432766E-05  9.005197E-06
200127 -3.349523E-05  7.421234E-06
200128 -3.424173E-05  9.569067E-06
200129 -3.625719E-05  1.492524E-05
200130 -3.870695E-05  2.219400E-05
200131 -4.061433E-05  2.974281E-05
200132 -4.127128E-05  3.610530E-05
200133 -4.048124E-05  4.034981E-05
200134 -3.855280E-05  4.219645E-05
200135 -3.610158E-05  4.189492E-05
200136 -3.379359E-05  3.997625E-05
200137 -3.214863E-05  3.701572E-05
200138 -3.145163E-05  3.349495E-05
200139 -3.175257E-05  2.977319E-05
200140 -3.290915E-05  2.612265E-05
200141 -3.463882E-05  2.277206E-05
200142 -3.657153E-05  1.992674E-05
200143 -3.830868E-05  1.776386E-05
200144 -3.949115E-05  1.641793E-05
200145  2.407086E-05  1.999520E-06
200146  2.412181E-05  1.763619E-06
200147  2.411677E-05  1.278533E-06
200148  2.372392E-05  6.901307E-07
200149  2.268812E-05 -9.220695E-08
200150  2.113167E-05 -1.553819E-06
200151  1.971658E-05 -4.386219E-06
200152  1.942251E-05 -8.900279E-06
200153  2.086570E-05 -1.434258E-05
200154  2.352037E-05 -1.871799E-05
200155  2.559100E-05 -1.959892E-05
200156  2.507177E-05 -1.569707E-05
200157  2.154663E-05 -8.138994E-06
200158  1.725991E-05 -2.774268E-07
200159  1.611238E-05  4.144480E-06
200160  2.083971E-05  3.309015E-06
200161  3.044989E-05 -1.527442E-06
200162  4.020877E-05 -6.856500E-06
200163  4.457404E-05 -9.120012E-06
200164  4.101288E-05 -6.873423E-06
200165  3.177302E-05 -1.641848E-06
200166  2.223285E-05  2.999100E-06
200167  1.715305E-05  3.607204E-06
200168  1.772929E-05 -9.610397E-07
200169  2.151505E-05 -8.800182E-06
200170  2.485254E-05 -1.616497E-05
200171  2.558231E-05 -1.979459E-05
200172  2.401016E-05 -1.869546E-05
200173  2.189624E-05 -1.424621E-05
200174  2.078258E-05 -8.861448E-06
200175  2.106119E-05 -4.426437E-06
200176  2.215875E-05 -1.563564E-06
200177  2.327170E-05  9.214702E-08
200178  2.393369E-05  1.157762E-06
200179  2.412666E-05  1.952350E-06
200180  2.407768E-05  2.414438E-06
200181  2.400603E-05  2.364624E-06
200182  2.397281E-05  1.803607E-06
200183  2.385298E-05  9.885583E-07
200184  2.340911E-05  2.228688E-07
200185  2.246314E-05 -4.935573E-07
200186  2.113472E-05 -1.671215E-06
200187  1.999944E-05 -4.130548E-06
200188  1.992177E-05 -8.349950E-06
200189  2.144460E-05 -1.370083E-05
200190  2.404546E-05 -1.821650E-05
200191  2.598896E-05 -1.940081E-05
200192  2.533554E-05 -1.584515E-05
200193  2.170089E-05 -8.562679E-06
200194  1.731983E-05 -8.366606E-07
200195  1.606316E-05  3.613310E-06
200196  2.064350E-05  2.966693E-06
200197  3.007334E-05 -1.534520E-06
200198  3.966185E-05 -6.412648E-06
200199  4.394623E-05 -8.173067E-06
200200  4.048132E-05 -5.473710E-06
200201  3.155701E-05  3.949958E-08
200202  2.249719E-05  4.695579E-06
200203  1.790635E-05  5.027635E-06
200204  1.878327E-05 -4.082408E-08
200205  2.254091E-05 -8.463140E-06
200206  2.551104E-05 -1.632960E-05
200207  2.566060E-05 -2.025402E-05
200208  2.349962E-05 -1.920224E-05
200209  2.098152E-05 -1.460651E-05
200210  1.975458E-05 -9.000467E-06
200211  2.019588E-05 -4.401319E-06
200212  2.161469E-05 -1.521667E-06
200213  2.305060E-05 -7.892781E-09
200214  2.392010E-05  8.301876E-07
200215  2.418127E-05  1.437698E-06
200216  2.412685E-05  1.871671E-06
200217 -1.818128E-05 -7.007419E-06
200218 -1.742672E-05 -7.996634E-06
200219 -1.562820E-05 -9.348500E-06
200220 -1.294748E-05 -9.929291E-06
200221 -1.022125E-05 -8.317248E-06
200222 -9.251550E-06 -3.448229E-06
200223 -1.188848E-05  4.090321E-06
200224 -1.774934E-05  1.104060E-05
200225 -2.265292E-05  1.274714E-05
200226 -2.095764E-05  7.168371E-06
200227 -1.157134E-05 -1.943924E-06
200228 -1.513258E-06 -7.355399E-06
200229 -9.146679E-07 -5.161943E-06
200230 -1.260661E-05  1.269224E-06
200231 -2.761561E-05  5.109076E-06
200232 -3.286415E-05  3.087673E-06
200233 -2.375679E-05 -2.380552E-06
200234 -8.735064E-06 -7.020655E-06
200235 -1.490143E-06 -8.460264E-06
200236 -8.559710E-06 -6.313733E-06
200237 -2.352160E-05 -1.286836E-06
200238 -3.275264E-05  4.101484E-06
200239 -2.779931E-05  5.681118E-06
200240 -1.314815E-05  1.324806E-06
200241 -1.684088E-06 -5.408019E-06
200242 -2.184272E-06 -7.575470E-06
200243 -1.175625E-05 -1.939908E-06
200244 -2.044378E-05  7.312379E-06
200245 -2.159351E-05  1.271289E-05
200246 -1.665308E-05  1.051658E-05
200247 -1.136663E-05  3.053188E-06
200248 -9.643178E-06 -4.631741E-06
200249 -1.133095E-05 -9.087008E-06
200250 -1.410377E-05 -9.920170E-06
200251 -1.607296E-05 -8.690704E-06
200252 -1.678892E-05 -7.284605E-06
200253 -1.669639E-05 -6.929659E-06
200254 -1.617893E-05 -7.871553E-06
200255 -1.509338E-05 -9.431334E-06
200256 -1.311550E-05 -1.024825E-05
200257 -1.065136E-05 -8.670944E-06
200258 -9.430235E-06 -3.543767E-06
200259 -1.158946E-05  4.451281E-06
200260 -1.712119E-05  1.183750E-05
200261 -2.201268E-05  1.375226E-05
200262 -2.051443E-05  8.091116E-06
200263 -1.133103E-05 -1.276569E-06
200264 -1.412095E-06 -6.915735E-06
200265 -9.941713E-07 -4.795836E-06
200266 -1.300772E-05  1.683458E-06
200267 -2.838633E-05  5.558501E-06
200268 -3.381459E-05  3.458390E-06
200269 -2.456606E-05 -2.183716E-06
200270 -9.214599E-06 -6.988737E-06
200271 -1.697701E-06 -8.501451E-06
200272 -8.630279E-06 -6.345917E-06
200273 -2.344134E-05 -1.308304E-06
200274 -3.237801E-05  4.018240E-06
200275 -2.710491E-05  5.451885E-06
200276 -1.239124E-05  9.191515E-07
200277 -1.280338E-06 -5.933385E-06
200278 -2.428837E-06 -8.087087E-06
200279 -1.265782E-05 -2.277863E-06
200280 -2.175868E-05  7.274115E-06
200281 -2.294931E-05  1.304200E-05
200282 -1.766280E-05  1.124166E-05
200283 -1.174747E-05  4.173298E-06
200284 -9.361989E-06 -3.192635E-06
200285 -1.069520E-05 -7.538257E-06
200286 -1.366715E-05 -8.578082E-06
200287 -1.633465E-05 -7.834802E-06
200288 -1.785798E-05 -6.988546E-06
200289  1.251258E-05  1.083998E-05
200290  1.161520E-05  1.083330E-05
200291  8.642029E-06  1.160180E-05
200292  4.605156E-06  1.117575E-05
200293  2.936182E-06  6.631808E-06
200294  7.604958E-06 -2.226629E-06
200295  1.725010E-05 -9.560540E-06
200296  2.237374E-05 -7.874777E-06
200297  1.447436E-05  1.548339E-06
200298 -1.367286E-07  7.545740E-06
200299 -4.194224E-06  3.720738E-06
200300  7.670321E-06 -1.839939E-06
200301  2.000850E-05  2.867307E-07
200302  1.819477E-05  4.894053E-06
200303  8.314451E-06  1.150340E-06
200304  5.953519E-06 -7.862092E-06
200305  1.469277E-05 -8.762905E-06
200306  2.546483E-05  5.337341E-07
200307  2.973293E-05  6.495919E-06
200308  2.502669E-05  2.207374E-07
200309  1.411135E-05 -9.010762E-06
200310  5.672984E-06 -7.659802E-06
200311  8.673145E-06  1.882151E-06
200312  1.922319E-05  5.930262E-06
200313  2.146638E-05  1.285551E-06
200314  9.268275E-06 -1.147109E-06
200315 -2.638919E-06  4.019014E-06
200316  1.300170E-06  7.505922E-06
200317  1.577763E-05  1.234296E-06
200318  2.350973E-05 -8.444511E-06
200319  1.803151E-05 -1.029533E-05
200320  7.703260E-06 -2.868020E-06
200321  2.209469E-06  6.392532E-06
200322  3.428222E-06  1.146996E-05
200323  7.747707E-06  1.227374E-05
200324  1.150232E-05  1.151397E-05
200325  1.302973E-05  1.113292E-05
200326  1.188505E-05  1.166362E-05
200327  8.208196E-06  1.255896E-05
200328  3.610564E-06  1.184907E-05
200329  2.027827E-06  6.792908E-06
200330  7.409532E-06 -2.513578E-06
200331  1.789796E-05 -9.985719E-06
200332  2.346749E-05 -8.121941E-06
200333  1.549236E-05  1.538019E-06
200334  6.315941E-07  7.560514E-06
200335 -3.392982E-06  3.546752E-06
200336  8.831226E-06 -2.176856E-06
200337  2.131221E-05 -4.093588E-09
200338  1.880446E-05  4.780864E-06
200339  7.517220E-06  1.117439E-06
200340  4.034445E-06 -8.018644E-06
200341  1.283075E-05 -9.096542E-06
200342  2.459546E-05  2.255136E-07
200343  2.969559E-05  6.483298E-06
200344  2.502129E-05  5.350870E-07
200345  1.376295E-05 -8.663475E-06
200346  5.266557E-06 -7.649590E-06
200347  8.428378E-06  1.435314E-06
200348  1.884254E-05  5.245876E-06
200349  2.060921E-05  7.620925E-07
200350  8.130541E-06 -1.163722E-06
200351 -3.529471E-06  4.592624E-06
200352  8.825344E-07  8.377023E-06
200353  1.559171E-05  1.902181E-06
200354  2.327360E-05 -8.247688E-06
200355  1.780974E-05 -1.032268E-05
200356  7.810693E-06 -2.597231E-06
200357  2.799797E-06  7.243474E-06
200358  4.229420E-06  1.268843E-05
200359  8.232643E-06  1.333831E-05
200360  1.136416E-05  1.196788E-05
200361 -4.973767E-06 -1.265507E-05
200362 -2.562558E-06 -1.320492E-05
200363  2.476223E-06 -1.313902E-05
200364  4.218406E-06 -7.621611E-06
200365 -3.521652E-06  3.412392E-06
200366 -1.762683E-05  9.865585E-06
200367 -2.153799E-05  2.660367E-06
200368 -6.364206E-06 -8.406137E-06
200369  7.567809E-06 -6.246610E-06
200370 -7.640204E-07  2.716394E-06
200371 -1.475614E-05 -9.647065E-07
200372 -1.104639E-05 -1.065077E-05
200373 -3.158284E-06 -5.184475E-06
200374 -9.502172E-06  8.044857E-06
200375 -1.542208E-05  5.848986E-06
200376 -7.434232E-06 -6.890326E-06
200377 -3.454356E-06 -6.275381E-06
200378 -1.644692E-05  9.558100E-06
200379 -2.643302E-05  1.855534E-05
200380 -1.619170E-05  7.870779E-06
200381 -2.930035E-06 -8.277266E-06
200382 -6.776131E-06 -7.898459E-06
200383 -1.490440E-05  6.114772E-06
200384 -9.346889E-06  9.069812E-06
200385 -3.365840E-06 -4.134031E-06
200386 -1.138849E-05 -1.011044E-05
200387 -1.505535E-05 -9.792501E-07
200388 -1.136294E-06  2.539518E-06
200389  7.048693E-06 -6.244572E-06
200390 -6.625922E-06 -8.269839E-06
200391 -2.106704E-05  2.786606E-06
200392 -1.663929E-05  1.006699E-05
200393 -2.772369E-06  3.732041E-06
200394  4.316262E-06 -7.486337E-06
200395  2.158632E-06 -1.346861E-05
200396 -2.914385E-06 -1.374821E-05
200397 -5.202149E-06 -1.281540E-05
200398 -2.784034E-06 -1.318653E-05
200399  2.073500E-06 -1.289831E-05
200400  3.470186E-06 -7.404827E-06
200401 -4.520035E-06  3.361185E-06
200402 -1.853700E-05  9.589691E-06
200403 -2.203219E-05  2.459279E-06
200404 -6.404148E-06 -8.273796E-06
200405  7.649941E-06 -5.878348E-06
200406 -9.930774E-07  2.933956E-06
200407 -1.530539E-05 -1.093464E-06
200408 -1.126584E-05 -1.084430E-05
200409 -2.394833E-06 -4.973824E-06
200410 -8.157245E-06  8.822836E-06
200411 -1.482163E-05  6.872214E-06
200412 -8.209002E-06 -6.174459E-06
200413 -4.616998E-06 -6.167114E-06
200414 -1.671599E-05  9.365154E-06
200415 -2.595806E-05  1.880859E-05
200416 -1.612777E-05  9.040510E-06
200417 -3.601934E-06 -6.577297E-06
200418 -7.293641E-06 -6.607890E-06
200419 -1.470359E-05  6.367741E-06
200420 -9.046301E-06  8.387015E-06
200421 -3.596290E-06 -5.196321E-06
200422 -1.169764E-05 -1.091844E-05
200423 -1.467389E-05 -1.107670E-06
200424 -1.891514E-07  2.922313E-06
200425  7.701977E-06 -6.074219E-06
200426 -6.901137E-06 -8.727676E-06
200427 -2.223930E-05  2.143923E-06
200428 -1.819533E-05  9.846274E-06
200429 -4.084666E-06  3.904054E-06
200430  3.630985E-06 -7.306346E-06
200431  2.069134E-06 -1.338476E-05
200432 -2.709451E-06 -1.361669E-05
200433 -8.324227E-06  1.593420E-05
200434 -1.013908E-05  1.491356E-05
200435 -1.077727E-05  7.725891E-06
200436 -8.995641E-07 -5.754220E-06
200437  1.831221E-05 -1.195455E-05
200438  2.117117E-05 -4.363191E-07
200439 -1.591454E-06  9.823544E-06
200440 -1.046504E-05  1.334629E-06
200441  7.443360E-06 -3.364587E-06
200442  9.285494E-06  8.935123E-06
200443 -3.704534E-06  1.013763E-05
200444  5.903296E-06 -4.123204E-06
200445  1.702079E-05 -4.960078E-06
200446  2.155501E-06  3.975198E-06
200447 -7.100577E-06  9.798247E-07
200448  7.785665E-06 -5.489733E-06
200449  1.601898E-05 -5.655641E-06
200450  2.499260E-06 -8.997868E-06
200451 -8.102659E-06 -1.324029E-05
200452  2.615055E-06 -9.480939E-06
200453  1.669585E-05 -5.757783E-06
200454  8.793334E-06 -5.033895E-06
200455 -6.582653E-06  1.453545E-06
200456  1.828474E-06  4.188813E-06
200457  1.610926E-05 -4.974588E-06
200458  4.854514E-06 -4.263443E-06
200459 -4.440168E-06  1.012689E-05
200460  8.981171E-06  9.374704E-06
200461  7.245255E-06 -2.531181E-06
200462 -1.074949E-05  1.816938E-06
200463 -1.808340E-06  9.305622E-06
200464  2.107362E-05 -1.417727E-06
200465  1.827595E-05 -1.237626E-05
200466 -6.679721E-07 -5.622241E-06
200467 -1.016997E-05  7.545197E-06
200468 -9.771940E-06  1.409830E-05
200469 -8.774033E-06  1.531750E-05
200470 -1.017848E-05  1.437214E-05
200471 -1.044361E-05  7.536980E-06
200472 -8.849496E-07 -6.228901E-06
200473  1.758529E-05 -1.288768E-05
200474  2.001182E-05 -1.216027E-06
200475 -2.587128E-06  9.587951E-06
200476 -1.097990E-05  1.517975E-06
200477  7.302071E-06 -3.102048E-06
200478  9.085200E-06  8.899952E-06
200479 -4.468820E-06  9.688725E-06
200480  4.664165E-06 -4.723379E-06
200481  1.629506E-05 -5.339904E-06
200482  2.604739E-06  4.027262E-06
200483 -6.280299E-06  1.405639E-06
200484  7.934314E-06 -4.988470E-06
200485  1.588038E-05 -5.528992E-06
200486  3.128543E-06 -9.544962E-06
200487 -6.749323E-06 -1.410150E-05
200488  3.547159E-06 -9.860939E-06
200489  1.661642E-05 -5.447433E-06
200490  8.568758E-06 -4.625795E-06
200491 -5.958380E-06  1.523116E-06
200492  2.955007E-06  4.147682E-06
200493  1.692731E-05 -4.873517E-06
200494  5.411341E-06 -4.126060E-06
200495 -3.888424E-06  1.036918E-05
200496  9.206436E-06  9.818059E-06
200497  6.924921E-06 -2.420657E-06
200498 -1.134276E-05  1.352270E-06
200499 -2.504889E-06  9.152621E-06
200500  2.019723E-05 -7.729505E-07
200501  1.728166E-05 -1.189199E-05
200502 -1.516352E-06 -6.142593E-06
200503 -1.054255E-05  6.627052E-06
200504 -9.529974E-06  1.391000E-05
200505  2.150700E-05 -1.026814E-05
200506  1.903608E-05 -4.334898E-06
200507  5.628258E-06  9.835049E-06
200508 -1.926313E-05  1.531897E-05
200509 -1.873714E-05 -2.546753E-07
200510  1.269705E-05 -8.202363E-06
200511  1.089483E-05  4.301906E-06
200512 -1.177156E-05  1.592920E-06
200513  2.690043E-06 -1.080723E-05
200514  7.018518E-06 -3.062887E-06
200515 -1.360775E-05  3.114435E-06
200516 -4.949972E-06 -2.732257E-06
200517  7.638397E-06  1.312153E-06
200518 -2.702146E-06  4.685798E-06
200519 -4.298258E-06 -2.226599E-06
200520  2.405207E-07  3.096649E-06
200521 -1.975081E-06  1.433809E-05
200522  5.270621E-06  6.450085E-06
200523  1.345415E-05 -3.585856E-06
200524  4.818164E-06  6.759364E-06
200525 -1.989905E-06  1.493929E-05
200526  7.596502E-07  3.132540E-06
200527 -4.005490E-06 -2.986609E-06
200528 -2.554071E-06  3.979361E-06
200529  8.140748E-06  9.805698E-07
200530 -4.661091E-06 -2.802477E-06
200531 -1.392630E-05  3.269254E-06
200532  7.025806E-06 -2.870472E-06
200533  3.564489E-06 -1.043796E-05
200534 -1.085772E-05  2.094645E-06
200535  1.095775E-05  4.204642E-06
200536  1.197026E-05 -8.817281E-06
200537 -1.947421E-05 -4.215015E-07
200538 -1.910032E-05  1.579276E-05
200539  6.922531E-06  1.017433E-05
200540  2.008766E-05 -4.788583E-06
200541  2.084538E-05 -1.082968E-05
200542  1.882334E-05 -4.273805E-06
200543  5.966486E-06  1.084998E-05
200544 -1.922507E-05  1.573359E-05
200545 -1.929429E-05 -6.291078E-07
200546  1.215319E-05 -8.089723E-06
200547  1.078381E-05  4.858180E-06
200548 -1.179111E-05  1.838674E-06
200549  2.472270E-06 -1.080675E-05
200550  7.020804E-06 -2.986834E-06
200551 -1.320858E-05  3.325622E-06
200552 -4.852588E-06 -2.633023E-06
200553  7.137592E-06  1.053037E-06
200554 -3.303203E-06  4.181741E-06
200555 -4.903276E-06 -2.768015E-06
200556 -4.600523E-07  2.917279E-06
200557 -2.322343E-06  1.490208E-05
200558  5.551547E-06  7.236379E-06
200559  1.414483E-05 -3.298566E-06
200560  5.419347E-06  6.738538E-06
200561 -2.214349E-06  1.495416E-05
200562 -1.263918E-07  3.069913E-06
200563 -4.284656E-06 -3.038230E-06
200564 -1.831047E-06  4.542684E-06
200565  9.091276E-06  2.336530E-06
200566 -3.878882E-06 -1.645728E-06
200567 -1.342987E-05  3.716739E-06
200568  6.912475E-06 -2.386304E-06
200569  3.142845E-06 -1.006665E-05
200570 -1.086063E-05  1.741616E-06
200571  1.142590E-05  3.984673E-06
200572  1.249310E-05 -8.286682E-06
200573 -1.926009E-05 -9.872055E-08
200574 -1.946380E-05  1.512812E-05
200575  6.363658E-06  9.094023E-06
200576  2.020225E-05 -5.084081E-06
200577 -2.089097E-05 -7.254106E-06
200578 -8.896242E-06 -1.519762E-05
200579  2.125933E-05 -1.883525E-05
200580  1.825884E-05  1.079009E-06
200581 -2.224267E-05  5.004512E-06
200582 -9.747419E-06 -8.410511E-06
200583  9.425278E-06  8.605572E-07
200584 -1.492898E-05  5.616567E-06
200585 -1.055666E-06 -1.723799E-06
200586  9.614119E-06  1.068612E-06
200587 -7.774528E-06 -8.341574E-07
200588  7.947164E-07 -5.891588E-06
200589 -5.889004E-07 -4.944630E-07
200590 -9.567104E-06  2.180350E-06
200591  2.581144E-06 -2.686147E-06
200592 -2.636130E-06 -3.360762E-06
200593 -2.011965E-05 -1.652076E-06
200594 -1.168864E-05  5.674854E-07
200595  8.372780E-07  2.881564E-06
200596 -1.118346E-05  9.531800E-07
200597 -1.945840E-05 -1.160630E-06
200598 -1.946890E-06 -3.680714E-06
200599  2.419699E-06 -3.421625E-06
200600 -1.058244E-05  2.213661E-06
200601 -1.076470E-06 -1.605287E-07
200602  5.514057E-07 -5.751244E-06
200603 -8.761461E-06 -6.569869E-07
200604  8.977706E-06  7.874297E-07
200605 -5.266112E-07 -2.118838E-06
200606 -1.435793E-05  6.044093E-06
200607  9.071990E-06  1.506133E-06
200608 -1.060307E-05 -8.134678E-06
200609 -2.279885E-05  5.084390E-06
200610  1.818817E-05  1.078001E-06
200611  2.181879E-05 -1.874001E-05
200612 -8.318221E-06 -1.525294E-05
200613 -2.140403E-05 -7.435111E-06
200614 -9.104530E-06 -1.546507E-05
200615  2.152570E-05 -1.840700E-05
200616  1.845353E-05  9.377457E-07
200617 -2.247871E-05  4.568874E-06
200618 -1.006791E-05 -7.607733E-06
200619  9.547728E-06  2.028629E-06
200620 -1.465636E-05  5.982052E-06
200621 -1.163725E-06 -1.771764E-06
200622  9.608245E-06  1.022017E-06
200623 -7.121769E-06 -5.124604E-07
200624  1.371771E-06 -5.321143E-06
200625 -8.225679E-07 -1.173372E-07
200626 -1.023881E-05  2.548136E-06
200627  1.951800E-06 -2.549735E-06
200628 -2.940657E-06 -3.533383E-06
200629 -1.986785E-05 -1.237632E-06
200630 -1.144419E-05  1.387533E-06
200631  6.763860E-07  3.099499E-06
200632 -1.121608E-05  8.180107E-07
200633 -1.958272E-05 -1.120302E-06
200634 -2.535261E-06 -3.568682E-06
200635  2.236490E-06 -3.416210E-06
200636 -9.970378E-06  2.262383E-06
200637 -4.044210E-07  4.176444E-07
200638  1.170180E-06 -5.351487E-06
200639 -8.039768E-06 -1.120427E-06
200640  9.216561E-06  6.249752E-07
200641 -7.712195E-07 -2.022781E-06
200642 -1.443765E-05  5.451463E-06
200643  9.291130E-06  1.011457E-06
200644 -1.020608E-05 -8.030911E-06
200645 -2.249918E-05  5.195491E-06
200646  1.778305E-05  7.475909E-07
200647  2.094994E-05 -1.971714E-05
200648 -8.489818E-06 -1.613075E-05
200649 -1.867749E-05  3.062076E-05
200650 -3.512117E-05  2.209872E-05
200651 -2.107012E-05 -4.481768E-06
200652  3.307321E-05 -3.593266E-07
200653  7.332623E-06  9.056668E-06
200654 -8.175665E-06 -3.792020E-06
200655  1.810736E-05  2.261710E-06
200656 -6.480577E-06  5.451955E-07
200657  1.077458E-06  1.102625E-06
200658  6.118067E-06  6.585997E-06
200659 -3.829230E-06  1.360639E-06
200660  1.274071E-05  1.307855E-06
200661  5.224859E-06 -1.997654E-07
200662  6.256512E-07  6.279826E-07
200663  1.103754E-05  6.887534E-06
200664  7.291385E-06  2.314329E-06
200665  7.914090E-06 -1.107601E-05
200666  6.850341E-06 -7.512956E-06
200667  1.311584E-06  2.477596E-06
200668  7.702006E-06 -6.896770E-06
200669  8.424842E-06 -1.041606E-05
200670  8.160467E-06  2.376608E-06
200671  1.161041E-05  6.562794E-06
200672 -2.073288E-07  7.974319E-07
200673  4.190722E-06  9.061697E-08
200674  1.214310E-05  1.373317E-06
200675 -4.462239E-06  1.687536E-06
200676  6.122526E-06  6.706339E-06
200677  1.585643E-06  1.004316E-06
200678 -6.301950E-06  7.598678E-07
200679  1.783781E-05  2.070332E-06
200680 -8.492772E-06 -4.321522E-06
200681  7.405724E-06  8.728516E-06
200682  3.282792E-05 -5.591200E-07
200683 -2.176544E-05 -4.374155E-06
200684 -3.578552E-05  2.226376E-05
200685 -1.935664E-05  3.042345E-05
200686 -3.559260E-05  2.115134E-05
200687 -2.130217E-05 -5.286969E-06
200688  3.333010E-05 -1.275412E-06
200689  7.498120E-06  8.128273E-06
200690 -8.542795E-06 -3.816269E-06
200691  1.805547E-05  2.473240E-06
200692 -5.960922E-06  7.064201E-07
200693  1.533419E-06  1.548439E-06
200694  6.465268E-06  6.705512E-06
200695 -3.441635E-06  1.739686E-06
200696  1.290277E-05  2.190173E-06
200697  5.142457E-06  1.250976E-07
200698  7.237651E-07  7.479504E-07
200699  1.163044E-05  7.071642E-06
200700  8.036036E-06  2.154064E-06
200701  8.449274E-06 -1.097686E-05
200702  6.961101E-06 -7.322332E-06
200703  1.162159E-06  1.690054E-06
200704  7.934851E-06 -7.905504E-06
200705  8.725218E-06 -1.049823E-05
200706  8.182556E-06  3.081686E-06
200707  1.182968E-05  7.355743E-06
200708  3.113781E-07  9.372451E-07
200709  4.586222E-06  2.609629E-07
200710  1.276690E-05  1.739743E-06
200711 -3.484534E-06  1.506287E-06
200712  6.214524E-06  6.672301E-06
200713  8.603610E-07  6.700621E-07
200714 -6.813366E-06 -1.856298E-07
200715  1.776679E-05  1.916621E-06
200716 -8.211522E-06 -3.900925E-06
200717  7.893273E-06  9.012640E-06
200718  3.309260E-05 -3.960315E-07
200719 -2.178469E-05 -4.603207E-06
200720 -3.537759E-05  2.178021E-05
200721  7.488704E-05 -1.595163E-05
200722  2.974794E-05  8.341270E-06
200723 -4.525839E-05 -5.522656E-06
200724 -2.542181E-06 -3.073269E-06
200725  9.904338E-06  7.606696E-06
200726 -1.537476E-05 -7.385952E-06
200727  1.136983E-05  6.795613E-06
200728 -6.363287E-06 -7.168978E-06
200729  2.772153E-06 -4.140193E-06
200730 -2.196342E-06 -7.960544E-07
200731 -1.007097E-05 -7.007070E-06
200732  1.644595E-06  3.499993E-06
200733 -5.221573E-06 -2.577503E-06
200734  2.781350E-06 -1.353330E-06
200735 -2.163012E-06  5.988906E-06
200736 -9.954577E-06  5.025436E-06
200737  1.016149E-05  2.074383E-06
200738  6.478094E-06  1.233894E-06
200739 -9.992819E-06  3.076393E-06
200740  6.388455E-06  1.834301E-06
200741  9.524036E-06  2.229341E-06
200742 -9.744616E-06  4.836019E-06
200743 -1.357439E-06  5.288836E-06
200744  3.209373E-06 -1.978885E-06
200745 -5.176295E-06 -2.593397E-06
200746  1.461365E-06  3.721304E-06
200747 -1.007625E-05 -6.480422E-06
200748 -1.342869E-06 -1.146928E-07
200749  3.498954E-06 -3.678779E-06
200750 -5.670589E-06 -6.912993E-06
200751  1.239692E-05  6.105661E-06
200752 -1.463531E-05 -8.352512E-06
200753  1.048405E-05  7.352411E-06
200754 -2.773844E-06 -2.965670E-06
200755 -4.603368E-05 -5.616455E-06
200756  2.896189E-05  7.800344E-06
200757  7.445390E-05 -1.625508E-05
200758  2.955662E-05  7.864596E-06
200759 -4.559081E-05 -5.961486E-06
200760 -2.401098E-06 -2.988799E-06
200761  1.021929E-05  7.276091E-06
200762 -1.557895E-05 -8.054682E-06
200763  1.151074E-05  6.286574E-06
200764 -5.745135E-06 -6.893549E-06
200765  3.228483E-06 -3.041045E-06
200766 -1.757279E-06 -2.347510E-07
200767 -9.864050E-06 -6.197918E-06
200768  1.557585E-06  4.995813E-06
200769 -5.081342E-06 -2.466643E-06
200770  3.078346E-06 -2.404432E-06
200771 -1.535626E-06  5.360297E-06
200772 -9.387783E-06  4.734129E-06
200773  9.969306E-06  2.059976E-06
200774  5.923384E-06  1.523629E-06
200775 -9.994961E-06  2.490404E-06
200776  6.966245E-06  7.760285E-07
200777  9.528151E-06  2.178919E-06
200778 -1.004543E-05  5.664332E-06
200779 -1.411914E-06  6.293023E-06
200780  3.302608E-06 -1.515485E-06
200781 -5.115803E-06 -2.132797E-06
200782  1.977110E-06  4.506325E-06
200783 -9.065113E-06 -6.112604E-06
200784 -1.537430E-06  1.942299E-07
200785  2.660764E-06 -4.037132E-06
200786 -6.122383E-06 -7.581328E-06
200787  1.230166E-05  6.645893E-06
200788 -1.451294E-05 -7.667370E-06
200789  1.077385E-05  7.615751E-06
200790 -2.211555E-06 -2.711960E-06
200791 -4.571884E-05 -4.959630E-06
200792  2.936791E-05  8.633447E-06
200793  5.476351E-05 -4.324160E-05
200794  7.530816E-05  1.590959E-05
200795 -6.329617E-06 -1.041656E-05
200796 -1.908601E-05 -1.053945E-05
200797  9.194605E-06  1.051394E-05
200798 -1.420092E-05 -1.364711E-05
200799  4.299549E-06  1.355719E-05
200800 -8.587665E-06 -6.096282E-06
200801  5.869305E-06  2.564479E-06
200802 -1.936531E-06  4.582849E-07
200803 -1.839543E-06 -6.512674E-06
200804 -2.186336E-06  4.819658E-06
200805 -8.771465E-06 -4.832712E-06
200806  5.932610E-06  3.366444E-06
200807 -5.429425E-06 -1.568744E-07
200808 -1.350382E-05 -3.485836E-06
200809 -2.968732E-06  7.770316E-06
200810 -4.974456E-06  4.863626E-06
200811 -1.046205E-05 -1.319277E-06
200812 -5.691439E-06  5.236173E-06
200813 -3.796422E-06  7.282773E-06
200814 -1.407790E-05 -4.031209E-06
200815 -6.016392E-06 -1.044262E-06
200816  6.295422E-06  2.473143E-06
200817 -8.054730E-06 -5.019516E-06
200818 -2.123644E-06  4.877954E-06
200819 -1.840043E-06 -6.136630E-06
200820 -1.225827E-06  1.351285E-06
200821  6.089169E-06  2.999181E-06
200822 -7.922737E-06 -5.763473E-06
200823  5.657632E-06  1.334129E-05
200824 -1.335870E-05 -1.404897E-05
200825  9.578480E-06  1.062829E-05
200826 -1.970739E-05 -1.045603E-05
200827 -6.490204E-06 -1.086770E-05
200828  7.533132E-05  1.475555E-05
200829  5.449395E-05 -4.329153E-05
200830  7.549040E-05  1.632049E-05
200831 -6.341158E-06 -1.005817E-05
200832 -1.926223E-05 -9.410606E-06
200833  9.257386E-06  1.080454E-05
200834 -1.439406E-05 -1.426037E-05
200835  4.293511E-06  1.344517E-05
200836 -8.469930E-06 -5.463333E-06
200837  5.719443E-06  3.678571E-06
200838 -1.652372E-06  9.116412E-07
200839 -1.526593E-06 -6.031077E-06
200840 -2.235640E-06  5.963109E-06
200841 -8.530280E-06 -5.042452E-06
200842  5.848625E-06  1.859073E-06
200843 -5.764348E-06 -9.534260E-07
200844 -1.366533E-05 -3.771743E-06
200845 -3.403981E-06  7.253977E-06
200846 -5.685829E-06  4.888261E-06
200847 -1.041681E-05 -1.540839E-06
200848 -4.923094E-06  4.406918E-06
200849 -4.029503E-06  7.136493E-06
200850 -1.437140E-05 -3.721513E-06
200851 -5.891848E-06 -8.381594E-07
200852  6.375107E-06  2.742755E-06
200853 -8.215795E-06 -4.489267E-06
200854 -2.020252E-06  5.469581E-06
200855 -9.422798E-07 -6.037600E-06
200856 -1.259160E-06  1.400345E-06
200857  5.850965E-06  2.854596E-06
200858 -8.230444E-06 -5.962105E-06
200859  5.292903E-06  1.391769E-05
200860 -1.353989E-05 -1.386635E-05
200861  9.323256E-06  1.057246E-05
200862 -1.941046E-05 -1.045293E-05
200863 -6.666641E-06 -1.034152E-05
200864  7.513328E-05  1.594961E-05
200865 -1.203905E-04 -3.778587E-05
200866  1.978501E-05  6.330913E-05
200867  3.688738E-05  3.866042E-06
200868 -1.122468E-05 -1.533055E-05
200869  1.125401E-05  1.825099E-05
200870 -2.152962E-06 -1.724110E-05
200871  6.316538E-06  1.503269E-05
200872 -5.321283E-06 -7.391972E-06
200873  7.212635E-06  8.235493E-06
200874 -1.347002E-06  1.891901E-06
200875  8.681211E-06  1.002746E-06
200876  2.719421E-06  5.849083E-06
200877  5.760894E-07 -5.725451E-06
200878  8.710170E-06  8.980092E-06
200879  2.433659E-06 -1.799795E-06
200880  5.843093E-06 -5.961901E-06
200881 -2.160990E-06  1.648040E-06
200882 -3.258872E-06 -9.723486E-07
200883  7.120581E-06 -2.956484E-06
200884 -3.963223E-06 -6.541226E-07
200885 -2.464864E-06  1.202903E-06
200886  4.940709E-06 -6.518562E-06
200887  5.291396E-07 -2.596641E-06
200888  8.217683E-06  8.376527E-06
200889  1.159261E-06 -6.054876E-06
200890  2.970012E-06  5.486174E-06
200891  8.545929E-06  1.081541E-06
200892 -1.229030E-06  2.734068E-06
200893  6.763766E-06  8.211934E-06
200894 -5.234089E-06 -7.235129E-06
200895  6.859974E-06  1.505927E-05
200896 -1.913332E-06 -1.717878E-05
200897  1.125874E-05  1.872665E-05
200898 -1.236644E-05 -1.548567E-05
200899  3.705446E-05  3.580450E-06
200900  2.036661E-05  6.249666E-05
200901 -1.208724E-04 -3.784072E-05
200902  1.981743E-05  6.389805E-05
200903  3.699938E-05  4.350388E-06
200904 -1.180632E-05 -1.422255E-05
200905  1.109428E-05  1.848505E-05
200906 -2.355039E-06 -1.777294E-05
200907  5.841922E-06  1.524410E-05
200908 -5.816937E-06 -6.898024E-06
200909  6.645481E-06  8.777637E-06
200910 -1.183964E-06  1.964183E-06
200911  9.277324E-06  8.243926E-07
200912  2.976073E-06  6.017068E-06
200913  9.975899E-07 -6.192276E-06
200914  8.564821E-06  8.013439E-06
200915  1.458204E-06 -2.019824E-06
200916  5.202780E-06 -6.111995E-06
200917 -2.182859E-06  6.596510E-07
200918 -3.525758E-06 -1.537180E-06
200919  7.243164E-06 -3.296822E-06
200920 -2.955638E-06 -1.320844E-06
200921 -2.339160E-06  1.049365E-06
200922  5.358938E-06 -6.441596E-06
200923  1.268815E-06 -3.015853E-06
200924  8.545446E-06  8.373341E-06
200925  1.026368E-06 -5.746962E-06
200926  2.764385E-06  5.557627E-06
200927  9.291186E-06  8.111191E-07
200928 -9.800885E-07  2.365812E-06
200929  7.155778E-06  8.284203E-06
200930 -5.517969E-06 -7.376421E-06
200931  6.401145E-06  1.509853E-05
200932 -1.916006E-06 -1.755903E-05
200933  1.091093E-05  1.843438E-05
200934 -1.207123E-05 -1.558307E-05
200935  3.666192E-05  3.419799E-06
200936  1.981900E-05  6.316620E-05
200937 -2.736327E-04 -7.883525E-05
200938 -6.923707E-05  8.211128E-05
200939  4.666860E-05  1.909432E-05
200940 -4.594242E-06 -1.960904E-05
200941  4.746348E-06  2.021121E-05
200942  3.973816E-06 -1.837440E-05
200943  6.198340E-06  1.163983E-05
200944 -1.385999E-06 -1.205759E-05
200945  4.799754E-06  6.032864E-06
200946 -3.908727E-06 -4.612003E-06
200947  7.910146E-06  3.378750E-06
200948  1.451469E-06  2.140771E-06
200949  6.642968E-06 -5.521818E-06
200950  3.732602E-06  8.049166E-06
200951  3.358783E-06 -2.567156E-06
200952  1.616494E-05  8.451615E-07
200953  2.672668E-06 -3.987185E-06
200954  1.640918E-06 -5.972620E-06
200955  1.594196E-05  1.669857E-06
200956  1.082101E-06 -5.541754E-06
200957  2.642167E-06 -3.944966E-06
200958  1.533131E-05  4.107904E-07
200959  1.393740E-06 -3.338246E-06
200960  2.798067E-06  7.693524E-06
200961  6.883894E-06 -5.923451E-06
200962  1.887042E-06  1.721009E-06
200963  7.739412E-06  3.318768E-06
200964 -4.171988E-06 -4.001213E-06
200965  4.211312E-06  5.624853E-06
200966 -1.619752E-06 -1.209259E-05
200967  6.134519E-06  1.136846E-05
200968  3.851515E-06 -1.827357E-05
200969  4.477656E-06  2.106349E-05
200970 -5.920275E-06 -1.992105E-05
200971  4.672325E-05  1.920090E-05
200972 -6.870058E-05  8.200213E-05
200973 -2.740294E-04 -7.925338E-05
200974 -6.943238E-05  8.240637E-05
200975  4.673792E-05  1.935460E-05
200976 -5.413122E-06 -1.899119E-05
200977  4.593387E-06  2.024957E-05
200978  3.992428E-06 -1.889737E-05
200979  5.629627E-06  1.160796E-05
200980 -1.952455E-06 -1.209434E-05
200981  4.355884E-06  6.014500E-06
200982 -3.820127E-06 -4.739523E-06
200983  8.614047E-06  3.012641E-06
200984  2.000311E-06  1.778476E-06
200985  7.208260E-06 -5.948337E-06
200986  3.788334E-06  7.918773E-06
200987  2.283525E-06 -2.246957E-06
200988  1.532308E-05  7.504849E-07
200989  2.982851E-06 -4.932125E-06
200990  1.802853E-06 -6.724287E-06
200991  1.617869E-05  1.163586E-06
200992  2.227923E-06 -5.921594E-06
200993  3.166228E-06 -3.906626E-06
200994  1.625783E-05  7.495066E-07
200995  2.374360E-06 -3.767754E-06
200996  3.162300E-06  7.603354E-06
200997  6.988514E-06 -5.873931E-06
200998  1.748298E-06  1.386032E-06
200999  8.297201E-06  3.031504E-06
201000 -3.860227E-06 -4.575915E-06
201001  4.853901E-06  5.868049E-06
201002 -1.789922E-06 -1.239958E-05
201003  5.941042E-06  1.106366E-05
201004  4.297501E-06 -1.861848E-05
201005  4.453963E-06  2.069832E-05
201006 -5.383209E-06 -1.991249E-05
201007  4.654557E-05  1.865406E-05
201008 -6.935055E-05  8.220963E-05
201009 -2.925493E-04 -1.554325E-04
201010 -1.180513E-04  5.804874E-05
201011  3.476483E-05  2.469886E-05
201012 -2.981131E-06 -2.211098E-05
201013 -5.310115E-06  1.540138E-05
201014  2.350357E-06 -1.693473E-05
201015  7.040493E-07  7.881176E-06
201016 -2.009253E-07 -1.319539E-05
201017  5.874994E-07  3.007661E-06
201018 -5.154661E-06 -1.080456E-05
201019  1.692207E-06  1.581338E-06
201020 -3.971575E-06 -3.821285E-06
201021  5.066375E-06 -3.613618E-06
201022 -4.030130E-06  3.257106E-06
201023 -1.523752E-06 -4.823390E-06
201024  9.502773E-06  7.202903E-06
201025  2.193321E-06 -4.896429E-06
201026  1.493729E-06 -6.443820E-06
201027  9.159125E-06  6.042284E-06
201028  1.013954E-06 -5.958246E-06
201029  2.114627E-06 -4.467334E-06
201030  8.903986E-06  6.887057E-06
201031 -2.772972E-06 -5.581767E-06
201032 -4.885383E-06  2.893106E-06
201033  5.078305E-06 -4.076902E-06
201034 -3.537641E-06 -3.960331E-06
201035  1.514671E-06  1.530404E-06
201036 -5.457709E-06 -1.043927E-05
201037  2.428699E-07  2.559161E-06
201038 -4.410620E-07 -1.325187E-05
201039  6.677106E-07  7.279942E-06
201040  2.254148E-06 -1.693460E-05
201041 -5.866515E-06  1.640084E-05
201042 -4.073204E-06 -2.255254E-05
201043  3.465068E-05  2.491271E-05
201044 -1.178461E-04  5.830775E-05
201045 -2.924685E-04 -1.560290E-04
201046 -1.182658E-04  5.820235E-05
201047  3.486203E-05  2.480236E-05
201048 -3.769285E-06 -2.191818E-05
201049 -5.401702E-06  1.540236E-05
201050  2.632155E-06 -1.732210E-05
201051  4.736295E-07  7.562076E-06
201052 -4.252014E-07 -1.356491E-05
201053  5.309772E-07  2.817167E-06
201054 -5.088553E-06 -1.092923E-05
201055  2.244818E-06  1.405610E-06
201056 -3.368961E-06 -4.204313E-06
201057  5.553142E-06 -3.885490E-06
201058 -3.936949E-06  3.653406E-06
201059 -2.497364E-06 -4.383938E-06
201060  8.678919E-06  7.031307E-06
201061  2.556869E-06 -5.480905E-06
201062  1.823679E-06 -6.971642E-06
201063  9.503085E-06  5.564443E-06
201064  2.055453E-06 -5.970910E-06
201065  2.686914E-06 -4.259755E-06
201066  9.735934E-06  7.515752E-06
201067 -2.001104E-06 -5.792344E-06
201068 -4.653134E-06  2.797456E-06
201069  5.455097E-06 -4.121285E-06
201070 -3.410927E-06 -4.450104E-06
201071  1.872555E-06  1.383744E-06
201072 -5.196110E-06 -1.105394E-05
201073  8.249211E-07  2.908378E-06
201074 -4.103247E-07 -1.359040E-05
201075  7.357542E-07  7.020225E-06
201076  2.855311E-06 -1.687713E-05
201077 -5.568939E-06  1.604603E-05
201078 -3.437476E-06 -2.240879E-05
201079  3.473390E-05  2.439800E-05
201080 -1.185171E-04  5.834891E-05
201081 -2.069300E-04 -2.102794E-04
201082 -1.208652E-04  1.937779E-05
201083  1.843952E-05  2.441406E-05
201084 -1.817005E-06 -2.053345E-05
201085 -1.147169E-05  9.246864E-06
201086 -1.010324E-06 -1.346249E-05
201087 -5.401832E-06  5.011623E-06
201088 -1.065994E-06 -1.006320E-05
201089 -3.462272E-06  2.199001E-06
201090 -4.302873E-06 -1.134920E-05
201091 -3.059447E-06  4.796965E-08
201092 -7.050355E-06 -7.715930E-06
201093  5.219275E-07 -9.674832E-07
201094 -8.584169E-06 -8.253884E-07
201095 -4.810281E-06 -6.742476E-06
201096 -1.905578E-06  8.010090E-06
201097 -1.185710E-06 -3.595214E-06
201098 -1.222702E-06 -4.736176E-06
201099 -1.793969E-06  6.102342E-06
201100 -1.651454E-06 -4.347079E-06
201101 -1.359159E-06 -3.044959E-06
201102 -2.283831E-06  7.817337E-06
201103 -5.343018E-06 -7.403841E-06
201104 -9.131369E-06 -1.332545E-06
201105  5.327871E-07 -1.535979E-06
201106 -6.766860E-06 -7.602428E-06
201107 -3.247798E-06  5.187801E-08
201108 -4.496380E-06 -1.108751E-05
201109 -3.597738E-06  1.956772E-06
201110 -1.258081E-06 -1.008594E-05
201111 -5.150051E-06  4.364345E-06
201112 -9.515394E-07 -1.349945E-05
201113 -1.224407E-05  1.000489E-05
201114 -2.385455E-06 -2.105621E-05
201115  1.837018E-05  2.451096E-05
201116 -1.209373E-04  1.960813E-05
201117 -2.064563E-04 -2.106842E-04
201118 -1.210602E-04  1.963744E-05
201119  1.867147E-05  2.449933E-05
201120 -2.364193E-06 -2.059246E-05
201121 -1.154003E-05  9.259034E-06
201122 -6.527860E-07 -1.361444E-05
201123 -5.279072E-06  4.698480E-06
201124 -9.912297E-07 -1.040779E-05
201125 -3.249513E-06  2.159784E-06
201126 -4.211920E-06 -1.136333E-05
201127 -2.741588E-06  9.286318E-08
201128 -6.528588E-06 -7.992945E-06
201129  8.276708E-07 -1.172271E-06
201130 -8.654583E-06 -3.281744E-07
201131 -5.655226E-06 -6.499743E-06
201132 -2.543640E-06  7.756923E-06
201133 -8.725270E-07 -3.811857E-06
201134 -8.932015E-07 -4.957087E-06
201135 -1.379941E-06  5.777615E-06
201136 -8.751947E-07 -4.071311E-06
201137 -9.681376E-07 -2.823763E-06
201138 -1.876933E-06  8.473002E-06
201139 -4.868702E-06 -7.445667E-06
201140 -8.994248E-06 -1.417194E-06
201141  1.030848E-06 -1.478245E-06
201142 -6.450875E-06 -8.047473E-06
201143 -3.047952E-06 -5.518767E-09
201144 -4.223231E-06 -1.163122E-05
201145 -3.199642E-06  2.321316E-06
201146 -1.098983E-06 -1.027465E-05
201147 -5.031483E-06  4.256405E-06
201148 -5.516078E-07 -1.313830E-05
201149 -1.180892E-05  9.720822E-06
201150 -1.906390E-06 -2.085087E-05
201151  1.857515E-05  2.419235E-05
201152 -1.215308E-04  1.963579E-05
201153 -8.690498E-05 -2.180629E-04
201154 -9.992029E-05 -1.544419E-05
201155  3.701356E-06  2.159241E-05
201156 -2.606901E-07 -1.584023E-05
201157 -1.364194E-05  4.768373E-06
201158 -3.516230E-06 -9.520915E-06
201159 -9.059357E-06  2.653749E-06
201160 -2.844919E-06 -5.746630E-06
201161 -6.476547E-06  2.002188E-06
201162 -3.483524E-06 -8.226211E-06
201163 -5.394645E-06 -4.180051E-07
201164 -7.104540E-06 -8.368491E-06
201165 -3.623308E-06  8.835161E-07
201166 -9.465078E-06 -2.831944E-06
201167 -5.104219E-06 -7.133231E-06
201168 -9.456111E-06  5.030693E-06
201169 -4.082337E-06 -2.377133E-06
201170 -3.550956E-06 -3.150078E-06
201171 -8.938863E-06  3.359477E-06
201172 -3.900233E-06 -2.958638E-06
201173 -4.287322E-06 -1.870586E-06
201174 -9.713297E-06  4.957216E-06
201175 -5.211179E-06 -7.664561E-06
201176 -9.653839E-06 -3.435226E-06
201177 -3.384995E-06  2.637793E-07
201178 -6.963487E-06 -8.168016E-06
201179 -5.600253E-06 -3.634169E-07
201180 -3.613540E-06 -7.944953E-06
201181 -6.603170E-06  1.970166E-06
201182 -2.992378E-06 -5.810844E-06
201183 -8.610519E-06  2.202163E-06
201184 -3.353369E-06 -9.500324E-06
201185 -1.437925E-05  5.079312E-06
201186 -2.404451E-07 -1.625717E-05
201187  3.832128E-06  2.163984E-05
201188 -1.000992E-04 -1.540096E-05
201189 -8.639079E-05 -2.181567E-04
201190 -1.001855E-04 -1.504945E-05
201191  4.092234E-06  2.176822E-05
201192 -4.806493E-07 -1.597723E-05
201193 -1.368632E-05  4.766187E-06
201194 -3.280966E-06 -9.484561E-06
201195 -8.830518E-06  2.523159E-06
201196 -2.708561E-06 -5.920842E-06
201197 -6.247517E-06  2.178151E-06
201198 -3.377857E-06 -8.087568E-06
201199 -5.252195E-06 -2.369383E-07
201200 -6.621785E-06 -8.560555E-06
201201 -3.426641E-06  6.808663E-07
201202 -9.736414E-06 -2.503797E-06
201203 -5.802585E-06 -7.196359E-06
201204 -9.857283E-06  4.791635E-06
201205 -3.811348E-06 -2.305742E-06
201206 -3.270770E-06 -3.148248E-06
201207 -8.510433E-06  3.210709E-06
201208 -3.422328E-06 -2.528170E-06
201209 -4.092715E-06 -1.747984E-06
201210 -9.723962E-06  5.393450E-06
201211 -4.924991E-06 -7.587297E-06
201212 -9.521976E-06 -3.478342E-06
201213 -2.984858E-06  4.984227E-07
201214 -6.635018E-06 -8.501350E-06
201215 -5.480677E-06 -4.171385E-07
201216 -3.268448E-06 -8.297317E-06
201217 -6.383747E-06  2.262643E-06
201218 -2.852880E-06 -5.801204E-06
201219 -8.565400E-06  2.145515E-06
201220 -3.254124E-06 -9.092065E-06
201221 -1.398154E-05  4.905119E-06
201222 -6.535311E-08 -1.612256E-05
201223  4.040764E-06  2.148169E-05
201224 -1.005260E-04 -1.531674E-05
