Mesh2HRTF 0.1.2
    1
    1  1225
200000 -4.350158E-04 -3.238442E-04
200001 -3.309384E-04 -2.161734E-04
200002 -3.309027E-04 -2.161709E-04
200003 -3.308109E-04 -2.161441E-04
200004 -3.306653E-04 -2.160922E-04
200005 -3.304695E-04 -2.160143E-04
200006 -3.302286E-04 -2.159096E-04
200007 -3.299490E-04 -2.157780E-04
200008 -3.296383E-04 -2.156201E-04
200009 -3.293052E-04 -2.154381E-04
200010 -3.289594E-04 -2.152358E-04
200011 -3.286111E-04 -2.150183E-04
200012 -3.282709E-04 -2.147928E-04
200013 -3.279497E-04 -2.145676E-04
200014 -3.276579E-04 -2.143518E-04
200015 -3.274051E-04 -2.141551E-04
200016 -3.272000E-04 -2.139866E-04
200017 -3.270496E-04 -2.138544E-04
200018 -3.269592E-04 -2.137652E-04
200019 -3.269319E-04 -2.137231E-04
200020 -3.269688E-04 -2.137298E-04
200021 -3.270684E-04 -2.137845E-04
200022 -3.272271E-04 -2.138837E-04
200023 -3.274392E-04 -2.140214E-04
200024 -3.276974E-04 -2.141903E-04
200025 -3.279928E-04 -2.143816E-04
200026 -3.283152E-04 -2.145861E-04
200027 -3.286542E-04 -2.147951E-04
200028 -3.289989E-04 -2.150002E-04
200029 -3.293384E-04 -2.151945E-04
200030 -3.296627E-04 -2.153726E-04
200031 -3.299622E-04 -2.155307E-04
200032 -3.302284E-04 -2.156663E-04
200033 -3.304541E-04 -2.157783E-04
200034 -3.306332E-04 -2.158665E-04
200035 -3.307611E-04 -2.159312E-04
200036 -3.308346E-04 -2.159729E-04
200037 -3.308520E-04 -2.159920E-04
200038 -3.308129E-04 -2.159886E-04
200039 -3.307184E-04 -2.159623E-04
200040 -3.305711E-04 -2.159123E-04
200041 -3.303748E-04 -2.158379E-04
200042 -3.301347E-04 -2.157384E-04
200043 -3.298573E-04 -2.156137E-04
200044 -3.295502E-04 -2.154644E-04
200045 -3.292221E-04 -2.152928E-04
200046 -3.288826E-04 -2.151023E-04
200047 -3.285416E-04 -2.148982E-04
200048 -3.282099E-04 -2.146873E-04
200049 -3.278977E-04 -2.144777E-04
200050 -3.276154E-04 -2.142783E-04
200051 -3.273723E-04 -2.140984E-04
200052 -3.271769E-04 -2.139470E-04
200053 -3.270358E-04 -2.138320E-04
200054 -3.269543E-04 -2.137598E-04
200055 -3.269353E-04 -2.137344E-04
200056 -3.269797E-04 -2.137573E-04
200057 -3.270860E-04 -2.138277E-04
200058 -3.272507E-04 -2.139417E-04
200059 -3.274682E-04 -2.140936E-04
200060 -3.277311E-04 -2.142758E-04
200061 -3.280305E-04 -2.144796E-04
200062 -3.283568E-04 -2.146958E-04
200063 -3.286994E-04 -2.149155E-04
200064 -3.290476E-04 -2.151305E-04
200065 -3.293909E-04 -2.153339E-04
200066 -3.297189E-04 -2.155202E-04
200067 -3.300224E-04 -2.156857E-04
200068 -3.302929E-04 -2.158278E-04
200069 -3.305230E-04 -2.159456E-04
200070 -3.307066E-04 -2.160387E-04
200071 -3.308391E-04 -2.161075E-04
200072 -3.309170E-04 -2.161523E-04
200073 -1.203005E-04 -1.369319E-05
200074 -1.202375E-04 -1.374319E-05
200075 -1.200823E-04 -1.384502E-05
200076 -1.198349E-04 -1.397949E-05
200077 -1.194958E-04 -1.411729E-05
200078 -1.190670E-04 -1.422233E-05
200079 -1.185529E-04 -1.425608E-05
200080 -1.179613E-04 -1.418264E-05
200081 -1.173035E-04 -1.397394E-05
200082 -1.165948E-04 -1.361443E-05
200083 -1.158544E-04 -1.310464E-05
200084 -1.151051E-04 -1.246298E-05
200085 -1.143726E-04 -1.172528E-05
200086 -1.136852E-04 -1.094199E-05
200087 -1.130720E-04 -1.017331E-05
200088 -1.125616E-04 -9.482741E-06
200089 -1.121798E-04 -8.929923E-06
200090 -1.119472E-04 -8.563702E-06
200091 -1.118769E-04 -8.416393E-06
200092 -1.119735E-04 -8.499962E-06
200093 -1.122318E-04 -8.804666E-06
200094 -1.126377E-04 -9.300306E-06
200095 -1.131698E-04 -9.939943E-06
200096 -1.138015E-04 -1.066556E-05
200097 -1.145034E-04 -1.141491E-05
200098 -1.152454E-04 -1.212864E-05
200099 -1.159987E-04 -1.275667E-05
200100 -1.167369E-04 -1.326312E-05
200101 -1.174367E-04 -1.362903E-05
200102 -1.180790E-04 -1.385290E-05
200103 -1.186484E-04 -1.394896E-05
200104 -1.191339E-04 -1.394373E-05
200105 -1.195284E-04 -1.387142E-05
200106 -1.198283E-04 -1.376890E-05
200107 -1.200326E-04 -1.367077E-05
200108 -1.201420E-04 -1.360517E-05
200109 -1.201579E-04 -1.359045E-05
200110 -1.200819E-04 -1.363315E-05
200111 -1.199151E-04 -1.372726E-05
200112 -1.196586E-04 -1.385476E-05
200113 -1.193141E-04 -1.398764E-05
200114 -1.188845E-04 -1.409097E-05
200115 -1.183748E-04 -1.412717E-05
200116 -1.177930E-04 -1.406089E-05
200117 -1.171505E-04 -1.386412E-05
200118 -1.164622E-04 -1.352088E-05
200119 -1.157464E-04 -1.303086E-05
200120 -1.150249E-04 -1.241128E-05
200121 -1.143222E-04 -1.169663E-05
200122 -1.136653E-04 -1.093606E-05
200123 -1.130819E-04 -1.018869E-05
200124 -1.125993E-04 -9.517212E-06
200125 -1.122423E-04 -8.980844E-06
200126 -1.120308E-04 -8.628368E-06
200127 -1.119775E-04 -8.492312E-06
200128 -1.120865E-04 -8.585017E-06
200129 -1.123527E-04 -8.897157E-06
200130 -1.127626E-04 -9.398878E-06
200131 -1.132951E-04 -1.004344E-05
200132 -1.139243E-04 -1.077288E-05
200133 -1.146215E-04 -1.152484E-05
200134 -1.153576E-04 -1.223983E-05
200135 -1.161044E-04 -1.286765E-05
200136 -1.168365E-04 -1.337241E-05
200137 -1.175315E-04 -1.373536E-05
200138 -1.181707E-04 -1.395540E-05
200139 -1.187395E-04 -1.404734E-05
200140 -1.192273E-04 -1.403843E-05
200141 -1.196270E-04 -1.396361E-05
200142 -1.199349E-04 -1.386038E-05
200143 -1.201497E-04 -1.376377E-05
200144 -1.202714E-04 -1.370201E-05
200145  2.048765E-05  8.396165E-05
200146  2.048797E-05  8.380625E-05
200147  2.046752E-05  8.338294E-05
200148  2.044564E-05  8.273108E-05
200149  2.044789E-05  8.191588E-05
200150  2.049892E-05  8.102640E-05
200151  2.061628E-05  8.017022E-05
200152  2.080735E-05  7.946394E-05
200153  2.106996E-05  7.901939E-05
200154  2.139603E-05  7.892722E-05
200155  2.177579E-05  7.924033E-05
200156  2.220021E-05  7.996102E-05
200157  2.265989E-05  8.103498E-05
200158  2.314086E-05  8.235464E-05
200159  2.361973E-05  8.377195E-05
200160  2.406141E-05  8.511859E-05
200161  2.442217E-05  8.622998E-05
200162  2.465805E-05  8.696865E-05
200163  2.473605E-05  8.724333E-05
200164  2.464367E-05  8.702133E-05
200165  2.439277E-05  8.633282E-05
200166  2.401601E-05  8.526669E-05
200167  2.355758E-05  8.395837E-05
200168  2.306200E-05  8.257076E-05
200169  2.256560E-05  8.127083E-05
200170  2.209324E-05  8.020561E-05
200171  2.166027E-05  7.948204E-05
200172  2.127722E-05  7.915422E-05
200173  2.095389E-05  7.922040E-05
200174  2.070044E-05  7.962905E-05
200175  2.052505E-05  8.029192E-05
200176  2.042974E-05  8.110039E-05
200177  2.040687E-05  8.194159E-05
200178  2.043840E-05  8.271158E-05
200179  2.049913E-05  8.332436E-05
200180  2.056271E-05  8.371662E-05
200181  2.060884E-05  8.384962E-05
200182  2.062886E-05  8.370945E-05
200183  2.062793E-05  8.330717E-05
200184  2.062302E-05  8.267911E-05
200185  2.063743E-05  8.188690E-05
200186  2.069381E-05  8.101590E-05
200187  2.080820E-05  8.017049E-05
200188  2.098704E-05  7.946511E-05
200189  2.122795E-05  7.901100E-05
200190  2.152341E-05  7.889991E-05
200191  2.186498E-05  7.918752E-05
200192  2.224564E-05  7.987997E-05
200193  2.265850E-05  8.092723E-05
200194  2.309233E-05  8.222556E-05
200195  2.352639E-05  8.362962E-05
200196  2.392793E-05  8.497222E-05
200197  2.425495E-05  8.608824E-05
200198  2.446452E-05  8.683824E-05
200199  2.452399E-05  8.712814E-05
200200  2.442060E-05  8.692220E-05
200201  2.416553E-05  8.624804E-05
200202  2.379054E-05  8.519301E-05
200203  2.333883E-05  8.389228E-05
200204  2.285397E-05  8.250967E-05
200205  2.237145E-05  8.121396E-05
200206  2.191532E-05  8.015437E-05
200207  2.150018E-05  7.943984E-05
200208  2.113569E-05  7.912583E-05
200209  2.083060E-05  7.921095E-05
200210  2.059381E-05  7.964293E-05
200211  2.043213E-05  8.033176E-05
200212  2.034622E-05  8.116632E-05
200213  2.032729E-05  8.203090E-05
200214  2.035668E-05  8.281888E-05
200215  2.040917E-05  8.344208E-05
200216  2.045914E-05  8.383597E-05
200217  3.647445E-05  4.030615E-05
200218  3.636338E-05  4.019474E-05
200219  3.605197E-05  3.985128E-05
200220  3.561064E-05  3.925648E-05
200221  3.513069E-05  3.839968E-05
200222  3.469507E-05  3.730094E-05
200223  3.435221E-05  3.602869E-05
200224  3.410283E-05  3.470601E-05
200225  3.390600E-05  3.350118E-05
200226  3.370333E-05  3.260185E-05
200227  3.345197E-05  3.217602E-05
200228  3.315093E-05  3.232877E-05
200229  3.284629E-05  3.306763E-05
200230  3.261026E-05  3.428965E-05
200231  3.250283E-05  3.579727E-05
200232  3.253639E-05  3.733870E-05
200233  3.266390E-05  3.865929E-05
200234  3.279944E-05  3.954762E-05
200235  3.286158E-05  3.986657E-05
200236  3.281592E-05  3.956858E-05
200237  3.269312E-05  3.869995E-05
200238  3.257217E-05  3.739684E-05
200239  3.253846E-05  3.587011E-05
200240  3.264049E-05  3.437416E-05
200241  3.286845E-05  3.316042E-05
200242  3.316498E-05  3.242562E-05
200243  3.345968E-05  3.227101E-05
200244  3.370702E-05  3.268683E-05
200245  3.390763E-05  3.356590E-05
200246  3.410364E-05  3.473950E-05
200247  3.435301E-05  3.602170E-05
200248  3.469686E-05  3.724848E-05
200249  3.513508E-05  3.830283E-05
200250  3.562007E-05  3.912241E-05
200251  3.606957E-05  3.969166E-05
200252  3.639278E-05  4.002303E-05
200253  3.651965E-05  4.013493E-05
200254  3.642335E-05  4.003439E-05
200255  3.612864E-05  3.971073E-05
200256  3.570360E-05  3.914261E-05
200257  3.523738E-05  3.831587E-05
200258  3.481091E-05  3.724550E-05
200259  3.447078E-05  3.599410E-05
200260  3.421611E-05  3.467956E-05
200261  3.400484E-05  3.346740E-05
200262  3.377826E-05  3.254610E-05
200263  3.349430E-05  3.208826E-05
200264  3.315395E-05  3.220627E-05
200265  3.280642E-05  3.291574E-05
200266  3.252759E-05  3.412057E-05
200267  3.238109E-05  3.562725E-05
200268  3.238211E-05  3.718441E-05
200269  3.248505E-05  3.853426E-05
200270  3.260405E-05  3.945955E-05
200271  3.265656E-05  3.981596E-05
200272  3.260648E-05  3.954907E-05
200273  3.248276E-05  3.870027E-05
200274  3.236300E-05  3.740381E-05
200275  3.233187E-05  3.587199E-05
200276  3.243772E-05  3.436334E-05
200277  3.267120E-05  3.313486E-05
200278  3.297583E-05  3.238882E-05
200279  3.328231E-05  3.223085E-05
200280  3.354596E-05  3.265366E-05
200281  3.376751E-05  3.355054E-05
200282  3.398803E-05  3.475134E-05
200283  3.426322E-05  3.606708E-05
200284  3.463114E-05  3.732973E-05
200285  3.508860E-05  3.841793E-05
200286  3.558564E-05  3.926554E-05
200287  3.603895E-05  3.985426E-05
200288  3.635808E-05  4.019512E-05
200289  1.062087E-06 -2.815959E-05
200290  8.708535E-07 -2.798664E-05
200291  3.587465E-07 -2.755262E-05
200292 -3.449131E-07 -2.701545E-05
200293 -1.063726E-06 -2.657968E-05
200294 -1.625702E-06 -2.643831E-05
200295 -1.920885E-06 -2.672273E-05
200296 -1.946571E-06 -2.746640E-05
200297 -1.818191E-06 -2.858346E-05
200298 -1.730489E-06 -2.986943E-05
200299 -1.873582E-06 -3.103832E-05
200300 -2.336481E-06 -3.180235E-05
200301 -3.049918E-06 -3.197332E-05
200302 -3.810428E-06 -3.153815E-05
200303 -4.383881E-06 -3.066354E-05
200304 -4.633024E-06 -2.962328E-05
200305 -4.590110E-06 -2.869187E-05
200306 -4.425741E-06 -2.806620E-05
200307 -4.331704E-06 -2.784774E-05
200308 -4.392969E-06 -2.806475E-05
200309 -4.531917E-06 -2.868783E-05
200310 -4.560924E-06 -2.961483E-05
200311 -4.308739E-06 -3.064862E-05
200312 -3.738337E-06 -3.151470E-05
200313 -2.980639E-06 -3.193917E-05
200314 -2.265041E-06 -3.175567E-05
200315 -1.794087E-06 -3.097898E-05
200316 -1.640150E-06 -2.980112E-05
200317 -1.719500E-06 -2.851505E-05
200318 -1.846581E-06 -2.741075E-05
200319 -1.828197E-06 -2.669247E-05
200320 -1.547033E-06 -2.644024E-05
200321 -1.001980E-06 -2.661102E-05
200322 -2.995194E-07 -2.706461E-05
200323  3.900330E-07 -2.760444E-05
200324  8.902757E-07 -2.802921E-05
200325  1.071451E-06 -2.818862E-05
200326  8.858196E-07 -2.802796E-05
200327  3.800029E-07 -2.760479E-05
200328 -3.170042E-07 -2.707047E-05
200329 -1.028598E-06 -2.662511E-05
200330 -1.582823E-06 -2.646304E-05
200331 -1.870572E-06 -2.672327E-05
200332 -1.891020E-06 -2.744989E-05
200333 -1.762219E-06 -2.856555E-05
200334 -1.681488E-06 -2.986791E-05
200335 -1.840344E-06 -3.106589E-05
200336 -2.327034E-06 -3.186178E-05
200337 -3.069065E-06 -3.205676E-05
200338 -3.858056E-06 -3.163011E-05
200339 -4.454898E-06 -3.074560E-05
200340 -4.719109E-06 -2.967890E-05
200341 -4.682614E-06 -2.871012E-05
200342 -4.518500E-06 -2.804436E-05
200343 -4.422593E-06 -2.779234E-05
200344 -4.483680E-06 -2.799062E-05
200345 -4.626378E-06 -2.861470E-05
200346 -4.663370E-06 -2.956202E-05
200347 -4.422386E-06 -3.062956E-05
200348 -3.864896E-06 -3.153351E-05
200349 -3.120198E-06 -3.199082E-05
200350 -2.415647E-06 -3.182915E-05
200351 -1.950979E-06 -3.106157E-05
200352 -1.795337E-06 -2.988162E-05
200353 -1.862639E-06 -2.858509E-05
200354 -1.967412E-06 -2.746484E-05
200355 -1.919696E-06 -2.672798E-05
200356 -1.607726E-06 -2.645764E-05
200357 -1.036219E-06 -2.661374E-05
200358 -3.156038E-07 -2.705749E-05
200359  3.828426E-07 -2.759100E-05
200360  8.843682E-07 -2.800951E-05
200361 -1.415742E-05 -3.438701E-05
200362 -1.429592E-05 -3.397136E-05
200363 -1.467004E-05 -3.285886E-05
200364 -1.520887E-05 -3.128517E-05
200365 -1.578502E-05 -2.954143E-05
200366 -1.622375E-05 -2.790854E-05
200367 -1.634519E-05 -2.664101E-05
200368 -1.603910E-05 -2.596759E-05
200369 -1.534633E-05 -2.604829E-05
200370 -1.449520E-05 -2.687651E-05
200371 -1.383709E-05 -2.820036E-05
200372 -1.367487E-05 -2.956883E-05
200373 -1.407078E-05 -3.052885E-05
200374 -1.477798E-05 -3.086130E-05
200375 -1.537919E-05 -3.067852E-05
200376 -1.555702E-05 -3.029964E-05
200377 -1.530121E-05 -3.000593E-05
200378 -1.489598E-05 -2.988228E-05
200379 -1.469772E-05 -2.986177E-05
200380 -1.486835E-05 -2.988977E-05
200381 -1.525669E-05 -3.001365E-05
200382 -1.551131E-05 -3.029744E-05
200383 -1.534449E-05 -3.065918E-05
200384 -1.475638E-05 -3.082384E-05
200385 -1.405267E-05 -3.047722E-05
200386 -1.364314E-05 -2.950759E-05
200387 -1.377544E-05 -2.813165E-05
200388 -1.439673E-05 -2.680144E-05
200389 -1.521781E-05 -2.597150E-05
200390 -1.589833E-05 -2.589962E-05
200391 -1.621244E-05 -2.659403E-05
200392 -1.611257E-05 -2.788677E-05
200393 -1.569786E-05 -2.953374E-05
200394 -1.513983E-05 -3.126737E-05
200395 -1.461179E-05 -3.280660E-05
200396 -1.424540E-05 -3.387561E-05
200397 -1.411691E-05 -3.426131E-05
200398 -1.425105E-05 -3.388400E-05
200399 -1.462560E-05 -3.282783E-05
200400 -1.516708E-05 -3.130568E-05
200401 -1.574471E-05 -2.958760E-05
200402 -1.618105E-05 -2.794722E-05
200403 -1.629523E-05 -2.664919E-05
200404 -1.597832E-05 -2.594266E-05
200405 -1.527493E-05 -2.600580E-05
200406 -1.441872E-05 -2.683811E-05
200407 -1.376569E-05 -2.818058E-05
200408 -1.361997E-05 -2.956847E-05
200409 -1.404021E-05 -3.053728E-05
200410 -1.477219E-05 -3.086393E-05
200411 -1.539067E-05 -3.066357E-05
200412 -1.557360E-05 -3.026095E-05
200413 -1.531165E-05 -2.994265E-05
200414 -1.489526E-05 -2.979840E-05
200415 -1.468916E-05 -2.976714E-05
200416 -1.486156E-05 -2.980098E-05
200417 -1.526250E-05 -2.995149E-05
200418 -1.553688E-05 -3.027976E-05
200419 -1.539165E-05 -3.069220E-05
200420 -1.482358E-05 -3.089782E-05
200421 -1.413821E-05 -3.057039E-05
200422 -1.374631E-05 -2.959677E-05
200423 -1.389425E-05 -2.820267E-05
200424 -1.452434E-05 -2.685296E-05
200425 -1.534161E-05 -2.601084E-05
200426 -1.600357E-05 -2.593560E-05
200427 -1.628876E-05 -2.663307E-05
200428 -1.615900E-05 -2.793445E-05
200429 -1.572304E-05 -2.959790E-05
200430 -1.515727E-05 -3.135684E-05
200431 -1.463335E-05 -3.292410E-05
200432 -1.427686E-05 -3.400997E-05
200433 -5.084693E-06  1.101078E-06
200434 -4.975258E-06  1.413692E-06
200435 -4.694905E-06  2.215906E-06
200436 -4.405184E-06  3.311608E-06
200437 -4.268508E-06  4.573432E-06
200438 -4.349010E-06  6.007431E-06
200439 -4.549407E-06  7.623612E-06
200440 -4.619527E-06  9.227940E-06
200441 -4.276090E-06  1.037422E-05
200442 -3.419027E-06  1.060524E-05
200443 -2.296372E-06  9.832963E-06
200444 -1.411973E-06  8.512297E-06
200445 -1.160273E-06  7.382311E-06
200446 -1.483389E-06  6.935037E-06
200447 -1.899316E-06  7.072378E-06
200448 -1.909203E-06  7.281670E-06
200449 -1.413066E-06  7.167369E-06
200450 -7.677619E-07  6.811234E-06
200451 -4.693387E-07  6.608659E-06
200452 -7.474801E-07  6.784913E-06
200453 -1.385329E-06  7.133885E-06
200454 -1.891765E-06  7.267580E-06
200455 -1.904440E-06  7.094980E-06
200456 -1.510591E-06  6.991405E-06
200457 -1.194759E-06  7.451879E-06
200458 -1.429175E-06  8.571312E-06
200459 -2.272046E-06  9.869376E-06
200460 -3.341656E-06  1.062180E-05
200461 -4.154837E-06  1.037803E-05
200462 -4.481395E-06  9.217814E-06
200463 -4.425510E-06  7.589553E-06
200464 -4.258005E-06  5.945123E-06
200465 -4.208426E-06  4.500671E-06
200466 -4.359294E-06  3.268443E-06
200467 -4.646290E-06  2.242889E-06
200468 -4.918120E-06  1.522837E-06
200469 -5.024914E-06  1.262898E-06
200470 -4.904553E-06  1.533563E-06
200471 -4.622147E-06  2.252309E-06
200472 -4.334846E-06  3.263049E-06
200473 -4.201031E-06  4.478674E-06
200474 -4.281856E-06  5.921002E-06
200475 -4.477723E-06  7.583998E-06
200476 -4.537594E-06  9.239397E-06
200477 -4.180882E-06  1.041221E-05
200478 -3.314446E-06  1.063876E-05
200479 -2.194421E-06  9.846535E-06
200480 -1.328542E-06  8.512701E-06
200481 -1.107432E-06  7.388382E-06
200482 -1.462959E-06  6.961343E-06
200483 -1.901550E-06  7.120060E-06
200484 -1.917299E-06  7.341510E-06
200485 -1.411358E-06  7.229378E-06
200486 -7.497286E-07  6.870637E-06
200487 -4.411943E-07  6.662923E-06
200488 -7.247130E-07  6.825809E-06
200489 -1.383475E-06  7.144467E-06
200490 -1.917090E-06  7.230575E-06
200491 -1.951275E-06  7.008246E-06
200492 -1.567555E-06  6.877309E-06
200493 -1.254697E-06  7.349895E-06
200494 -1.493856E-06  8.516488E-06
200495 -2.347069E-06  9.872165E-06
200496 -3.426278E-06  1.066486E-05
200497 -4.236667E-06  1.043188E-05
200498 -4.541702E-06  9.261637E-06
200499 -4.451392E-06  7.619382E-06
200500 -4.251785E-06  5.963912E-06
200501 -4.187225E-06  4.501828E-06
200502 -4.345580E-06  3.231358E-06
200503 -4.656444E-06  2.148130E-06
200504 -4.956306E-06  1.375261E-06
200505  3.329622E-06  2.288657E-05
200506  3.715394E-06  2.287084E-05
200507  4.753353E-06  2.268758E-05
200508  6.092902E-06  2.213593E-05
200509  7.300451E-06  2.129646E-05
200510  7.973170E-06  2.067660E-05
200511  7.863709E-06  2.091156E-05
200512  7.071241E-06  2.220318E-05
200513  6.148558E-06  2.399659E-05
200514  5.831657E-06  2.527873E-05
200515  6.434244E-06  2.535627E-05
200516  7.498394E-06  2.446348E-05
200517  8.203632E-06  2.358301E-05
200518  8.177256E-06  2.354815E-05
200519  7.806966E-06  2.426113E-05
200520  7.740990E-06  2.484965E-05
200521  8.205861E-06  2.463551E-05
200522  8.855121E-06  2.387427E-05
200523  9.160087E-06  2.344161E-05
200524  8.876970E-06  2.382320E-05
200525  8.237672E-06  2.456297E-05
200526  7.767651E-06  2.479823E-05
200527  7.818547E-06  2.426054E-05
200528  8.172096E-06  2.359533E-05
200529  8.189205E-06  2.364360E-05
200530  7.491615E-06  2.449616E-05
200531  6.456637E-06  2.534172E-05
200532  5.897219E-06  2.522913E-05
200533  6.251561E-06  2.393764E-05
200534  7.184716E-06  2.214596E-05
200535  7.952565E-06  2.084166E-05
200536  8.014987E-06  2.057304E-05
200537  7.299193E-06  2.116416E-05
200538  6.073402E-06  2.201839E-05
200539  4.740397E-06  2.264142E-05
200540  3.716801E-06  2.292048E-05
200541  3.337698E-06  2.299968E-05
200542  3.738023E-06  2.296814E-05
200543  4.785223E-06  2.270991E-05
200544  6.133077E-06  2.207442E-05
200545  7.347890E-06  2.119510E-05
200546  8.025106E-06  2.059902E-05
200547  7.918954E-06  2.089817E-05
200548  7.133546E-06  2.224809E-05
200549  6.223719E-06  2.405785E-05
200550  5.919324E-06  2.531219E-05
200551  6.522911E-06  2.534701E-05
200552  7.569701E-06  2.443166E-05
200553  8.242582E-06  2.356238E-05
200554  8.180086E-06  2.355778E-05
200555  7.782335E-06  2.429348E-05
200556  7.705722E-06  2.488170E-05
200557  8.177706E-06  2.465017E-05
200558  8.844381E-06  2.387311E-05
200559  9.163423E-06  2.343860E-05
200560  8.878405E-06  2.382563E-05
200561  8.218880E-06  2.455816E-05
200562  7.721959E-06  2.476131E-05
200563  7.757282E-06  2.417997E-05
200564  8.115967E-06  2.349317E-05
200565  8.150830E-06  2.356843E-05
200566  7.465601E-06  2.449008E-05
200567  6.427835E-06  2.540821E-05
200568  5.859574E-06  2.533043E-05
200569  6.218708E-06  2.402550E-05
200570  7.181651E-06  2.219991E-05
200571  7.996011E-06  2.088132E-05
200572  8.099459E-06  2.063300E-05
200573  7.399268E-06  2.125331E-05
200574  6.158957E-06  2.210209E-05
200575  4.792583E-06  2.266604E-05
200576  3.733979E-06  2.286082E-05
200577  2.312612E-06  1.490393E-05
200578  2.691648E-06  1.470687E-05
200579  3.728156E-06  1.392726E-05
200580  5.182753E-06  1.218046E-05
200581  6.809031E-06  9.510554E-06
200582  8.247349E-06  6.721064E-06
200583  8.876430E-06  5.026635E-06
200584  8.128419E-06  5.189844E-06
200585  6.228761E-06  6.842012E-06
200586  4.403701E-06  8.651398E-06
200587  3.879923E-06  9.342004E-06
200588  4.629725E-06  8.772493E-06
200589  5.479601E-06  8.043861E-06
200590  5.513310E-06  8.361773E-06
200591  4.964841E-06  9.705809E-06
200592  4.628112E-06  1.080445E-05
200593  4.835944E-06  1.057547E-05
200594  5.275788E-06  9.408685E-06
200595  5.493718E-06  8.735588E-06
200596  5.300878E-06  9.353079E-06
200597  4.878220E-06  1.049075E-05
200598  4.681080E-06  1.073209E-05
200599  5.026075E-06  9.679024E-06
200600  5.577638E-06  8.381990E-06
200601  5.537935E-06  8.077922E-06
200602  4.678632E-06  8.778690E-06
200603  3.927525E-06  9.305168E-06
200604  4.462201E-06  8.595836E-06
200605  6.301560E-06  6.809776E-06
200606  8.202705E-06  5.201625E-06
200607  8.925851E-06  5.058477E-06
200608  8.247106E-06  6.721161E-06
200609  6.756274E-06  9.447678E-06
200610  5.100836E-06  1.208026E-05
200611  3.645048E-06  1.385546E-05
200612  2.616314E-06  1.470974E-05
200613  2.237142E-06  1.496425E-05
200614  2.622664E-06  1.479033E-05
200615  3.671442E-06  1.396933E-05
200616  5.148543E-06  1.216553E-05
200617  6.800173E-06  9.475231E-06
200618  8.255166E-06  6.720238E-06
200619  8.889365E-06  5.091359E-06
200620  8.144351E-06  5.303808E-06
200621  6.255680E-06  6.951079E-06
200622  4.446824E-06  8.701793E-06
200623  3.931190E-06  9.319890E-06
200624  4.672199E-06  8.711671E-06
200625  5.499762E-06  7.994878E-06
200626  5.507100E-06  8.351413E-06
200627  4.935566E-06  9.721828E-06
200628  4.584038E-06  1.081358E-05
200629  4.790096E-06  1.055509E-05
200630  5.242572E-06  9.366278E-06
200631  5.479986E-06  8.701531E-06
200632  5.298607E-06  9.352122E-06
200633  4.868871E-06  1.051608E-05
200634  4.652004E-06  1.074827E-05
200635  4.984685E-06  9.655801E-06
200636  5.546630E-06  8.328479E-06
200637  5.533037E-06  8.040772E-06
200638  4.692271E-06  8.801178E-06
200639  3.938348E-06  9.384219E-06
200640  4.461172E-06  8.678780E-06
200641  6.305926E-06  6.837163E-06
200642  8.243352E-06  5.160875E-06
200643  9.021723E-06  5.001322E-06
200644  8.389883E-06  6.725068E-06
200645  6.915894E-06  9.549173E-06
200646  5.245334E-06  1.223822E-05
200647  3.759001E-06  1.398101E-05
200648  2.704491E-06  1.473825E-05
200649 -5.208957E-07 -2.982523E-06
200650 -5.099792E-07 -3.061826E-06
200651 -5.399571E-07 -3.569573E-06
200652 -5.492191E-07 -5.145028E-06
200653 -9.241647E-08 -8.017823E-06
200654  1.242659E-06 -1.149139E-05
200655  2.929199E-06 -1.418864E-05
200656  3.458261E-06 -1.499510E-05
200657  1.885326E-06 -1.394202E-05
200658 -7.102352E-07 -1.225241E-05
200659 -2.167182E-06 -1.142514E-05
200660 -1.753728E-06 -1.196820E-05
200661 -8.398157E-07 -1.287507E-05
200662 -8.670427E-07 -1.264500E-05
200663 -1.672102E-06 -1.107371E-05
200664 -2.251614E-06 -9.688233E-06
200665 -2.243296E-06 -9.990657E-06
200666 -2.011334E-06 -1.155218E-05
200667 -1.898914E-06 -1.244555E-05
200668 -1.990952E-06 -1.158112E-05
200669 -2.205302E-06 -1.004104E-05
200670 -2.190165E-06 -9.741546E-06
200671 -1.577436E-06 -1.110828E-05
200672 -7.454985E-07 -1.265506E-05
200673 -7.168147E-07 -1.287827E-05
200674 -1.653384E-06 -1.198718E-05
200675 -2.097820E-06 -1.146060E-05
200676 -6.674356E-07 -1.227430E-05
200677  1.913724E-06 -1.390584E-05
200678  3.485333E-06 -1.487445E-05
200679  2.951365E-06 -1.400724E-05
200680  1.233614E-06 -1.132423E-05
200681 -1.539639E-07 -7.940367E-06
200682 -6.512633E-07 -5.166869E-06
200683 -6.524940E-07 -3.626056E-06
200684 -6.205887E-07 -3.079973E-06
200685 -6.371970E-07 -2.950334E-06
200686 -6.391520E-07 -2.977057E-06
200687 -6.636000E-07 -3.488141E-06
200688 -6.411101E-07 -5.086701E-06
200689 -1.392210E-07 -7.966150E-06
200690  1.230151E-06 -1.141633E-05
200691  2.926919E-06 -1.407105E-05
200692  3.453131E-06 -1.484709E-05
200693  1.884498E-06 -1.381143E-05
200694 -6.961616E-07 -1.219479E-05
200695 -2.141711E-06 -1.145694E-05
200696 -1.729317E-06 -1.204848E-05
200697 -8.230219E-07 -1.293979E-05
200698 -8.578133E-07 -1.265926E-05
200699 -1.673632E-06 -1.105193E-05
200700 -2.270724E-06 -9.671973E-06
200701 -2.278614E-06 -1.001065E-05
200702 -2.046310E-06 -1.160300E-05
200703 -1.911869E-06 -1.248860E-05
200704 -1.974479E-06 -1.157615E-05
200705 -2.174800E-06 -9.983674E-06
200706 -2.169244E-06 -9.670787E-06
200707 -1.572735E-06 -1.107052E-05
200708 -7.400984E-07 -1.265788E-05
200709 -6.927596E-07 -1.288385E-05
200710 -1.615594E-06 -1.195528E-05
200711 -2.067051E-06 -1.139745E-05
200712 -6.510804E-07 -1.223761E-05
200713  1.935338E-06 -1.395892E-05
200714  3.542497E-06 -1.502649E-05
200715  3.059535E-06 -1.418885E-05
200716  1.382081E-06 -1.142665E-05
200717  5.341291E-09 -7.897715E-06
200718 -5.094544E-07 -5.012877E-06
200719 -5.359191E-07 -3.467541E-06
200720 -5.140461E-07 -3.009452E-06
200721  9.130676E-07 -1.147739E-05
200722  4.726964E-07 -1.129822E-05
200723 -9.964092E-07 -1.107650E-05
200724 -3.349973E-06 -1.157978E-05
200725 -5.435591E-06 -1.331971E-05
200726 -5.546062E-06 -1.593279E-05
200727 -3.325212E-06 -1.826484E-05
200728 -9.045988E-07 -1.924722E-05
200729 -9.181736E-07 -1.873295E-05
200730 -3.212120E-06 -1.755671E-05
200731 -4.982345E-06 -1.694602E-05
200732 -4.590431E-06 -1.759531E-05
200733 -3.469359E-06 -1.883601E-05
200734 -3.521495E-06 -1.907478E-05
200735 -4.514695E-06 -1.773550E-05
200736 -5.138981E-06 -1.633081E-05
200737 -5.084698E-06 -1.670745E-05
200738 -4.899133E-06 -1.853642E-05
200739 -4.846122E-06 -1.957703E-05
200740 -4.892171E-06 -1.852607E-05
200741 -5.068607E-06 -1.670254E-05
200742 -5.095122E-06 -1.634300E-05
200743 -4.420420E-06 -1.776245E-05
200744 -3.382967E-06 -1.911122E-05
200745 -3.322651E-06 -1.888165E-05
200746 -4.470104E-06 -1.764552E-05
200747 -4.907450E-06 -1.698424E-05
200748 -3.191057E-06 -1.755970E-05
200749 -9.360880E-07 -1.867253E-05
200750 -9.178257E-07 -1.909284E-05
200751 -3.306159E-06 -1.801698E-05
200752 -5.525109E-06 -1.566261E-05
200753 -5.463057E-06 -1.313781E-05
200754 -3.429071E-06 -1.153883E-05
200755 -1.089742E-06 -1.112294E-05
200756  3.857801E-07 -1.133562E-05
200757  8.241054E-07 -1.146088E-05
200758  3.480475E-07 -1.121928E-05
200759 -1.130841E-06 -1.097076E-05
200760 -3.452490E-06 -1.146660E-05
200761 -5.475870E-06 -1.321042E-05
200762 -5.529720E-06 -1.583213E-05
200763 -3.289299E-06 -1.816271E-05
200764 -8.801489E-07 -1.913298E-05
200765 -9.043392E-07 -1.862855E-05
200766 -3.194133E-06 -1.751402E-05
200767 -4.959072E-06 -1.699180E-05
200768 -4.569163E-06 -1.769061E-05
200769 -3.446707E-06 -1.890734E-05
200770 -3.488939E-06 -1.907980E-05
200771 -4.479027E-06 -1.769046E-05
200772 -5.121940E-06 -1.628544E-05
200773 -5.098719E-06 -1.670327E-05
200774 -4.928565E-06 -1.857741E-05
200775 -4.855888E-06 -1.962515E-05
200776 -4.857814E-06 -1.852937E-05
200777 -5.000098E-06 -1.664117E-05
200778 -5.027980E-06 -1.625003E-05
200779 -4.379477E-06 -1.769149E-05
200780 -3.359940E-06 -1.908219E-05
200781 -3.295636E-06 -1.886616E-05
200782 -4.436038E-06 -1.760788E-05
200783 -4.880840E-06 -1.692991E-05
200784 -3.175796E-06 -1.754098E-05
200785 -9.152080E-07 -1.875017E-05
200786 -8.708916E-07 -1.928344E-05
200787 -3.225824E-06 -1.826027E-05
200788 -5.420491E-06 -1.584360E-05
200789 -5.357040E-06 -1.316854E-05
200790 -3.345602E-06 -1.143340E-05
200791 -1.031413E-06 -1.098326E-05
200792  4.444414E-07 -1.126024E-05
200793  5.184795E-06 -8.059946E-06
200794  4.547244E-06 -7.681207E-06
200795  2.238701E-06 -6.843839E-06
200796 -1.981656E-06 -6.275211E-06
200797 -6.782573E-06 -6.657258E-06
200798 -9.247421E-06 -7.919769E-06
200799 -7.521861E-06 -9.154317E-06
200800 -3.585607E-06 -9.550287E-06
200801 -1.638106E-06 -9.152495E-06
200802 -2.958632E-06 -8.506920E-06
200803 -4.531771E-06 -8.211540E-06
200804 -3.863941E-06 -8.854989E-06
200805 -2.371003E-06 -1.028643E-05
200806 -2.351155E-06 -1.109211E-05
200807 -3.419891E-06 -1.024035E-05
200808 -3.912266E-06 -8.945506E-06
200809 -3.610699E-06 -9.283605E-06
200810 -3.317903E-06 -1.116253E-05
200811 -3.268517E-06 -1.224947E-05
200812 -3.327607E-06 -1.112737E-05
200813 -3.623052E-06 -9.242345E-06
200814 -3.897180E-06 -8.927386E-06
200815 -3.344997E-06 -1.025709E-05
200816 -2.224492E-06 -1.114451E-05
200817 -2.234579E-06 -1.036636E-05
200818 -3.750763E-06 -8.936308E-06
200819 -4.461867E-06 -8.263722E-06
200820 -2.953858E-06 -8.523363E-06
200821 -1.686473E-06 -9.134647E-06
200822 -3.615009E-06 -9.462740E-06
200823 -7.476111E-06 -8.952915E-06
200824 -9.169360E-06 -7.645964E-06
200825 -6.757518E-06 -6.443038E-06
200826 -2.022730E-06 -6.214722E-06
200827  2.185970E-06 -6.899990E-06
200828  4.514918E-06 -7.743616E-06
200829  5.160659E-06 -8.058493E-06
200830  4.470415E-06 -7.623573E-06
200831  2.134122E-06 -6.739182E-06
200832 -2.062767E-06 -6.137162E-06
200833 -6.788980E-06 -6.523967E-06
200834 -9.170880E-06 -7.832458E-06
200835 -7.411227E-06 -9.110302E-06
200836 -3.497208E-06 -9.507451E-06
200837 -1.583158E-06 -9.096943E-06
200838 -2.917874E-06 -8.485544E-06
200839 -4.498017E-06 -8.268609E-06
200840 -3.840518E-06 -8.960328E-06
200841 -2.346329E-06 -1.035926E-05
200842 -2.307430E-06 -1.108320E-05
200843 -3.363073E-06 -1.016869E-05
200844 -3.872635E-06 -8.868859E-06
200845 -3.610673E-06 -9.253126E-06
200846 -3.345160E-06 -1.119195E-05
200847 -3.281409E-06 -1.230490E-05
200848 -3.289924E-06 -1.114975E-05
200849 -3.539480E-06 -9.198019E-06
200850 -3.811772E-06 -8.840407E-06
200851 -3.297354E-06 -1.018155E-05
200852 -2.212717E-06 -1.110533E-05
200853 -2.231012E-06 -1.034011E-05
200854 -3.742449E-06 -8.891017E-06
200855 -4.455583E-06 -8.202001E-06
200856 -2.951222E-06 -8.485120E-06
200857 -1.678936E-06 -9.172656E-06
200858 -3.598065E-06 -9.608853E-06
200859 -7.449177E-06 -9.177303E-06
200860 -9.131457E-06 -7.848675E-06
200861 -6.719777E-06 -6.523310E-06
200862 -2.009285E-06 -6.162762E-06
200863  2.169053E-06 -6.798498E-06
200864  4.498460E-06 -7.679334E-06
200865  8.486552E-06  4.018644E-08
200866  8.000779E-06  5.079270E-07
200867  5.838844E-06  1.672001E-06
200868  1.046370E-06  2.900270E-06
200869 -5.513561E-06  3.356213E-06
200870 -1.030843E-05  2.927168E-06
200871 -9.912183E-06  2.592533E-06
200872 -5.405188E-06  3.092898E-06
200873 -1.915646E-06  3.867060E-06
200874 -2.187021E-06  4.220101E-06
200875 -3.380336E-06  4.263697E-06
200876 -2.356501E-06  3.834910E-06
200877 -4.625379E-07  2.515614E-06
200878 -3.023178E-07  1.279912E-06
200879 -1.354551E-06  1.610494E-06
200880 -1.658126E-06  2.796064E-06
200881 -1.075007E-06  2.640281E-06
200882 -6.247750E-07  9.113929E-07
200883 -5.479034E-07 -1.373495E-07
200884 -6.486435E-07  9.446683E-07
200885 -1.110687E-06  2.680175E-06
200886 -1.666406E-06  2.817076E-06
200887 -1.298132E-06  1.600066E-06
200888 -1.945393E-07  1.227887E-06
200889 -3.494234E-07  2.423068E-06
200890 -2.262306E-06  3.736155E-06
200891 -3.318103E-06  4.198402E-06
200892 -2.187543E-06  4.176900E-06
200893 -1.969955E-06  3.813140E-06
200894 -5.419251E-06  3.070468E-06
200895 -9.814787E-06  2.697324E-06
200896 -1.016699E-05  3.154478E-06
200897 -5.446619E-06  3.560025E-06
200898  1.029149E-06  2.954602E-06
200899  5.817983E-06  1.600858E-06
200900  8.017918E-06  4.253298E-07
200901  8.521702E-06  2.728885E-08
200902  7.977431E-06  5.379487E-07
200903  5.772943E-06  1.761372E-06
200904  9.890804E-07  3.045002E-06
200905 -5.490338E-06  3.500513E-06
200906 -1.017476E-05  3.000130E-06
200907 -9.725044E-06  2.586854E-06
200908 -5.250724E-06  3.075549E-06
200909 -1.821338E-06  3.885418E-06
200910 -2.127166E-06  4.232882E-06
200911 -3.338378E-06  4.207782E-06
200912 -2.333338E-06  3.728906E-06
200913 -4.438811E-07  2.445906E-06
200914 -2.645953E-07  1.301659E-06
200915 -1.299749E-06  1.701288E-06
200916 -1.616451E-06  2.891632E-06
200917 -1.071812E-06  2.684988E-06
200918 -6.521485E-07  8.876492E-07
200919 -5.662637E-07 -1.982804E-07
200920 -6.189936E-07  9.079881E-07
200921 -1.034364E-06  2.707931E-06
200922 -1.589790E-06  2.889828E-06
200923 -1.267129E-06  1.664728E-06
200924 -2.095264E-07  1.261084E-06
200925 -3.782335E-07  2.449764E-06
200926 -2.284990E-06  3.786564E-06
200927 -3.335625E-06  4.271801E-06
200928 -2.201297E-06  4.247335E-06
200929 -1.982814E-06  3.839199E-06
200930 -5.442679E-06  3.004168E-06
200931 -9.848170E-06  2.531736E-06
200932 -1.019029E-05  2.967316E-06
200933 -5.457452E-06  3.458722E-06
200934  9.993654E-07  2.968114E-06
200935  5.750840E-06  1.666280E-06
200936  7.943537E-06  4.751140E-07
200937  9.274063E-06  6.366471E-06
200938  9.140548E-06  6.870251E-06
200939  7.795597E-06  8.216363E-06
200940  3.579209E-06  9.809751E-06
200941 -3.446382E-06  1.052605E-05
200942 -9.802212E-06  1.006712E-05
200943 -1.094442E-05  9.879854E-06
200944 -6.758038E-06  1.112329E-05
200945 -2.534454E-06  1.261869E-05
200946 -2.072868E-06  1.297723E-05
200947 -2.939068E-06  1.285625E-05
200948 -1.667920E-06  1.278484E-05
200949  5.017812E-07  1.185262E-05
200950  8.136904E-07  1.041005E-05
200951 -1.572007E-07  1.031224E-05
200952 -3.131136E-07  1.143866E-05
200953  4.496915E-07  1.155187E-05
200954  1.019838E-06  1.007838E-05
200955  1.132155E-06  9.110465E-06
200956  9.876609E-07  1.008903E-05
200957  4.016257E-07  1.156033E-05
200958 -3.322461E-07  1.143987E-05
200959 -1.098182E-07  1.030525E-05
200960  9.071055E-07  1.037541E-05
200961  5.922776E-07  1.177244E-05
200962 -1.594294E-06  1.268850E-05
200963 -2.885170E-06  1.278883E-05
200964 -2.071308E-06  1.291583E-05
200965 -2.574537E-06  1.250820E-05
200966 -6.732530E-06  1.101518E-05
200967 -1.078625E-05  9.911987E-06
200968 -9.613071E-06  1.025751E-05
200969 -3.367387E-06  1.071387E-05
200970  3.558289E-06  9.853169E-06
200971  7.784901E-06  8.138218E-06
200972  9.184232E-06  6.780851E-06
200973  9.340426E-06  6.343257E-06
200974  9.153400E-06  6.877571E-06
200975  7.756775E-06  8.289302E-06
200976  3.529844E-06  9.954233E-06
200977 -3.418157E-06  1.068239E-05
200978 -9.639846E-06  1.014840E-05
200979 -1.070623E-05  9.864122E-06
200980 -6.558847E-06  1.108420E-05
200981 -2.420154E-06  1.262604E-05
200982 -2.010397E-06  1.299840E-05
200983 -2.899098E-06  1.281549E-05
200984 -1.649304E-06  1.268932E-05
200985  5.100359E-07  1.179068E-05
200986  8.350689E-07  1.044071E-05
200987 -1.199702E-07  1.041038E-05
200988 -2.831162E-07  1.153671E-05
200989  4.507564E-07  1.159586E-05
200990  9.953193E-07  1.005420E-05
200991  1.112449E-06  9.050013E-06
200992  1.006130E-06  1.005198E-05
200993  4.582590E-07  1.158475E-05
200994 -2.788850E-07  1.150382E-05
200995 -1.020808E-07  1.035515E-05
200996  8.692848E-07  1.039357E-05
200997  5.402852E-07  1.179096E-05
200998 -1.639425E-06  1.273725E-05
200999 -2.920850E-06  1.286582E-05
201000 -2.099370E-06  1.300602E-05
201001 -2.608885E-06  1.258220E-05
201002 -6.795893E-06  1.101340E-05
201003 -1.086997E-05  9.798003E-06
201004 -9.674070E-06  1.009260E-05
201005 -3.393292E-06  1.060966E-05
201006  3.522950E-06  9.847304E-06
201007  7.705906E-06  8.178796E-06
201008  9.087800E-06  6.818251E-06
201009  8.434184E-06  8.951863E-06
201010  8.645311E-06  9.498702E-06
201011  8.216591E-06  1.104421E-05
201012  5.033199E-06  1.293908E-05
201013 -1.540817E-06  1.359941E-05
201014 -8.451558E-06  1.243593E-05
201015 -1.073352E-05  1.161992E-05
201016 -7.347611E-06  1.322887E-05
201017 -3.187225E-06  1.557349E-05
201018 -2.430015E-06  1.615965E-05
201019 -3.081007E-06  1.591969E-05
201020 -1.731194E-06  1.622542E-05
201021  5.049144E-07  1.582710E-05
201022  9.352253E-07  1.437558E-05
201023  9.457083E-08  1.397991E-05
201024  1.096349E-08  1.509160E-05
201025  8.078238E-07  1.547965E-05
201026  1.433344E-06  1.426728E-05
201027  1.581739E-06  1.338304E-05
201028  1.399549E-06  1.424783E-05
201029  7.586747E-07  1.544516E-05
201030 -7.598475E-09  1.506386E-05
201031  1.407090E-07  1.397648E-05
201032  1.019103E-06  1.437011E-05
201033  5.767614E-07  1.577728E-05
201034 -1.676603E-06  1.614682E-05
201035 -3.037472E-06  1.586052E-05
201036 -2.425680E-06  1.609525E-05
201037 -3.204066E-06  1.544126E-05
201038 -7.274922E-06  1.309192E-05
201039 -1.052601E-05  1.163842E-05
201040 -8.246661E-06  1.262500E-05
201041 -1.484667E-06  1.377959E-05
201042  4.984045E-06  1.297228E-05
201043  8.197965E-06  1.096770E-05
201044  8.694206E-06  9.414753E-06
201045  8.504352E-06  8.922647E-06
201046  8.672984E-06  9.492849E-06
201047  8.188329E-06  1.110525E-05
201048  4.973262E-06  1.307888E-05
201049 -1.535434E-06  1.376770E-05
201050 -8.297399E-06  1.254702E-05
201051 -1.048135E-05  1.163470E-05
201052 -7.133111E-06  1.320644E-05
201053 -3.074763E-06  1.559108E-05
201054 -2.381860E-06  1.619814E-05
201055 -3.054001E-06  1.590198E-05
201056 -1.720712E-06  1.614902E-05
201057  5.030678E-07  1.577639E-05
201058  9.387610E-07  1.441029E-05
201059  1.095101E-07  1.407451E-05
201060  2.516961E-08  1.517928E-05
201061  8.074832E-07  1.551254E-05
201062  1.417415E-06  1.423947E-05
201063  1.567024E-06  1.332936E-05
201064  1.408118E-06  1.422321E-05
201065  7.909411E-07  1.547925E-05
201066  1.890243E-08  1.512713E-05
201067  1.311594E-07  1.401354E-05
201068  9.739780E-07  1.437081E-05
201069  5.187953E-07  1.578327E-05
201070 -1.731096E-06  1.618771E-05
201071 -3.082452E-06  1.592949E-05
201072 -2.462159E-06  1.618323E-05
201073 -3.254642E-06  1.552938E-05
201074 -7.367200E-06  1.311566E-05
201075 -1.063788E-05  1.154588E-05
201076 -8.315418E-06  1.247241E-05
201077 -1.496083E-06  1.368145E-05
201078  4.970058E-06  1.296330E-05
201079  8.134903E-06  1.099645E-05
201080  8.605315E-06  9.444762E-06
201081  7.498101E-06  8.892043E-06
201082  7.915123E-06  9.506699E-06
201083  8.082102E-06  1.130449E-05
201084  5.732790E-06  1.350098E-05
201085 -7.228328E-08  1.396766E-05
201086 -6.682677E-06  1.176440E-05
201087 -9.365576E-06  9.860568E-06
201088 -6.832058E-06  1.149650E-05
201089 -3.336647E-06  1.463774E-05
201090 -2.678870E-06  1.554735E-05
201091 -3.178766E-06  1.520115E-05
201092 -1.877817E-06  1.581511E-05
201093  2.103118E-07  1.596368E-05
201094  7.013159E-07  1.463454E-05
201095  2.727543E-08  1.406540E-05
201096 -4.797968E-08  1.518627E-05
201097  6.632533E-07  1.579904E-05
201098  1.295960E-06  1.479288E-05
201099  1.483851E-06  1.397229E-05
201100  1.266330E-06  1.474637E-05
201101  6.217966E-07  1.572499E-05
201102 -5.873137E-08  1.513131E-05
201103  7.518573E-08  1.406712E-05
201104  7.767546E-07  1.466274E-05
201105  2.660022E-07  1.595145E-05
201106 -1.840533E-06  1.576012E-05
201107 -3.148111E-06  1.515347E-05
201108 -2.675193E-06  1.548997E-05
201109 -3.331826E-06  1.451558E-05
201110 -6.721806E-06  1.138516E-05
201111 -9.137407E-06  9.919742E-06
201112 -6.500977E-06  1.198085E-05
201113 -6.798861E-08  1.414270E-05
201114  5.642167E-06  1.351998E-05
201115  8.047729E-06  1.123253E-05
201116  7.957989E-06  9.434704E-06
201117  7.556205E-06  8.859108E-06
201118  7.941522E-06  9.496044E-06
201119  8.050836E-06  1.135777E-05
201120  5.649926E-06  1.362921E-05
201121 -1.094307E-07  1.413903E-05
201122 -6.569140E-06  1.191118E-05
201123 -9.136097E-06  9.929154E-06
201124 -6.629778E-06  1.151491E-05
201125 -3.241965E-06  1.467544E-05
201126 -2.655824E-06  1.560177E-05
201127 -3.172981E-06  1.520593E-05
201128 -1.878449E-06  1.576122E-05
201129  2.008778E-07  1.592550E-05
201130  6.909778E-07  1.466897E-05
201131  2.242115E-08  1.414912E-05
201132 -4.765690E-08  1.525700E-05
201133  6.649743E-07  1.581695E-05
201134  1.293957E-06  1.476149E-05
201135  1.479000E-06  1.392974E-05
201136  1.266326E-06  1.474112E-05
201137  6.279418E-07  1.577529E-05
201138 -5.780628E-08  1.519879E-05
201139  5.856527E-08  1.409525E-05
201140  7.410686E-07  1.464891E-05
201141  2.173540E-07  1.594569E-05
201142 -1.893902E-06  1.579044E-05
201143 -3.194034E-06  1.520593E-05
201144 -2.711500E-06  1.555704E-05
201145 -3.387459E-06  1.458645E-05
201146 -6.823868E-06  1.139725E-05
201147 -9.248966E-06  9.820289E-06
201148 -6.548940E-06  1.183077E-05
201149 -4.627354E-08  1.405610E-05
201150  5.659782E-06  1.351928E-05
201151  8.010576E-06  1.126021E-05
201152  7.890060E-06  9.463343E-06
201153  7.419888E-06  8.044241E-06
201154  7.865478E-06  8.736357E-06
201155  8.147053E-06  1.076846E-05
201156  6.102376E-06  1.314559E-05
201157  9.707520E-07  1.325331E-05
201158 -4.739159E-06  9.927055E-06
201159 -7.027779E-06  6.893008E-06
201160 -5.152792E-06  8.412324E-06
201161 -2.717295E-06  1.217929E-05
201162 -2.454946E-06  1.338087E-05
201163 -2.801944E-06  1.293903E-05
201164 -1.605060E-06  1.376366E-05
201165  1.602741E-07  1.437712E-05
201166  6.403071E-07  1.323866E-05
201167  1.518331E-07  1.260335E-05
201168  4.949084E-08  1.374144E-05
201169  6.061338E-07  1.450626E-05
201170  1.223281E-06  1.363326E-05
201171  1.456395E-06  1.285068E-05
201172  1.202036E-06  1.356726E-05
201173  5.781050E-07  1.440260E-05
201174  4.999017E-08  1.366590E-05
201175  2.009224E-07  1.261170E-05
201176  7.056332E-07  1.329911E-05
201177  2.010245E-07  1.440084E-05
201178 -1.582577E-06  1.372980E-05
201179 -2.784755E-06  1.289901E-05
201180 -2.455819E-06  1.333272E-05
201181 -2.699343E-06  1.208702E-05
201182 -5.026944E-06  8.361741E-06
201183 -6.816815E-06  7.022235E-06
201184 -4.617567E-06  1.017762E-05
201185  9.054281E-07  1.341347E-05
201186  5.968811E-06  1.314119E-05
201187  8.097879E-06  1.069954E-05
201188  7.900249E-06  8.678377E-06
201189  7.461510E-06  8.008043E-06
201190  7.880759E-06  8.725647E-06
201191  8.103407E-06  1.081514E-05
201192  5.992284E-06  1.325276E-05
201193  8.837575E-07  1.341086E-05
201194 -4.687435E-06  1.009780E-05
201195 -6.850874E-06  7.016923E-06
201196 -4.985229E-06  8.479186E-06
201197 -2.649656E-06  1.223771E-05
201198 -2.460779E-06  1.344308E-05
201199 -2.821706E-06  1.295846E-05
201200 -1.619192E-06  1.372968E-05
201201  1.458938E-07  1.435054E-05
201202  6.217482E-07  1.326999E-05
201203  1.322673E-07  1.267282E-05
201204  3.952354E-08  1.379390E-05
201205  6.132524E-07  1.451036E-05
201206  1.238847E-06  1.360085E-05
201207  1.463846E-06  1.282203E-05
201208  1.192939E-06  1.358305E-05
201209  5.562056E-07  1.446920E-05
201210  2.709161E-08  1.373825E-05
201211  1.857393E-07  1.263496E-05
201212  6.909479E-07  1.327718E-05
201213  1.702737E-07  1.438785E-05
201214 -1.629342E-06  1.375008E-05
201215 -2.824614E-06  1.293144E-05
201216 -2.480948E-06  1.336847E-05
201217 -2.743920E-06  1.212088E-05
201218 -5.115038E-06  8.339488E-06
201219 -6.899192E-06  6.902353E-06
201220 -4.621921E-06  1.002963E-05
201221  9.687563E-07  1.334445E-05
201222  6.016287E-06  1.315534E-05
201223  8.083356E-06  1.073269E-05
201224  7.852723E-06  8.710537E-06
