Mesh2HRTF 0.1.2
    1
    1  1225
200000 -2.189926E-06 -1.875848E-05
200001 -2.125088E-06 -1.901497E-05
200002 -1.867877E-06 -1.928174E-05
200003 -1.609763E-06 -1.944617E-05
200004 -1.353749E-06 -1.951448E-05
200005 -1.102728E-06 -1.949554E-05
200006 -8.594089E-07 -1.940032E-05
200007 -6.262903E-07 -1.924129E-05
200008 -4.056015E-07 -1.903186E-05
200009 -1.992949E-07 -1.878583E-05
200010 -9.034898E-09 -1.851687E-05
200011  1.637960E-07 -1.823815E-05
200012  3.180816E-07 -1.796196E-05
200013  4.529484E-07 -1.769948E-05
200014  5.677368E-07 -1.746057E-05
200015  6.619660E-07 -1.725363E-05
200016  7.353025E-07 -1.708559E-05
200017  7.875271E-07 -1.696181E-05
200018  8.185064E-07 -1.688615E-05
200019  8.281745E-07 -1.686088E-05
200020  8.165159E-07 -1.688675E-05
200021  7.835633E-07 -1.696300E-05
200022  7.294015E-07 -1.708732E-05
200023  6.541806E-07 -1.725586E-05
200024  5.581387E-07 -1.746323E-05
200025  4.416279E-07 -1.770251E-05
200026  3.051475E-07 -1.796526E-05
200027  1.493767E-07 -1.824164E-05
200028 -2.479486E-08 -1.852046E-05
200029 -2.162322E-07 -1.878944E-05
200030 -4.235381E-07 -1.903542E-05
200031 -6.450341E-07 -1.924473E-05
200032 -8.787587E-07 -1.940357E-05
200033 -1.122472E-06 -1.949857E-05
200034 -1.373680E-06 -1.951726E-05
200035 -1.629667E-06 -1.944868E-05
200036 -1.887548E-06 -1.928398E-05
200037 -2.144331E-06 -1.901693E-05
200038 -2.396995E-06 -1.864444E-05
200039 -2.642575E-06 -1.816690E-05
200040 -2.878258E-06 -1.758845E-05
200041 -3.101473E-06 -1.691702E-05
200042 -3.309986E-06 -1.616423E-05
200043 -3.501977E-06 -1.534513E-05
200044 -3.676098E-06 -1.447768E-05
200045 -3.831517E-06 -1.358220E-05
200046 -3.967922E-06 -1.268064E-05
200047 -4.085499E-06 -1.179577E-05
200048 -4.184879E-06 -1.095042E-05
200049 -4.267050E-06 -1.016663E-05
200050 -4.333248E-06 -9.464987E-06
200051 -4.384835E-06 -8.863955E-06
200052 -4.423159E-06 -8.379327E-06
200053 -4.449426E-06 -8.023811E-06
200054 -4.464591E-06 -7.806701E-06
200055 -4.469260E-06 -7.733660E-06
200056 -4.463638E-06 -7.806592E-06
200057 -4.447505E-06 -8.023599E-06
200058 -4.420243E-06 -8.379019E-06
200059 -4.380889E-06 -8.863562E-06
200060 -4.328226E-06 -9.464523E-06
200061 -4.260904E-06 -1.016610E-05
200062 -4.177561E-06 -1.094984E-05
200063 -4.076966E-06 -1.179515E-05
200064 -3.958140E-06 -1.267997E-05
200065 -3.820468E-06 -1.358148E-05
200066 -3.663781E-06 -1.447690E-05
200067 -3.488413E-06 -1.534426E-05
200068 -3.295220E-06 -1.616326E-05
200069 -3.085573E-06 -1.691591E-05
200070 -2.861319E-06 -1.758717E-05
200071 -2.624718E-06 -1.816542E-05
200072 -2.378363E-06 -1.864273E-05
200073 -1.857516E-06 -1.953919E-05
200074 -1.343254E-06 -1.959366E-05
200075 -8.335840E-07 -1.929371E-05
200076 -3.377409E-07 -1.868943E-05
200077  1.363674E-07 -1.783832E-05
200078  5.822568E-07 -1.680124E-05
200079  9.948922E-07 -1.563871E-05
200080  1.370662E-06 -1.440796E-05
200081  1.707312E-06 -1.316063E-05
200082  2.003856E-06 -1.194131E-05
200083  2.260437E-06 -1.078686E-05
200084  2.478172E-06 -9.726318E-06
200085  2.658945E-06 -8.781396E-06
200086  2.805172E-06 -7.967352E-06
200087  2.919536E-06 -7.294117E-06
200088  3.004717E-06 -6.767546E-06
200089  3.063126E-06 -6.390646E-06
200090  3.096672E-06 -6.164673E-06
200091  3.106578E-06 -6.089994E-06
200092  3.093261E-06 -6.166640E-06
200093  3.056301E-06 -6.394492E-06
200094  2.994474E-06 -6.773101E-06
200095  2.905878E-06 -7.301137E-06
200096  2.788122E-06 -7.975535E-06
200097  2.638553E-06 -8.790400E-06
200098  2.454530E-06 -9.735778E-06
200099  2.233690E-06 -1.079641E-05
200100  1.974212E-06 -1.195060E-05
200101  1.675050E-06 -1.316933E-05
200102  1.336129E-06 -1.441580E-05
200103  9.585099E-07 -1.564546E-05
200104  5.445083E-07 -1.680674E-05
200105  9.778996E-08 -1.784248E-05
200106 -3.765720E-07 -1.869223E-05
200107 -8.720736E-07 -1.929518E-05
200108 -1.380807E-06 -1.959391E-05
200109 -1.893562E-06 -1.953838E-05
200110 -2.400023E-06 -1.909016E-05
200111 -2.889094E-06 -1.822627E-05
200112 -3.349367E-06 -1.694237E-05
200113 -3.769721E-06 -1.525462E-05
200114 -4.140038E-06 -1.320023E-05
200115 -4.451975E-06 -1.083608E-05
200116 -4.699717E-06 -8.235834E-06
200117 -4.880615E-06 -5.485448E-06
200118 -4.995622E-06 -2.677782E-06
200119 -5.049443E-06  9.322176E-08
200120 -5.050345E-06  2.738036E-06
200121 -5.009611E-06  5.176120E-06
200122 -4.940681E-06  7.339075E-06
200123 -4.858031E-06  9.172171E-06
200124 -4.775906E-06  1.063429E-05
200125 -4.707035E-06  1.169665E-05
200126 -4.661456E-06  1.234083E-05
200127 -4.645573E-06  1.255679E-05
200128 -4.661554E-06  1.234132E-05
200129 -4.707122E-06  1.169756E-05
200130 -4.775771E-06  1.063551E-05
200131 -4.857373E-06  9.173547E-06
200132 -4.939130E-06  7.340416E-06
200133 -5.006751E-06  5.177233E-06
200134 -5.045739E-06  2.738747E-06
200135 -5.042662E-06  9.339133E-08
200136 -4.986268E-06 -2.678243E-06
200137 -4.868351E-06 -5.486568E-06
200138 -4.684283E-06 -8.237572E-06
200139 -4.433210E-06 -1.083833E-05
200140 -4.117885E-06 -1.320283E-05
200141 -3.744239E-06 -1.525736E-05
200142 -3.320729E-06 -1.694500E-05
200143 -2.857580E-06 -1.822855E-05
200144 -2.366011E-06 -1.909182E-05
200145 -1.202843E-06 -1.967035E-05
200146 -4.765843E-07 -1.883369E-05
200147  2.145768E-07 -1.736914E-05
200148  8.566642E-07 -1.543199E-05
200149  1.439599E-06 -1.318046E-05
200150  1.956529E-06 -1.076385E-05
200151  2.403275E-06 -8.313809E-06
200152  2.778012E-06 -5.939072E-06
200153  3.081171E-06 -3.723079E-06
200154  3.315466E-06 -1.724039E-06
200155  3.485934E-06  2.324906E-08
200156  3.599835E-06  1.504365E-06
200157  3.666353E-06  2.721465E-06
200158  3.696047E-06  3.689033E-06
200159  3.700093E-06  4.429444E-06
200160  3.689383E-06  4.968553E-06
200161  3.673593E-06  5.331557E-06
200162  3.660325E-06  5.539371E-06
200163  3.654408E-06  5.605800E-06
200164  3.657465E-06  5.535725E-06
200165  3.667757E-06  5.324474E-06
200166  3.680351E-06  4.958434E-06
200167  3.687572E-06  4.416849E-06
200168  3.679708E-06  3.674640E-06
200169  3.645874E-06  2.706022E-06
200170  3.574952E-06  1.488640E-06
200171  3.456484E-06  7.984716E-09
200172  3.281427E-06 -1.738162E-06
200173  3.042694E-06 -3.735470E-06
200174  2.735439E-06 -5.949251E-06
200175  2.357146E-06 -8.321416E-06
200176  1.907573E-06 -1.076865E-05
200177  1.388711E-06 -1.318235E-05
200178  8.048703E-07 -1.543097E-05
200179  1.629925E-07 -1.736536E-05
200180 -5.268087E-07 -1.882740E-05
200181 -1.250574E-06 -1.966193E-05
200182 -1.989909E-06 -1.973127E-05
200183 -2.721755E-06 -1.893096E-05
200184 -3.418808E-06 -1.720484E-05
200185 -4.050784E-06 -1.455687E-05
200186 -4.586605E-06 -1.105762E-05
200187 -4.997347E-06 -6.843251E-06
200188 -5.259627E-06 -2.106200E-06
200189 -5.358937E-06  2.921927E-06
200190 -5.292374E-06  7.993335E-06
200191 -5.070275E-06  1.286958E-05
200192 -4.716390E-06  1.734557E-05
200193 -4.266452E-06  2.126792E-05
200194 -3.765260E-06  2.454444E-05
200195 -3.262574E-06  2.714308E-05
200196 -2.808324E-06  2.908079E-05
200197 -2.447671E-06  3.040483E-05
200198 -2.216507E-06  3.117064E-05
200199 -2.137848E-06  3.142123E-05
200200 -2.219533E-06  3.117257E-05
200201 -2.453431E-06  3.040845E-05
200202 -2.816253E-06  2.908564E-05
200203 -3.271875E-06  2.714854E-05
200204 -3.774952E-06  2.454978E-05
200205 -4.275440E-06  2.127241E-05
200206 -4.723531E-06  1.734854E-05
200207 -5.074451E-06  1.287048E-05
200208 -5.292554E-06  7.991825E-06
200209 -5.354241E-06  2.917878E-06
200210 -5.249372E-06 -2.112682E-06
200211 -4.981083E-06 -6.851846E-06
200212 -4.564135E-06 -1.106783E-05
200213 -4.022175E-06 -1.456807E-05
200214 -3.384380E-06 -1.721635E-05
200215 -2.682069E-06 -1.894208E-05
200216 -1.945731E-06 -1.974133E-05
200217 -8.325980E-08 -1.858643E-05
200218  7.275701E-07 -1.626224E-05
200219  1.443516E-06 -1.319926E-05
200220  2.058857E-06 -9.712166E-06
200221  2.572880E-06 -6.084459E-06
200222  2.986510E-06 -2.549912E-06
200223  3.300493E-06  7.153451E-07
200224  3.515254E-06  3.592531E-06
200225  3.632046E-06  6.014649E-06
200226  3.654764E-06  7.958402E-06
200227  3.591538E-06  9.435667E-06
200228  3.455775E-06  1.048549E-05
200229  3.266091E-06  1.116691E-05
200230  3.045252E-06  1.155226E-05
200231  2.818311E-06  1.172049E-05
200232  2.610257E-06  1.175021E-05
200233  2.443576E-06  1.171258E-05
200234  2.336039E-06  1.166442E-05
200235  2.298969E-06  1.164254E-05
200236  2.336149E-06  1.165976E-05
200237  2.443467E-06  1.170358E-05
200238  2.609303E-06  1.173754E-05
200239  2.815659E-06  1.170501E-05
200240  3.039904E-06  1.153500E-05
200241  3.257007E-06  1.114893E-05
200242  3.441976E-06  1.046783E-05
200243  3.572200E-06  9.419250E-06
200244  3.629307E-06  7.944002E-06
200245  3.600212E-06  6.002870E-06
200246  3.477121E-06  3.583820E-06
200247  3.256544E-06  7.099919E-07
200248  2.937592E-06 -2.551731E-06
200249  2.520173E-06 -6.082659E-06
200250  2.003810E-06 -9.706738E-06
200251  1.387765E-06 -1.319027E-05
200252  6.728413E-07 -1.624986E-05
200253 -1.352395E-07 -1.857096E-05
200254 -1.021599E-06 -1.983768E-05
200255 -1.958250E-06 -1.977206E-05
200256 -2.901830E-06 -1.817829E-05
200257 -3.794194E-06 -1.498441E-05
200258 -4.566548E-06 -1.027287E-05
200259 -5.146938E-06 -4.291346E-06
200260 -5.470084E-06  2.562142E-06
200261 -5.487859E-06  9.781432E-06
200262 -5.178403E-06  1.681735E-05
200263 -4.552084E-06  2.315585E-05
200264 -3.653065E-06  2.839476E-05
200265 -2.556121E-06  3.230368E-05
200266 -1.359232E-06  3.485333E-05
200267 -1.731650E-07  3.620670E-05
200268  8.903942E-07  3.667227E-05
200269  1.730544E-06  3.662790E-05
200270  2.267398E-06  3.643138E-05
200271  2.449895E-06  3.633693E-05
200272  2.260648E-06  3.643616E-05
200273  1.717569E-06  3.663689E-05
200274  8.722034E-07  3.668437E-05
200275 -1.951551E-07  3.622042E-05
200276 -1.383304E-06  3.486698E-05
200277 -2.580379E-06  3.231555E-05
200278 -3.675563E-06  2.840329E-05
200279 -4.570949E-06  2.315986E-05
200280 -5.191944E-06  1.681614E-05
200281 -5.494667E-06  9.774834E-06
200282 -5.469097E-06  2.550544E-06
200283 -5.137490E-06 -4.307104E-06
200284 -4.548391E-06 -1.029162E-05
200285 -3.767486E-06 -1.500482E-05
200286 -2.867148E-06 -1.819905E-05
200287 -1.916501E-06 -1.979196E-05
200288 -9.740026E-07 -1.985573E-05
200289  1.344114E-06 -1.566319E-05
200290  2.026364E-06 -1.162567E-05
200291  2.542622E-06 -7.073096E-06
200292  2.921197E-06 -2.477462E-06
200293  3.189125E-06  1.801428E-06
200294  3.363495E-06  5.525796E-06
200295  3.448607E-06  8.568306E-06
200296  3.438530E-06  1.088862E-05
200297  3.323252E-06  1.250718E-05
200298  3.095917E-06  1.348271E-05
200299  2.758879E-06  1.389690E-05
200300  2.327052E-06  1.384604E-05
200301  1.828100E-06  1.343764E-05
200302  1.299866E-06  1.278866E-05
200303  7.859879E-07  1.202243E-05
200304  3.307677E-07  1.126247E-05
200305 -2.578071E-08  1.062296E-05
200306 -2.521047E-07  1.019723E-05
200307 -3.281766E-07  1.004677E-05
200308 -2.473274E-07  1.019318E-05
200309 -1.683308E-08  1.061529E-05
200310  3.427411E-07  1.125196E-05
200311  7.994288E-07  1.201009E-05
200312  1.312957E-06  1.277558E-05
200313  1.838925E-06  1.342484E-05
200314  2.333754E-06  1.383436E-05
200315  2.759803E-06  1.388696E-05
200316  3.089736E-06  1.347488E-05
200317  3.309083E-06  1.250161E-05
200318  3.416025E-06  1.088532E-05
200319  3.418002E-06  8.567165E-06
200320  3.325610E-06  5.526734E-06
200321  3.145302E-06  1.804453E-06
200322  2.873194E-06 -2.472183E-06
200323  2.492464E-06 -7.065221E-06
200324  1.976198E-06 -1.161474E-05
200325  1.296069E-06 -1.564878E-05
200326  4.353809E-07 -1.862187E-05
200327 -5.967885E-07 -1.998384E-05
200328 -1.754534E-06 -1.927275E-05
200329 -2.951188E-06 -1.621723E-05
200330 -4.065004E-06 -1.082653E-05
200331 -4.954549E-06 -3.444063E-06
200332 -5.481213E-06  5.256572E-06
200333 -5.534166E-06  1.434395E-05
200334 -5.052234E-06  2.276552E-05
200335 -4.037804E-06  2.952758E-05
200336 -2.559891E-06  3.388371E-05
200337 -7.460874E-07  3.548938E-05
200338  1.234329E-06  3.448423E-05
200339  3.192241E-06  3.147659E-05
200340  4.941221E-06  2.742671E-05
200341  6.317283E-06  2.344935E-05
200342  7.193870E-06  2.057679E-05
200343  7.491696E-06  1.953523E-05
200344  7.184040E-06  2.058555E-05
200345  6.298370E-06  2.346583E-05
200346  4.914648E-06  2.744895E-05
200347  3.159977E-06  3.150191E-05
200348  1.198719E-06  3.450960E-05
200349 -7.825092E-07  3.551174E-05
200350 -2.594580E-06  3.390039E-05
200351 -4.068370E-06  2.953663E-05
200352 -5.076584E-06  2.276595E-05
200353 -5.550618E-06  1.433585E-05
200354 -5.488569E-06  5.241030E-06
200355 -4.952146E-06 -3.465178E-06
200356 -4.052710E-06 -1.085092E-05
200357 -2.929376E-06 -1.624253E-05
200358 -1.724031E-06 -1.929693E-05
200359 -5.588096E-07 -2.000540E-05
200360  4.792958E-07 -1.863997E-05
200361  2.730878E-06 -1.079822E-05
200362  3.025780E-06 -5.350202E-06
200363  3.105020E-06 -1.332273E-08
200364  3.064283E-06  4.674253E-06
200365  2.977423E-06  8.410807E-06
200366  2.880289E-06  1.110177E-05
200367  2.769181E-06  1.280026E-05
200368  2.611606E-06  1.364014E-05
200369  2.363917E-06  1.377947E-05
200370  1.989457E-06  1.336459E-05
200371  1.472049E-06  1.251684E-05
200372  8.221613E-07  1.133736E-05
200373  7.578206E-08  9.921795E-06
200374 -7.120407E-07  8.375524E-06
200375 -1.476260E-06  6.822233E-06
200376 -2.151082E-06  5.401581E-06
200377 -2.677869E-06  4.256067E-06
200378 -3.011050E-06  3.510706E-06
200379 -3.122040E-06  3.251531E-06
200380 -3.001398E-06  3.509383E-06
200381 -2.659464E-06  4.253837E-06
200382 -2.125590E-06  5.399147E-06
200383 -1.445895E-06  6.820385E-06
200384 -6.793282E-07  8.374924E-06
200385  1.082163E-07  9.922818E-06
200386  8.517528E-07  1.134004E-05
200387  1.496426E-06  1.252086E-05
200388  2.006579E-06  1.336942E-05
200389  2.372228E-06  1.378440E-05
200390  2.610202E-06  1.364443E-05
200391  2.757935E-06  1.280321E-05
200392  2.859894E-06  1.110286E-05
200393  2.949308E-06  8.409879E-06
200394  3.030425E-06  4.671669E-06
200395  3.067684E-06 -1.655987E-08
200396  2.987279E-06 -5.352488E-06
200397  2.693391E-06 -1.079759E-05
200398  2.096760E-06 -1.559982E-05
200399  1.148648E-06 -1.888137E-05
200400 -1.296952E-07 -1.978969E-05
200401 -1.631950E-06 -1.769048E-05
200402 -3.172657E-06 -1.236301E-05
200403 -4.515046E-06 -4.146074E-06
200404 -5.415145E-06  6.015646E-06
200405 -5.671488E-06  1.665942E-05
200406 -5.167784E-06  2.603100E-05
200407 -3.897817E-06  3.241727E-05
200408 -1.967071E-06  3.451824E-05
200409  4.278215E-07  3.177094E-05
200410  3.034761E-06  2.453883E-05
200411  5.586796E-06  1.410601E-05
200412  7.837825E-06  2.460165E-06
200413  9.587021E-06 -8.098630E-06
200414  1.069058E-05 -1.543954E-05
200415  1.106387E-05 -1.806202E-05
200416  1.067945E-05 -1.542642E-05
200417  9.565667E-06 -8.073937E-06
200418  7.807930E-06  2.493488E-06
200419  5.550635E-06  1.414398E-05
200420  2.994969E-06  2.457690E-05
200421  3.871592E-07  3.180459E-05
200422 -2.005913E-06  3.454358E-05
200423 -3.932386E-06  3.243165E-05
200424 -5.195998E-06  2.603340E-05
200425 -5.691752E-06  1.665058E-05
200426 -5.426430E-06  5.997908E-06
200427 -4.516926E-06 -4.169209E-06
200428 -3.165285E-06 -1.238760E-05
200429 -1.615976E-06 -1.771289E-05
200430 -1.061566E-07 -1.980726E-05
200431  1.178438E-06 -1.889281E-05
200432  2.131269E-06 -1.560524E-05
200433  3.707709E-06 -4.530517E-06
200434  3.379186E-06  1.555597E-06
200435  2.838258E-06  6.591741E-06
200436  2.279228E-06  1.013988E-05
200437  1.835150E-06  1.213599E-05
200438  1.553571E-06  1.278578E-05
200439  1.401155E-06  1.243205E-05
200440  1.290717E-06  1.143288E-05
200441  1.118542E-06  1.007690E-05
200442  7.990651E-07  8.545874E-06
200443  2.875707E-07  6.920693E-06
200444 -4.125480E-07  5.217172E-06
200445 -1.255847E-06  3.433954E-06
200446 -2.168740E-06  1.595489E-06
200447 -3.065381E-06 -2.225483E-07
200448 -3.861404E-06 -1.891503E-06
200449 -4.483829E-06 -3.250546E-06
200450 -4.877330E-06 -4.142461E-06
200451 -5.007805E-06 -4.452706E-06
200452 -4.864129E-06 -4.139269E-06
200453 -4.458600E-06 -3.243877E-06
200454 -3.826251E-06 -1.880986E-06
200455 -3.022959E-06 -2.080229E-07
200456 -2.121904E-06  1.613700E-06
200457 -1.207443E-06  3.454931E-06
200458 -3.653474E-07  5.239485E-06
200459  3.308714E-07  6.942637E-06
200460  8.359131E-07  8.565729E-06
200461  1.146731E-06  1.009311E-05
200462  1.308700E-06  1.144408E-05
200463  1.408351E-06  1.243709E-05
200464  1.550520E-06  1.278372E-05
200465  1.823413E-06  1.212633E-05
200466  2.261057E-06  1.012295E-05
200467  2.816129E-06  6.569039E-06
200468  3.355372E-06  1.529988E-06
200469  3.684046E-06 -4.555068E-06
200470  3.596708E-06 -1.084166E-05
200471  2.941934E-06 -1.615612E-05
200472  1.681945E-06 -1.919237E-05
200473 -7.269448E-08 -1.880851E-05
200474 -2.067184E-06 -1.436505E-05
200475 -3.948007E-06 -6.018205E-06
200476 -5.339363E-06  5.127591E-06
200477 -5.929740E-06  1.708377E-05
200478 -5.544015E-06  2.728652E-05
200479 -4.180834E-06  3.311211E-05
200480 -2.006105E-06  3.249377E-05
200481  6.926232E-07  2.448931E-05
200482  3.574329E-06  9.642425E-06
200483  6.313200E-06 -9.980933E-06
200484  8.648340E-06 -3.112164E-05
200485  1.040419E-05 -4.996735E-05
200486  1.148332E-05 -6.296169E-05
200487  1.184319E-05 -6.758964E-05
200488  1.147311E-05 -6.294470E-05
200489  1.038472E-05 -4.993539E-05
200490  8.621322E-06 -3.107856E-05
200491  6.280864E-06 -9.931929E-06
200492  3.539124E-06  9.691403E-06
200493  6.569914E-07  2.453238E-05
200494 -2.039877E-06  3.252598E-05
200495 -4.210711E-06  3.313031E-05
200496 -5.568301E-06  2.728992E-05
200497 -5.947187E-06  1.707417E-05
200498 -5.349288E-06  5.109086E-06
200499 -3.950359E-06 -6.040015E-06
200500 -2.062502E-06 -1.438424E-05
200501 -6.194139E-08 -1.882008E-05
200502  1.697614E-06 -1.919335E-05
200503  2.961370E-06 -1.614604E-05
200504  3.618825E-06 -1.082250E-05
200505  4.052830E-06  2.123672E-06
200506  2.955955E-06  7.856136E-06
200507  1.718645E-06  1.150597E-05
200508  6.523251E-07  1.291896E-05
200509 -5.052519E-08  1.242138E-05
200510 -3.469980E-07  1.061573E-05
200511 -3.263354E-07  8.166320E-06
200512 -1.578622E-07  5.629178E-06
200513 -2.641189E-08  3.355409E-06
200514 -7.729821E-08  1.472317E-06
200515 -3.852073E-07 -7.310566E-08
200516 -9.501179E-07 -1.434069E-06
200517 -1.713526E-06 -2.775154E-06
200518 -2.583525E-06 -4.198757E-06
200519 -3.458438E-06 -5.703309E-06
200520 -4.243497E-06 -7.180483E-06
200521 -4.860175E-06 -8.448542E-06
200522 -5.250607E-06 -9.309669E-06
200523 -5.379687E-06 -9.612691E-06
200524 -5.236126E-06 -9.301168E-06
200525 -4.832654E-06 -8.431464E-06
200526 -4.205369E-06 -7.154969E-06
200527 -3.412493E-06 -5.670143E-06
200528 -2.532405E-06 -4.159693E-06
200529 -1.659586E-06 -2.732919E-06
200530 -8.956273E-07 -1.391993E-06
200531 -3.326504E-07 -3.451296E-08
200532 -2.948091E-08  1.504673E-06
200533  1.380631E-08  3.379588E-06
200534 -1.275727E-07  5.643891E-06
200535 -3.071296E-07  8.170525E-06
200536 -3.384709E-07  1.060833E-05
200537 -5.080149E-08  1.240139E-05
200538  6.460224E-07  1.288609E-05
200539  1.709170E-06  1.146155E-05
200540  2.945498E-06  7.803751E-06
200541  4.042575E-06  2.069138E-06
200542  4.645994E-06 -4.981480E-06
200543  4.463965E-06 -1.200488E-05
200544  3.367907E-06 -1.728293E-05
200545  1.455215E-06 -1.910694E-05
200546 -9.503154E-07 -1.627035E-05
200547 -3.365995E-06 -8.546711E-06
200548 -5.268797E-06  2.997174E-06
200549 -6.229983E-06  1.598718E-05
200550 -6.024215E-06  2.709619E-05
200551 -4.679422E-06  3.273517E-05
200552 -2.453624E-06  2.993986E-05
200553  2.502235E-07  1.722981E-05
200554  2.999839E-06 -4.805753E-06
200555  5.439672E-06 -3.338966E-05
200556  7.353918E-06 -6.398441E-05
200557  8.671419E-06 -9.119572E-05
200558  9.420254E-06 -1.099454E-04
200559  9.658260E-06 -1.166236E-04
200560  9.412874E-06 -1.099257E-04
200561  8.657526E-06 -9.115872E-05
200562  7.335022E-06 -6.393461E-05
200563  5.417572E-06 -3.333324E-05
200564  2.976320E-06 -4.749737E-06
200565  2.268863E-07  1.727851E-05
200566 -2.475368E-06  2.997556E-05
200567 -4.698289E-06  3.275448E-05
200568 -6.039059E-06  2.709883E-05
200569 -6.239927E-06  1.597624E-05
200570 -5.273466E-06  2.978688E-06
200571 -3.365692E-06 -8.564901E-06
200572 -9.459976E-07 -1.628031E-05
200573  1.462231E-06 -1.910252E-05
200574  3.376399E-06 -1.726124E-05
200575  4.473179E-06 -1.196696E-05
200576  4.655720E-06 -4.931886E-06
200577  3.761157E-06  8.036818E-06
200578  1.884737E-06  1.252121E-05
200579  2.165222E-09  1.405036E-05
200580 -1.459802E-06  1.288551E-05
200581 -2.262540E-06  9.806957E-06
200582 -2.388658E-06  5.807604E-06
200583 -2.005484E-06  1.811431E-06
200584 -1.381438E-06 -1.521127E-06
200585 -7.898492E-07 -3.876324E-06
200586 -4.331053E-07 -5.267718E-06
200587 -4.067172E-07 -5.944599E-06
200588 -7.043705E-07 -6.266224E-06
200589 -1.249795E-06 -6.576932E-06
200590 -1.935522E-06 -7.108952E-06
200591 -2.653031E-06 -7.930150E-06
200592 -3.308692E-06 -8.943938E-06
200593 -3.828723E-06 -9.937482E-06
200594 -4.159684E-06 -1.066260E-05
200595 -4.269022E-06 -1.092436E-05
200596 -4.146318E-06 -1.064926E-05
200597 -3.803704E-06 -9.910926E-06
200598 -3.274702E-06 -8.904854E-06
200599 -2.612691E-06 -7.880349E-06
200600 -1.890688E-06 -7.051772E-06
200601 -1.201581E-06 -6.517108E-06
200602 -6.538071E-07 -6.209135E-06
200603 -3.555571E-07 -5.895120E-06
200604 -3.842092E-07 -5.229220E-06
200605 -7.468197E-07 -3.850332E-06
200606 -1.347615E-06 -1.507859E-06
200607 -1.982778E-06  1.811972E-06
200608 -2.376788E-06  5.794674E-06
200609 -2.259085E-06  9.778932E-06
200610 -1.461086E-06  1.284082E-05
200611 -2.792367E-10  1.398911E-05
200612  1.883391E-06  1.244668E-05
200613  3.761310E-06  7.955878E-06
200614  5.120018E-06  1.016328E-06
200615  5.509424E-06 -7.043975E-06
200616  4.690395E-06 -1.423954E-05
200617  2.731491E-06 -1.835715E-05
200618  1.709754E-08 -1.757877E-05
200619 -2.843178E-06 -1.114783E-05
200620 -5.180071E-06  1.255198E-07
200621 -6.453652E-06  1.372101E-05
200622 -6.403681E-06  2.575212E-05
200623 -5.111147E-06  3.178782E-05
200624 -2.951747E-06  2.798516E-05
200625 -4.605011E-07  1.223986E-05
200626  1.841863E-06 -1.498368E-05
200627  3.598238E-06 -5.042145E-05
200628  4.689539E-06 -8.850158E-05
200629  5.214165E-06 -1.224787E-04
200630  5.389245E-06 -1.459415E-04
200631  5.419015E-06 -1.543086E-04
200632  5.385805E-06 -1.459205E-04
200633  5.207979E-06 -1.224394E-04
200634  4.681697E-06 -8.844884E-05
200635  3.589811E-06 -5.036206E-05
200636  1.833601E-06 -1.492533E-05
200637 -4.681956E-07  1.228969E-05
200638 -2.958595E-06  2.802047E-05
200639 -5.116711E-06  3.180536E-05
200640 -6.407271E-06  2.575227E-05
200641 -6.454558E-06  1.370814E-05
200642 -5.178003E-06  1.074266E-07
200643 -2.838670E-06 -1.116139E-05
200644  2.266833E-08 -1.757826E-05
200645  2.736379E-06 -1.833570E-05
200646  4.693279E-06 -1.419483E-05
200647  5.510091E-06 -6.978959E-06
200648  5.119473E-06  1.094205E-06
200649  3.004343E-06  1.234689E-05
200650  4.739031E-07  1.502683E-05
200651 -1.892340E-06  1.422665E-05
200652 -3.575748E-06  1.065877E-05
200653 -4.314715E-06  5.512020E-06
200654 -4.135444E-06  6.608390E-08
200655 -3.292894E-06 -4.624546E-06
200656 -2.154071E-06 -7.916945E-06
200657 -1.070923E-06 -9.625003E-06
200658 -2.868470E-07 -9.950151E-06
200659  9.878820E-08 -9.343644E-06
200660  1.106528E-07 -8.347311E-06
200661 -1.540328E-07 -7.448920E-06
200662 -5.781774E-07 -6.975492E-06
200663 -1.057980E-06 -7.038514E-06
200664 -1.512984E-06 -7.538005E-06
200665 -1.882654E-06 -8.222988E-06
200666 -2.121843E-06 -8.792401E-06
200667 -2.201310E-06 -9.006878E-06
200668 -2.111427E-06 -8.775739E-06
200669 -1.863827E-06 -8.189946E-06
200670 -1.488618E-06 -7.489660E-06
200671 -1.030281E-06 -6.977494E-06
200672 -5.477517E-07 -6.906490E-06
200673 -1.201508E-07 -7.378486E-06
200674  1.487724E-07 -8.282698E-06
200675  1.404942E-07 -9.291041E-06
200676 -2.443796E-07 -9.913093E-06
200677 -1.032191E-06 -9.603868E-06
200678 -2.123695E-06 -7.909932E-06
200679 -3.273764E-06 -4.629692E-06
200680 -4.127467E-06  4.898238E-08
200681 -4.314763E-06  5.480775E-06
200682 -3.578899E-06  1.060999E-05
200683 -1.893881E-06  1.415825E-05
200684  4.766042E-07  1.494058E-05
200685  3.010985E-06  1.224961E-05
200686  5.055084E-06  6.203668E-06
200687  6.009934E-06 -2.068441E-06
200688  5.524604E-06 -1.051853E-05
200689  3.627772E-06 -1.659819E-05
200690  7.464375E-07 -1.795887E-05
200691 -2.404146E-06 -1.327217E-05
200692 -5.029883E-06 -2.923607E-06
200693 -6.499019E-06  1.068510E-05
200694 -6.532270E-06  2.341331E-05
200695 -5.274741E-06  3.026423E-05
200696 -3.224428E-06  2.669653E-05
200697 -1.044998E-06  1.001563E-05
200698  6.666288E-07 -1.957640E-05
200699  1.571880E-06 -5.862909E-05
200700  1.673271E-06 -1.009574E-04
200701  1.264009E-06 -1.389356E-04
200702  7.714769E-07 -1.652497E-04
200703  5.601956E-07 -1.746493E-04
200704  7.721674E-07 -1.652288E-04
200705  1.265837E-06 -1.388964E-04
200706  1.676779E-06 -1.009052E-04
200707  1.577238E-06 -5.857084E-05
200708  6.733834E-07 -1.952002E-05
200709 -1.037749E-06  1.006259E-05
200710 -3.217529E-06  2.672822E-05
200711 -5.268451E-06  3.027783E-05
200712 -6.526096E-06  2.340998E-05
200713 -6.492098E-06  1.067027E-05
200714 -5.021758E-06 -2.940917E-06
200715 -2.395451E-06 -1.328100E-05
200716  7.538830E-07 -1.794886E-05
200717  3.631690E-06 -1.656238E-05
200718  5.523513E-06 -1.045554E-05
200719  6.004224E-06 -1.983233E-06
200720  5.047184E-06  6.301043E-06
200721  2.034763E-06  1.467334E-05
200722 -9.216368E-07  1.541544E-05
200723 -3.544974E-06  1.256674E-05
200724 -5.264256E-06  7.228421E-06
200725 -5.820674E-06  8.677990E-07
200726 -5.292174E-06 -5.107095E-06
200727 -4.013257E-06 -9.658779E-06
200728 -2.429981E-06 -1.226862E-05
200729 -9.479855E-07 -1.292879E-05
200730  1.727473E-07 -1.202318E-05
200731  8.477894E-07 -1.015679E-05
200732  1.129636E-06 -7.984113E-06
200733  1.135518E-06 -6.066866E-06
200734  9.831284E-07 -4.773843E-06
200735  7.594244E-07 -4.230077E-06
200736  5.217925E-07 -4.322655E-06
200737  3.129006E-07 -4.766114E-06
200738  1.698980E-07 -5.215277E-06
200739  1.210479E-07 -5.394023E-06
200740  1.764048E-07 -5.197406E-06
200741  3.236293E-07 -4.730685E-06
200742  5.337438E-07 -4.270874E-06
200743  7.709647E-07 -4.164933E-06
200744  9.951628E-07 -4.700805E-06
200745  1.150931E-06 -5.993727E-06
200746  1.151291E-06 -7.919561E-06
200747  8.762945E-07 -1.010803E-05
200748  2.053233E-07 -1.199367E-05
200749 -9.168468E-07 -1.291741E-05
200750 -2.406375E-06 -1.227105E-05
200751 -4.001275E-06 -9.670487E-06
200752 -5.292071E-06 -5.126400E-06
200753 -5.828641E-06  8.384132E-07
200754 -5.273960E-06  7.183627E-06
200755 -3.550244E-06  1.250174E-05
200756 -9.190903E-07  1.532963E-05
200757  2.044410E-06  1.457238E-05
200758  4.589396E-06  9.934506E-06
200759  6.004955E-06  2.214754E-06
200760  5.847710E-06 -6.679480E-06
200761  4.102626E-06 -1.408892E-05
200762  1.213609E-06 -1.731380E-05
200763 -2.038203E-06 -1.452709E-05
200764 -4.775896E-06 -5.618883E-06
200765 -6.308120E-06  7.343645E-06
200766 -6.350558E-06  2.028774E-05
200767 -5.105850E-06  2.800635E-05
200768 -3.171459E-06  2.555765E-05
200769 -1.309990E-06  9.808834E-06
200770 -1.692615E-07 -1.935796E-05
200771 -5.788593E-08 -5.859309E-05
200772 -8.585708E-07 -1.015800E-04
200773 -2.105903E-06 -1.403983E-04
200774 -3.191892E-06 -1.673942E-04
200775 -3.616496E-06 -1.770542E-04
200776 -3.187656E-06 -1.673743E-04
200777 -2.097261E-06 -1.403611E-04
200778 -8.455756E-07 -1.015309E-04
200779 -4.127963E-08 -5.853897E-05
200780 -1.506356E-07 -1.930661E-05
200781 -1.291398E-06  9.850176E-06
200782 -3.154624E-06  2.558370E-05
200783 -5.091421E-06  2.801501E-05
200784 -6.337927E-06  2.028097E-05
200785 -6.296029E-06  7.327566E-06
200786 -4.763571E-06 -5.634721E-06
200787 -2.026350E-06 -1.453149E-05
200788  1.222676E-06 -1.729653E-05
200789  4.106025E-06 -1.404363E-05
200790  5.843767E-06 -6.605958E-06
200791  5.994711E-06  2.309892E-06
200792  4.576789E-06  1.003938E-05
200793  1.093854E-06  1.511593E-05
200794 -2.013497E-06  1.414771E-05
200795 -4.658446E-06  9.843094E-06
200796 -6.263056E-06  3.563336E-06
200797 -6.591765E-06 -3.111845E-06
200798 -5.768420E-06 -8.806720E-06
200799 -4.181570E-06 -1.262230E-05
200800 -2.321765E-06 -1.422797E-05
200801 -6.147793E-07 -1.379720E-05
200802  6.884171E-07 -1.184871E-05
200803  1.532619E-06 -9.061929E-06
200804  2.000865E-06 -6.116100E-06
200805  2.223928E-06 -3.571296E-06
200806  2.308904E-06 -1.788210E-06
200807  2.315246E-06 -8.842199E-07
200808  2.271178E-06 -7.352518E-07
200809  2.201218E-06 -1.036162E-06
200810  2.138266E-06 -1.415648E-06
200811  2.113985E-06 -1.574552E-06
200812  2.140755E-06 -1.398702E-06
200813  2.203705E-06 -1.002502E-06
200814  2.270642E-06 -6.858903E-07
200815  2.310700E-06 -8.219245E-07
200816  2.302773E-06 -1.718430E-06
200817  2.221194E-06 -3.502241E-06
200818  2.006399E-06 -6.057285E-06
200819  1.548239E-06 -9.021315E-06
200820  7.113965E-07 -1.182972E-05
200821 -5.909292E-07 -1.379741E-05
200822 -2.304634E-06 -1.424064E-05
200823 -4.176584E-06 -1.264026E-05
200824 -5.776429E-06 -8.826501E-06
200825 -6.608536E-06 -3.135801E-06
200826 -6.280961E-06  3.528312E-06
200827 -4.669725E-06  9.789613E-06
200828 -2.013672E-06  1.407253E-05
200829  1.104088E-06  1.502281E-05
200830  3.895842E-06  1.198118E-05
200831  5.596090E-06  5.363752E-06
200832  5.706409E-06 -3.215191E-06
200833  4.173663E-06 -1.120302E-05
200834  1.430861E-06 -1.577144E-05
200835 -1.726545E-06 -1.475240E-05
200836 -4.396205E-06 -7.572992E-06
200837 -5.870240E-06  4.156768E-06
200838 -5.873011E-06  1.669692E-05
200839 -4.644824E-06  2.497970E-05
200840 -2.837557E-06  2.400555E-05
200841 -1.260706E-06  1.043534E-05
200842 -5.752988E-07 -1.613593E-05
200843 -1.053330E-06 -5.267020E-05
200844 -2.492779E-06 -9.315413E-05
200845 -4.314940E-06 -1.299440E-04
200846 -5.799840E-06 -1.556174E-04
200847 -6.366379E-06 -1.648182E-04
200848 -5.793124E-06 -1.555990E-04
200849 -4.301616E-06 -1.299100E-04
200850 -2.473443E-06 -9.310951E-05
200851 -1.029499E-06 -5.262180E-05
200852 -5.494428E-07 -1.609114E-05
200853 -1.235668E-06  1.046987E-05
200854 -2.815538E-06  2.402536E-05
200855 -4.626515E-06  2.498360E-05
200856 -5.857462E-06  1.668764E-05
200857 -5.855723E-06  4.140768E-06
200858 -4.381686E-06 -7.586368E-06
200859 -1.712905E-06 -1.475269E-05
200860  1.440748E-06 -1.574951E-05
200861  4.176325E-06 -1.115372E-05
200862  5.700064E-06 -3.139484E-06
200863  5.582505E-06  5.458232E-06
200864  3.880434E-06  1.208185E-05
200865  3.577905E-07  1.409649E-05
200866 -2.634558E-06  1.186366E-05
200867 -5.104115E-06  6.795621E-06
200868 -6.506695E-06  3.626885E-07
200869 -6.639591E-06 -5.898221E-06
200870 -5.653025E-06 -1.076753E-05
200871 -3.951647E-06 -1.355644E-05
200872 -2.028218E-06 -1.413722E-05
200873 -2.939745E-07 -1.283044E-05
200874  1.029704E-06 -1.022174E-05
200875  1.922538E-06 -6.981919E-06
200876  2.492313E-06 -3.735497E-06
200877  2.871586E-06 -9.801780E-07
200878  3.144929E-06  9.653503E-07
200879  3.336566E-06  1.998925E-06
200880  3.443829E-06  2.244121E-06
200881  3.476366E-06  2.004648E-06
200882  3.468410E-06  1.656303E-06
200883  3.459870E-06  1.505679E-06
200884  3.467389E-06  1.670561E-06
200885  3.471777E-06  2.033120E-06
200886  3.432789E-06  2.286283E-06
200887  3.318736E-06  2.052817E-06
200888  3.124009E-06  1.026381E-06
200889  2.854249E-06 -9.197476E-07
200890  2.485046E-06 -3.685344E-06
200891  1.928183E-06 -6.950554E-06
200892  1.045663E-06 -1.021284E-05
200893 -2.749266E-07 -1.284091E-05
200894 -2.014945E-06 -1.415858E-05
200895 -3.950904E-06 -1.357930E-05
200896 -5.666536E-06 -1.078663E-05
200897 -6.663147E-06 -5.915315E-06
200898 -6.531769E-06  3.399006E-07
200899 -5.121487E-06  6.757878E-06
200900 -2.638424E-06  1.180542E-05
200901  3.672508E-07  1.401933E-05
200902  3.133705E-06  1.248055E-05
200903  4.907333E-06  7.243886E-06
200904  5.183995E-06 -4.475050E-07
200905  3.888403E-06 -8.312945E-06
200906  1.419978E-06 -1.360647E-05
200907 -1.464417E-06 -1.401258E-05
200908 -3.900319E-06 -8.605461E-06
200909 -5.212895E-06  1.484527E-06
200910 -5.151668E-06  1.301818E-05
200911 -3.971377E-06  2.134787E-05
200912 -2.324654E-06  2.173545E-05
200913 -1.005724E-06  1.089397E-05
200914 -6.443615E-07 -1.176553E-05
200915 -1.469466E-06 -4.362763E-05
200916 -3.232263E-06 -7.930575E-05
200917 -5.313067E-06 -1.118992E-04
200918 -6.963117E-06 -1.347026E-04
200919 -7.585819E-06 -1.428833E-04
200920 -6.955170E-06 -1.346861E-04
200921 -5.297519E-06 -1.118687E-04
200922 -3.210138E-06 -7.926613E-05
200923 -1.442802E-06 -4.358535E-05
200924 -6.161162E-07 -1.172750E-05
200925 -9.790543E-07  1.092183E-05
200926 -2.301795E-06  2.174960E-05
200927 -3.952757E-06  2.134810E-05
200928 -5.135912E-06  1.300788E-05
200929 -5.197938E-06  1.470216E-06
200930 -3.885110E-06 -8.615253E-06
200931 -1.450222E-06 -1.400895E-05
200932  1.429678E-06 -1.358215E-05
200933  3.889687E-06 -8.264458E-06
200934  5.175189E-06 -3.768137E-07
200935  4.891042E-06  7.328951E-06
200936  3.116695E-06  1.256795E-05
200937 -7.659737E-08  1.215319E-05
200938 -2.736543E-06  9.170596E-06
200939 -4.898376E-06  3.967588E-06
200940 -6.080412E-06 -2.013483E-06
200941 -6.110129E-06 -7.393773E-06
200942 -5.134896E-06 -1.118101E-05
200943 -3.532227E-06 -1.291705E-05
200944 -1.754641E-06 -1.265355E-05
200945 -1.687581E-07 -1.080499E-05
200946  1.046121E-06 -7.956664E-06
200947  1.901051E-06 -4.703660E-06
200948  2.515111E-06 -1.560090E-06
200949  3.007118E-06  1.075389E-06
200950  3.427870E-06  2.941116E-06
200951  3.762221E-06  3.946227E-06
200952  3.978791E-06  4.197421E-06
200953  4.077886E-06  3.975625E-06
200954  4.100825E-06  3.641217E-06
200955  4.099779E-06  3.494380E-06
200956  4.097140E-06  3.651589E-06
200957  4.068118E-06  3.996603E-06
200958  3.960393E-06  4.229221E-06
200959  3.735427E-06  3.988184E-06
200960  3.397208E-06  2.990208E-06
200961  2.980277E-06  1.125126E-06
200962  2.499593E-06 -1.518957E-06
200963  1.900477E-06 -4.680027E-06
200964  1.058206E-06 -7.954851E-06
200965 -1.515105E-07 -1.082206E-05
200966 -1.741921E-06 -1.268031E-05
200967 -3.531960E-06 -1.294268E-05
200968 -5.149918E-06 -1.119871E-05
200969 -6.136809E-06 -7.404312E-06
200970 -6.109929E-06 -2.024444E-06
200971 -4.920414E-06  3.946145E-06
200972 -2.743926E-06  9.131612E-06
200973 -6.853875E-08  1.209626E-05
200974  2.424352E-06  1.178449E-05
200975  4.057363E-06  7.962221E-06
200976  4.374366E-06  1.494296E-06
200977  3.303071E-06 -5.705430E-06
200978  1.197363E-06 -1.113636E-05
200979 -1.268626E-06 -1.252160E-05
200980 -3.327319E-06 -8.731562E-06
200981 -4.387245E-06 -4.732583E-07
200982 -4.244339E-06  9.583267E-06
200983 -3.151379E-06  1.739622E-05
200984 -1.714810E-06  1.874200E-05
200985 -6.562656E-07  1.062567E-05
200986 -5.314081E-07 -7.585866E-06
200987 -1.517029E-06 -3.372235E-05
200988 -3.348691E-06 -6.322133E-05
200989 -5.427762E-06 -9.025006E-05
200990 -7.048648E-06 -1.091766E-04
200991 -7.655994E-06 -1.159672E-04
200992 -7.040668E-06 -1.091620E-04
200993 -5.412324E-06 -9.022314E-05
200994 -3.327080E-06 -6.318660E-05
200995 -1.491494E-06 -3.368581E-05
200996 -5.049538E-07 -7.553870E-06
200997 -6.318738E-07  1.064792E-05
200998 -1.694343E-06  1.875184E-05
200999 -3.134800E-06  1.739436E-05
201000 -4.229914E-06  9.573662E-06
201001 -4.372847E-06 -4.842810E-07
201002 -3.312244E-06 -8.736710E-06
201003 -1.254768E-06 -1.251410E-05
201004  1.205925E-06 -1.111138E-05
201005  3.302221E-06 -5.661369E-06
201006  4.362851E-06  1.554745E-06
201007  4.038750E-06  8.031864E-06
201008  2.406521E-06  1.185297E-05
201009 -1.789826E-07  9.776165E-06
201010 -2.353482E-06  6.520103E-06
201011 -4.142759E-06  1.662672E-06
201012 -5.142210E-06 -3.485191E-06
201013 -5.196791E-06 -7.770120E-06
201014 -4.417666E-06 -1.044955E-05
201015 -3.113283E-06 -1.127802E-05
201016 -1.658501E-06 -1.044160E-05
201017 -3.523306E-07 -8.392664E-06
201018  6.727109E-07 -5.662367E-06
201019  1.448214E-06 -2.726832E-06
201020  2.086008E-06  3.896886E-08
201021  2.673911E-06  2.348904E-06
201022  3.219250E-06  3.998262E-06
201023  3.666660E-06  4.897291E-06
201024  3.961014E-06  5.119890E-06
201025  4.099672E-06  4.906827E-06
201026  4.135843E-06  4.587811E-06
201027  4.136465E-06  4.446252E-06
201028  4.130472E-06  4.593665E-06
201029  4.086890E-06  4.919138E-06
201030  3.938784E-06  5.139822E-06
201031  3.635639E-06  4.925816E-06
201032  3.184220E-06  4.034401E-06
201033  2.642757E-06  2.387951E-06
201034  2.066568E-06  7.254315E-08
201035  1.444655E-06 -2.707884E-06
201036  6.833553E-07 -5.663348E-06
201037 -3.346272E-07 -8.411602E-06
201038 -1.643646E-06 -1.046964E-05
201039 -3.110071E-06 -1.130384E-05
201040 -4.430202E-06 -1.046529E-05
201041 -5.222562E-06 -7.775272E-06
201042 -5.172802E-06 -3.486382E-06
201043 -4.167320E-06  1.655722E-06
201044 -2.363612E-06  6.499797E-06
201045 -1.726024E-07  9.740544E-06
201046  1.844999E-06  1.030158E-05
201047  3.142396E-06  7.756028E-06
201048  3.362965E-06  2.634217E-06
201049  2.468967E-06 -3.546809E-06
201050  7.697397E-07 -8.635680E-06
201051 -1.172346E-06 -1.054617E-05
201052 -2.733519E-06 -8.098660E-06
201053 -3.451366E-06 -1.678550E-06
201054 -3.194500E-06  6.604917E-06
201055 -2.211070E-06  1.341245E-05
201056 -1.032937E-06  1.521016E-05
201057 -2.690642E-07  9.490352E-06
201058 -3.676231E-07 -4.280062E-06
201059 -1.441125E-06 -2.433982E-05
201060 -3.223436E-06 -4.704241E-05
201061 -5.171261E-06 -6.781565E-05
201062 -6.663371E-06 -8.232866E-05
201063 -7.218369E-06 -8.752725E-05
201064 -6.656356E-06 -8.231593E-05
201065 -5.157858E-06 -6.779223E-05
201066 -3.205015E-06 -4.701227E-05
201067 -1.419833E-06 -2.430836E-05
201068 -3.460972E-07 -4.253033E-06
201069 -2.496833E-07  9.508413E-06
201070 -1.016875E-06  1.521738E-05
201071 -2.197737E-06  1.341028E-05
201072 -3.181955E-06  6.597723E-06
201073 -3.437770E-06 -1.684843E-06
201074 -2.718881E-06 -8.098262E-06
201075 -1.159393E-06 -1.053477E-05
201076  7.764169E-07 -8.611158E-06
201077  2.465380E-06 -3.509521E-06
201078  3.348623E-06  2.681208E-06
201079  3.121905E-06  7.806898E-06
201080  1.827027E-06  1.034855E-05
201081  3.804940E-08  7.321047E-06
201082 -1.556959E-06  4.176526E-06
201083 -2.961813E-06 -1.536846E-08
201084 -3.851553E-06 -4.141702E-06
201085 -4.070169E-06 -7.301396E-06
201086 -3.660159E-06 -8.989910E-06
201087 -2.824396E-06 -9.135228E-06
201088 -1.829707E-06 -8.006482E-06
201089 -8.910210E-07 -6.044848E-06
201090 -9.460477E-08 -3.690378E-06
201091  5.971183E-07 -1.279165E-06
201092  1.268177E-06  9.596269E-07
201093  1.958191E-06  2.848968E-06
201094  2.623084E-06  4.232072E-06
201095  3.168677E-06  5.008778E-06
201096  3.522416E-06  5.207852E-06
201097  3.684842E-06  5.017882E-06
201098  3.724394E-06  4.727573E-06
201099  3.723696E-06  4.596499E-06
201100  3.718340E-06  4.728743E-06
201101  3.671201E-06  5.021306E-06
201102  3.499747E-06  5.215811E-06
201103  3.137825E-06  5.024066E-06
201104  2.588454E-06  4.255949E-06
201105  1.927046E-06  2.878746E-06
201106  1.248051E-06  9.880279E-07
201107  5.925567E-07 -1.261436E-06
201108 -8.430718E-08 -3.689791E-06
201109 -8.719725E-07 -6.060980E-06
201110 -1.811348E-06 -8.031688E-06
201111 -2.815996E-06 -9.158569E-06
201112 -3.667122E-06 -9.002952E-06
201113 -4.091550E-06 -7.302330E-06
201114 -3.880045E-06 -4.135536E-06
201115 -2.986691E-06 -1.051519E-08
201116 -1.568932E-06  4.172858E-06
201117  4.251264E-08  7.305919E-06
201118  1.432885E-06  8.385554E-06
201119  2.227293E-06  6.889945E-06
201120  2.213771E-06  3.085549E-06
201121  1.423706E-06 -1.891596E-06
201122  1.347203E-07 -6.291453E-06
201123 -1.214798E-06 -8.328805E-06
201124 -2.176225E-06 -6.909936E-06
201125 -2.454051E-06 -2.214100E-06
201126 -2.020191E-06  4.157998E-06
201127 -1.132439E-06  9.602204E-06
201128 -2.446276E-07  1.138201E-05
201129  1.624572E-07  7.620396E-06
201130 -2.329456E-07 -1.990067E-06
201131 -1.463862E-06 -1.603574E-05
201132 -3.253792E-06 -3.180929E-05
201133 -5.111503E-06 -4.609346E-05
201134 -6.499577E-06 -5.598301E-05
201135 -7.010694E-06 -5.950650E-05
201136 -6.494244E-06 -5.597228E-05
201137 -5.101508E-06 -4.607361E-05
201138 -3.240440E-06 -3.178361E-05
201139 -1.448947E-06 -1.600887E-05
201140 -2.184044E-07 -1.967057E-06
201141  1.751691E-07  7.635649E-06
201142 -2.340259E-07  1.138826E-05
201143 -1.122788E-06  9.601457E-06
201144 -2.009542E-06  4.154812E-06
201145 -2.441165E-06 -2.214404E-06
201146 -2.162114E-06 -6.903255E-06
201147 -1.203119E-06 -8.313445E-06
201148  1.390284E-07 -6.268078E-06
201149  1.417126E-06 -1.862406E-06
201150  2.196859E-06  3.117472E-06
201151  2.205673E-06  6.920712E-06
201152  1.415593E-06  8.410583E-06
201153  5.410924E-07  4.993391E-06
201154 -4.210661E-07  2.246006E-06
201155 -1.459832E-06 -1.090361E-06
201156 -2.325045E-06 -4.137720E-06
201157 -2.840126E-06 -6.247657E-06
201158 -2.950636E-06 -7.124568E-06
201159 -2.724150E-06 -6.824260E-06
201160 -2.295452E-06 -5.650714E-06
201161 -1.783187E-06 -3.994768E-06
201162 -1.229865E-06 -2.182434E-06
201163 -6.067846E-07 -4.042100E-07
201164  1.224991E-07  1.249192E-06
201165  9.335777E-07  2.696908E-06
201166  1.724531E-06  3.817635E-06
201167  2.364705E-06  4.491104E-06
201168  2.770345E-06  4.693068E-06
201169  2.950243E-06  4.552500E-06
201170  2.989900E-06  4.310155E-06
201171  2.987268E-06  4.196664E-06
201172  2.984168E-06  4.306835E-06
201173  2.937792E-06  4.547544E-06
201174  2.750257E-06  4.690006E-06
201175  2.337682E-06  4.494581E-06
201176  1.693989E-06  3.831077E-06
201177  9.054547E-07  2.719578E-06
201178  1.035164E-07  1.274960E-06
201179 -6.117774E-07 -3.846692E-07
201180 -1.220228E-06 -2.176742E-06
201181 -1.763339E-06 -4.004313E-06
201182 -2.273704E-06 -5.669622E-06
201183 -2.709798E-06 -6.842652E-06
201184 -2.950301E-06 -7.133943E-06
201185 -2.854738E-06 -6.244987E-06
201186 -2.349013E-06 -4.126046E-06
201187 -1.483241E-06 -1.076123E-06
201188 -4.341983E-07  2.256699E-06
201189  5.432034E-07  4.997143E-06
201190  1.193647E-06  6.285066E-06
201191  1.343375E-06  5.590170E-06
201192  9.625150E-07  2.992056E-06
201193  1.863469E-07 -7.148347E-07
201194 -7.174593E-07 -4.198841E-06
201195 -1.431803E-06 -6.049249E-06
201196 -1.699445E-06 -5.366427E-06
201197 -1.421440E-06 -2.229308E-06
201198 -7.078852E-07  2.204583E-06
201199  1.416000E-07  6.064535E-06
201200  7.275825E-07  7.471563E-06
201201  6.860936E-07  5.275451E-06
201202 -1.750449E-07 -5.114361E-07
201203 -1.790385E-06 -8.764081E-06
201204 -3.838861E-06 -1.770550E-05
201205 -5.836254E-06 -2.550786E-05
201206 -7.282317E-06 -3.074630E-05
201207 -7.808160E-06 -3.257943E-05
201208 -7.279058E-06 -3.073779E-05
201209 -5.830421E-06 -2.549193E-05
201210 -3.831608E-06 -1.768454E-05
201211 -1.783008E-06 -8.741776E-06
201212 -1.685839E-07 -4.919824E-07
201213  6.912989E-07  5.288850E-06
201214  7.322536E-07  7.478191E-06
201215  1.474329E-07  6.066734E-06
201216 -6.990944E-07  2.206835E-06
201217 -1.409274E-06 -2.222522E-06
201218 -1.686050E-06 -5.352855E-06
201219 -1.421718E-06 -6.029864E-06
201220 -7.157281E-07 -4.177001E-06
201221  1.769838E-07 -6.943585E-07
201222  9.438218E-07  3.008399E-06
201223  1.321834E-06  5.600798E-06
201224  1.178167E-06  6.288886E-06
