Mesh2HRTF 0.1.2
    1
    1  1225
200000 -1.453526E-04 -2.643329E-04
200001 -1.356470E-04 -2.421803E-04
200002 -1.356458E-04 -2.421797E-04
200003 -1.356424E-04 -2.421785E-04
200004 -1.356369E-04 -2.421766E-04
200005 -1.356295E-04 -2.421740E-04
200006 -1.356203E-04 -2.421708E-04
200007 -1.356096E-04 -2.421670E-04
200008 -1.355976E-04 -2.421628E-04
200009 -1.355848E-04 -2.421582E-04
200010 -1.355713E-04 -2.421533E-04
200011 -1.355578E-04 -2.421483E-04
200012 -1.355445E-04 -2.421434E-04
200013 -1.355318E-04 -2.421386E-04
200014 -1.355203E-04 -2.421341E-04
200015 -1.355101E-04 -2.421302E-04
200016 -1.355017E-04 -2.421268E-04
200017 -1.354954E-04 -2.421242E-04
200018 -1.354913E-04 -2.421225E-04
200019 -1.354896E-04 -2.421217E-04
200020 -1.354904E-04 -2.421218E-04
200021 -1.354935E-04 -2.421228E-04
200022 -1.354989E-04 -2.421247E-04
200023 -1.355063E-04 -2.421275E-04
200024 -1.355155E-04 -2.421309E-04
200025 -1.355262E-04 -2.421349E-04
200026 -1.355380E-04 -2.421394E-04
200027 -1.355504E-04 -2.421441E-04
200028 -1.355631E-04 -2.421489E-04
200029 -1.355757E-04 -2.421537E-04
200030 -1.355878E-04 -2.421583E-04
200031 -1.355990E-04 -2.421627E-04
200032 -1.356090E-04 -2.421665E-04
200033 -1.356175E-04 -2.421699E-04
200034 -1.356243E-04 -2.421726E-04
200035 -1.356293E-04 -2.421747E-04
200036 -1.356322E-04 -2.421761E-04
200037 -1.356330E-04 -2.421767E-04
200038 -1.356317E-04 -2.421766E-04
200039 -1.356283E-04 -2.421758E-04
200040 -1.356229E-04 -2.421742E-04
200041 -1.356157E-04 -2.421719E-04
200042 -1.356067E-04 -2.421690E-04
200043 -1.355964E-04 -2.421655E-04
200044 -1.355850E-04 -2.421616E-04
200045 -1.355727E-04 -2.421573E-04
200046 -1.355600E-04 -2.421528E-04
200047 -1.355472E-04 -2.421481E-04
200048 -1.355348E-04 -2.421436E-04
200049 -1.355231E-04 -2.421393E-04
200050 -1.355126E-04 -2.421353E-04
200051 -1.355036E-04 -2.421319E-04
200052 -1.354964E-04 -2.421291E-04
200053 -1.354914E-04 -2.421271E-04
200054 -1.354886E-04 -2.421260E-04
200055 -1.354882E-04 -2.421258E-04
200056 -1.354902E-04 -2.421264E-04
200057 -1.354947E-04 -2.421280E-04
200058 -1.355014E-04 -2.421304E-04
200059 -1.355101E-04 -2.421336E-04
200060 -1.355205E-04 -2.421374E-04
200061 -1.355323E-04 -2.421416E-04
200062 -1.355452E-04 -2.421462E-04
200063 -1.355587E-04 -2.421510E-04
200064 -1.355723E-04 -2.421557E-04
200065 -1.355858E-04 -2.421604E-04
200066 -1.355987E-04 -2.421647E-04
200067 -1.356106E-04 -2.421687E-04
200068 -1.356212E-04 -2.421722E-04
200069 -1.356303E-04 -2.421752E-04
200070 -1.356375E-04 -2.421775E-04
200071 -1.356428E-04 -2.421791E-04
200072 -1.356460E-04 -2.421800E-04
200073 -1.094470E-04 -1.833578E-04
200074 -1.094434E-04 -1.833569E-04
200075 -1.094335E-04 -1.833549E-04
200076 -1.094175E-04 -1.833516E-04
200077 -1.093955E-04 -1.833470E-04
200078 -1.093678E-04 -1.833408E-04
200079 -1.093348E-04 -1.833329E-04
200080 -1.092969E-04 -1.833230E-04
200081 -1.092549E-04 -1.833113E-04
200082 -1.092099E-04 -1.832978E-04
200083 -1.091629E-04 -1.832827E-04
200084 -1.091155E-04 -1.832667E-04
200085 -1.090692E-04 -1.832502E-04
200086 -1.090258E-04 -1.832340E-04
200087 -1.089871E-04 -1.832189E-04
200088 -1.089547E-04 -1.832058E-04
200089 -1.089302E-04 -1.831955E-04
200090 -1.089147E-04 -1.831885E-04
200091 -1.089089E-04 -1.831854E-04
200092 -1.089131E-04 -1.831863E-04
200093 -1.089271E-04 -1.831911E-04
200094 -1.089501E-04 -1.831996E-04
200095 -1.089810E-04 -1.832112E-04
200096 -1.090183E-04 -1.832253E-04
200097 -1.090604E-04 -1.832410E-04
200098 -1.091054E-04 -1.832575E-04
200099 -1.091516E-04 -1.832741E-04
200100 -1.091974E-04 -1.832900E-04
200101 -1.092413E-04 -1.833049E-04
200102 -1.092821E-04 -1.833181E-04
200103 -1.093188E-04 -1.833297E-04
200104 -1.093506E-04 -1.833393E-04
200105 -1.093771E-04 -1.833471E-04
200106 -1.093977E-04 -1.833530E-04
200107 -1.094124E-04 -1.833573E-04
200108 -1.094209E-04 -1.833600E-04
200109 -1.094232E-04 -1.833613E-04
200110 -1.094193E-04 -1.833610E-04
200111 -1.094093E-04 -1.833592E-04
200112 -1.093933E-04 -1.833559E-04
200113 -1.093714E-04 -1.833508E-04
200114 -1.093439E-04 -1.833439E-04
200115 -1.093112E-04 -1.833350E-04
200116 -1.092739E-04 -1.833242E-04
200117 -1.092327E-04 -1.833115E-04
200118 -1.091886E-04 -1.832971E-04
200119 -1.091429E-04 -1.832814E-04
200120 -1.090970E-04 -1.832649E-04
200121 -1.090526E-04 -1.832483E-04
200122 -1.090112E-04 -1.832324E-04
200123 -1.089748E-04 -1.832180E-04
200124 -1.089449E-04 -1.832060E-04
200125 -1.089229E-04 -1.831969E-04
200126 -1.089101E-04 -1.831915E-04
200127 -1.089071E-04 -1.831901E-04
200128 -1.089141E-04 -1.831927E-04
200129 -1.089308E-04 -1.831993E-04
200130 -1.089564E-04 -1.832093E-04
200131 -1.089898E-04 -1.832221E-04
200132 -1.090294E-04 -1.832371E-04
200133 -1.090736E-04 -1.832532E-04
200134 -1.091204E-04 -1.832698E-04
200135 -1.091683E-04 -1.832859E-04
200136 -1.092155E-04 -1.833010E-04
200137 -1.092606E-04 -1.833146E-04
200138 -1.093024E-04 -1.833263E-04
200139 -1.093399E-04 -1.833360E-04
200140 -1.093725E-04 -1.833437E-04
200141 -1.093994E-04 -1.833495E-04
200142 -1.094206E-04 -1.833537E-04
200143 -1.094356E-04 -1.833563E-04
200144 -1.094444E-04 -1.833576E-04
200145 -7.430623E-05 -1.071461E-04
200146 -7.430131E-05 -1.071463E-04
200147 -7.428873E-05 -1.071485E-04
200148 -7.426819E-05 -1.071521E-04
200149 -7.423925E-05 -1.071560E-04
200150 -7.420136E-05 -1.071589E-04
200151 -7.415400E-05 -1.071593E-04
200152 -7.409686E-05 -1.071557E-04
200153 -7.403004E-05 -1.071469E-04
200154 -7.395418E-05 -1.071321E-04
200155 -7.387073E-05 -1.071111E-04
200156 -7.378201E-05 -1.070845E-04
200157 -7.369127E-05 -1.070534E-04
200158 -7.360255E-05 -1.070201E-04
200159 -7.352051E-05 -1.069868E-04
200160 -7.344994E-05 -1.069565E-04
200161 -7.339537E-05 -1.069318E-04
200162 -7.336050E-05 -1.069149E-04
200163 -7.334780E-05 -1.069075E-04
200164 -7.335813E-05 -1.069103E-04
200165 -7.339069E-05 -1.069230E-04
200166 -7.344312E-05 -1.069443E-04
200167 -7.351177E-05 -1.069722E-04
200168 -7.359215E-05 -1.070044E-04
200169 -7.367948E-05 -1.070380E-04
200170 -7.376911E-05 -1.070706E-04
200171 -7.385696E-05 -1.071002E-04
200172 -7.393970E-05 -1.071251E-04
200173 -7.401494E-05 -1.071446E-04
200174 -7.408115E-05 -1.071585E-04
200175 -7.413756E-05 -1.071673E-04
200176 -7.418398E-05 -1.071718E-04
200177 -7.422066E-05 -1.071733E-04
200178 -7.424805E-05 -1.071728E-04
200179 -7.426669E-05 -1.071717E-04
200180 -7.427706E-05 -1.071707E-04
200181 -7.427952E-05 -1.071705E-04
200182 -7.427422E-05 -1.071713E-04
200183 -7.426115E-05 -1.071730E-04
200184 -7.424004E-05 -1.071749E-04
200185 -7.421052E-05 -1.071762E-04
200186 -7.417212E-05 -1.071756E-04
200187 -7.412443E-05 -1.071720E-04
200188 -7.406722E-05 -1.071642E-04
200189 -7.400068E-05 -1.071510E-04
200190 -7.392554E-05 -1.071322E-04
200191 -7.384331E-05 -1.071076E-04
200192 -7.375634E-05 -1.070781E-04
200193 -7.366789E-05 -1.070451E-04
200194 -7.358203E-05 -1.070108E-04
200195 -7.350332E-05 -1.069777E-04
200196 -7.343652E-05 -1.069485E-04
200197 -7.338605E-05 -1.069258E-04
200198 -7.335550E-05 -1.069117E-04
200199 -7.334720E-05 -1.069077E-04
200200 -7.336191E-05 -1.069140E-04
200201 -7.339869E-05 -1.069301E-04
200202 -7.345504E-05 -1.069546E-04
200203 -7.352724E-05 -1.069851E-04
200204 -7.361072E-05 -1.070189E-04
200205 -7.370064E-05 -1.070533E-04
200206 -7.379235E-05 -1.070856E-04
200207 -7.388176E-05 -1.071136E-04
200208 -7.396559E-05 -1.071359E-04
200209 -7.404150E-05 -1.071519E-04
200210 -7.410804E-05 -1.071615E-04
200211 -7.416451E-05 -1.071656E-04
200212 -7.421084E-05 -1.071652E-04
200213 -7.424735E-05 -1.071618E-04
200214 -7.427458E-05 -1.071569E-04
200215 -7.429314E-05 -1.071520E-04
200216 -7.430357E-05 -1.071481E-04
200217 -3.932457E-05 -3.571887E-05
200218 -3.932048E-05 -3.572212E-05
200219 -3.931146E-05 -3.573509E-05
200220 -3.929682E-05 -3.575639E-05
200221 -3.927534E-05 -3.578362E-05
200222 -3.924529E-05 -3.581352E-05
200223 -3.920457E-05 -3.584212E-05
200224 -3.915088E-05 -3.586515E-05
200225 -3.908207E-05 -3.587846E-05
200226 -3.899664E-05 -3.587861E-05
200227 -3.889428E-05 -3.586351E-05
200228 -3.877655E-05 -3.583281E-05
200229 -3.864730E-05 -3.578827E-05
200230 -3.851293E-05 -3.573376E-05
200231 -3.838205E-05 -3.567483E-05
200232 -3.826469E-05 -3.561811E-05
200233 -3.817107E-05 -3.557037E-05
200234 -3.811006E-05 -3.553749E-05
200235 -3.808772E-05 -3.552360E-05
200236 -3.810626E-05 -3.553042E-05
200237 -3.816368E-05 -3.555700E-05
200238 -3.825408E-05 -3.559989E-05
200239 -3.836875E-05 -3.565374E-05
200240 -3.849761E-05 -3.571215E-05
200241 -3.863067E-05 -3.576862E-05
200242 -3.875932E-05 -3.581752E-05
200243 -3.887713E-05 -3.585470E-05
200244 -3.898011E-05 -3.587798E-05
200245 -3.906651E-05 -3.588712E-05
200246 -3.913640E-05 -3.588361E-05
200247 -3.919102E-05 -3.587022E-05
200248 -3.923224E-05 -3.585045E-05
200249 -3.926214E-05 -3.582803E-05
200250 -3.928264E-05 -3.580643E-05
200251 -3.929539E-05 -3.578861E-05
200252 -3.930164E-05 -3.577680E-05
200253 -3.930222E-05 -3.577242E-05
200254 -3.929750E-05 -3.577600E-05
200255 -3.928737E-05 -3.578719E-05
200256 -3.927124E-05 -3.580472E-05
200257 -3.924803E-05 -3.582646E-05
200258 -3.921619E-05 -3.584946E-05
200259 -3.917380E-05 -3.587015E-05
200260 -3.911874E-05 -3.588468E-05
200261 -3.904907E-05 -3.588936E-05
200262 -3.896342E-05 -3.588122E-05
200263 -3.886164E-05 -3.585857E-05
200264 -3.874537E-05 -3.582151E-05
200265 -3.861853E-05 -3.577212E-05
200266 -3.848750E-05 -3.571450E-05
200267 -3.836085E-05 -3.565434E-05
200268 -3.824848E-05 -3.559825E-05
200269 -3.816046E-05 -3.555284E-05
200270 -3.810543E-05 -3.552373E-05
200271 -3.808921E-05 -3.551463E-05
200272 -3.811378E-05 -3.552679E-05
200273 -3.817688E-05 -3.555875E-05
200274 -3.827241E-05 -3.560655E-05
200275 -3.839150E-05 -3.566437E-05
200276 -3.852392E-05 -3.572540E-05
200277 -3.865963E-05 -3.578284E-05
200278 -3.879001E-05 -3.583085E-05
200279 -3.890866E-05 -3.586525E-05
200280 -3.901167E-05 -3.588392E-05
200281 -3.909743E-05 -3.588684E-05
200282 -3.916616E-05 -3.587584E-05
200283 -3.921928E-05 -3.585415E-05
200284 -3.925887E-05 -3.582579E-05
200285 -3.928718E-05 -3.579504E-05
200286 -3.930634E-05 -3.576596E-05
200287 -3.931813E-05 -3.574197E-05
200288 -3.932391E-05 -3.572571E-05
200289 -1.180414E-05  1.469787E-05
200290 -1.180146E-05  1.469096E-05
200291 -1.179791E-05  1.466511E-05
200292 -1.179310E-05  1.462190E-05
200293 -1.178610E-05  1.456436E-05
200294 -1.177522E-05  1.449716E-05
200295 -1.175784E-05  1.442667E-05
200296 -1.173020E-05  1.436066E-05
200297 -1.168756E-05  1.430763E-05
200298 -1.162461E-05  1.427563E-05
200299 -1.153664E-05  1.427094E-05
200300 -1.142099E-05  1.429666E-05
200301 -1.127882E-05  1.435169E-05
200302 -1.111647E-05  1.443034E-05
200303 -1.094590E-05  1.452273E-05
200304 -1.078370E-05  1.461615E-05
200305 -1.064863E-05  1.469700E-05
200306 -1.055808E-05  1.475311E-05
200307 -1.052444E-05  1.477590E-05
200308 -1.055231E-05  1.476191E-05
200309 -1.063743E-05  1.471346E-05
200310 -1.076774E-05  1.463809E-05
200311 -1.092612E-05  1.454723E-05
200312 -1.109403E-05  1.445403E-05
200313 -1.125503E-05  1.437115E-05
200314 -1.139722E-05  1.430870E-05
200315 -1.151419E-05  1.427287E-05
200316 -1.160463E-05  1.426547E-05
200317 -1.167089E-05  1.428417E-05
200318 -1.171727E-05  1.432359E-05
200319 -1.174855E-05  1.437650E-05
200320 -1.176895E-05  1.443528E-05
200321 -1.178170E-05  1.449288E-05
200322 -1.178907E-05  1.454355E-05
200323 -1.179254E-05  1.458302E-05
200324 -1.179308E-05  1.460845E-05
200325 -1.179131E-05  1.461818E-05
200326 -1.178764E-05  1.461153E-05
200327 -1.178218E-05  1.458874E-05
200328 -1.177472E-05  1.455112E-05
200329 -1.176458E-05  1.450131E-05
200330 -1.175035E-05  1.444357E-05
200331 -1.172968E-05  1.438381E-05
200332 -1.169909E-05  1.432936E-05
200333 -1.165409E-05  1.428821E-05
200334 -1.158963E-05  1.426791E-05
200335 -1.150120E-05  1.427421E-05
200336 -1.138630E-05  1.430965E-05
200337 -1.124621E-05  1.437263E-05
200338 -1.108732E-05  1.445703E-05
200339 -1.092152E-05  1.455269E-05
200340 -1.076526E-05  1.464682E-05
200341 -1.063703E-05  1.472596E-05
200342 -1.055392E-05  1.477828E-05
200343 -1.052792E-05  1.479573E-05
200344 -1.056324E-05  1.477550E-05
200345 -1.065526E-05  1.472058E-05
200346 -1.079160E-05  1.463922E-05
200347 -1.095489E-05  1.454347E-05
200348 -1.112644E-05  1.444702E-05
200349 -1.128975E-05  1.436294E-05
200350 -1.143291E-05  1.430161E-05
200351 -1.154962E-05  1.426936E-05
200352 -1.163869E-05  1.426793E-05
200353 -1.170265E-05  1.429477E-05
200354 -1.174606E-05  1.434404E-05
200355 -1.177395E-05  1.440797E-05
200356 -1.179086E-05  1.447817E-05
200357 -1.180034E-05  1.454679E-05
200358 -1.180495E-05  1.460727E-05
200359 -1.180643E-05  1.465464E-05
200360 -1.180591E-05  1.468550E-05
200361  4.824501E-06  3.839171E-05
200362  4.827226E-06  3.838315E-05
200363  4.829599E-06  3.835101E-05
200364  4.830887E-06  3.829541E-05
200365  4.830234E-06  3.821760E-05
200366  4.826985E-06  3.812114E-05
200367  4.821389E-06  3.801276E-05
200368  4.815620E-06  3.790266E-05
200369  4.814788E-06  3.780396E-05
200370  4.827347E-06  3.773092E-05
200371  4.864226E-06  3.769644E-05
200372  4.936344E-06  3.770916E-05
200373  5.050756E-06  3.777091E-05
200374  5.206526E-06  3.787518E-05
200375  5.391932E-06  3.800741E-05
200376  5.584561E-06  3.814690E-05
200377  5.755047E-06  3.827044E-05
200378  5.873796E-06  3.835672E-05
200379  5.918765E-06  3.839054E-05
200380  5.881650E-06  3.836593E-05
200381  5.770257E-06  3.828737E-05
200382  5.606179E-06  3.816878E-05
200383  5.418634E-06  3.803063E-05
200384  5.236696E-06  3.789577E-05
200385  5.082553E-06  3.778501E-05
200386  4.967783E-06  3.771349E-05
200387  4.893287E-06  3.768844E-05
200388  4.852136E-06  3.770894E-05
200389  4.833760E-06  3.776722E-05
200390  4.827827E-06  3.785123E-05
200391  4.826691E-06  3.794749E-05
200392  4.826163E-06  3.804370E-05
200393  4.824946E-06  3.813037E-05
200394  4.823467E-06  3.820143E-05
200395  4.822721E-06  3.825385E-05
200396  4.823509E-06  3.828656E-05
200397  4.826127E-06  3.829935E-05
200398  4.830340E-06  3.829194E-05
200399  4.835473E-06  3.826380E-05
200400  4.840509E-06  3.821455E-05
200401  4.844246E-06  3.814495E-05
200402  4.845676E-06  3.805813E-05
200403  4.844712E-06  3.796049E-05
200404  4.843219E-06  3.786203E-05
200405  4.846026E-06  3.777563E-05
200406  4.861319E-06  3.771525E-05
200407  4.899772E-06  3.769332E-05
200408  4.972064E-06  3.771788E-05
200409  5.085055E-06  3.779004E-05
200410  5.237698E-06  3.790266E-05
200411  5.418276E-06  3.804061E-05
200412  5.604535E-06  3.818295E-05
200413  5.767420E-06  3.830650E-05
200414  5.877782E-06  3.839029E-05
200415  5.914106E-06  3.841968E-05
200416  5.868635E-06  3.838945E-05
200417  5.749678E-06  3.830482E-05
200418  5.579228E-06  3.818046E-05
200419  5.386779E-06  3.803749E-05
200420  5.201544E-06  3.789929E-05
200421  5.045737E-06  3.778711E-05
200422  4.930874E-06  3.771640E-05
200423  4.857733E-06  3.769463E-05
200424  4.819217E-06  3.772092E-05
200425  4.804546E-06  3.778741E-05
200426  4.803122E-06  3.788167E-05
200427  4.806974E-06  3.798963E-05
200428  4.811524E-06  3.809814E-05
200429  4.815049E-06  3.819673E-05
200430  4.817551E-06  3.827830E-05
200431  4.819659E-06  3.833892E-05
200432  4.821915E-06  3.837690E-05
200433  1.113029E-05  3.926001E-05
200434  1.113474E-05  3.925419E-05
200435  1.114127E-05  3.923009E-05
200436  1.114843E-05  3.918410E-05
200437  1.115357E-05  3.911236E-05
200438  1.115250E-05  3.901331E-05
200439  1.114022E-05  3.889027E-05
200440  1.111293E-05  3.875306E-05
200441  1.107105E-05  3.861802E-05
200442  1.102221E-05  3.850603E-05
200443  1.098224E-05  3.843859E-05
200444  1.097283E-05  3.843284E-05
200445  1.101520E-05  3.849656E-05
200446  1.112139E-05  3.862473E-05
200447  1.128655E-05  3.879886E-05
200448  1.148584E-05  3.898949E-05
200449  1.167878E-05  3.916182E-05
200450  1.182031E-05  3.928295E-05
200451  1.187514E-05  3.932914E-05
200452  1.182973E-05  3.929122E-05
200453  1.169699E-05  3.917663E-05
200454  1.151166E-05  3.900768E-05
200455  1.131840E-05  3.881648E-05
200456  1.115744E-05  3.863772E-05
200457  1.105335E-05  3.850137E-05
200458  1.101075E-05  3.842687E-05
200459  1.101737E-05  3.842031E-05
200460  1.105193E-05  3.847486E-05
200461  1.109302E-05  3.857410E-05
200462  1.112548E-05  3.869699E-05
200463  1.114280E-05  3.882300E-05
200464  1.114591E-05  3.893617E-05
200465  1.113995E-05  3.902724E-05
200466  1.113098E-05  3.909354E-05
200467  1.112367E-05  3.913722E-05
200468  1.112059E-05  3.916249E-05
200469  1.112247E-05  3.917290E-05
200470  1.112895E-05  3.916941E-05
200471  1.113897E-05  3.914980E-05
200472  1.115066E-05  3.910965E-05
200473  1.116092E-05  3.904444E-05
200474  1.116516E-05  3.895229E-05
200475  1.115806E-05  3.883659E-05
200476  1.113556E-05  3.870748E-05
200477  1.109789E-05  3.858169E-05
200478  1.105247E-05  3.848025E-05
200479  1.101489E-05  3.842449E-05
200480  1.100655E-05  3.843095E-05
200481  1.104836E-05  3.850651E-05
200482  1.115215E-05  3.864516E-05
200483  1.131295E-05  3.882752E-05
200484  1.150607E-05  3.902362E-05
200485  1.169134E-05  3.919850E-05
200486  1.182424E-05  3.931953E-05
200487  1.187017E-05  3.936358E-05
200488  1.181626E-05  3.932217E-05
200489  1.167603E-05  3.920346E-05
200490  1.148467E-05  3.903038E-05
200491  1.128709E-05  3.883552E-05
200492  1.112359E-05  3.865396E-05
200493  1.101865E-05  3.851597E-05
200494  1.097674E-05  3.844134E-05
200495  1.098544E-05  3.843648E-05
200496  1.102333E-05  3.849486E-05
200497  1.106881E-05  3.860023E-05
200498  1.110654E-05  3.873143E-05
200499  1.112969E-05  3.886750E-05
200500  1.113878E-05  3.899168E-05
200501  1.113845E-05  3.909356E-05
200502  1.113419E-05  3.916927E-05
200503  1.113019E-05  3.921991E-05
200504  1.112869E-05  3.924903E-05
200505  1.026843E-05  2.637509E-05
200506  1.027402E-05  2.637697E-05
200507  1.028401E-05  2.637716E-05
200508  1.029853E-05  2.636655E-05
200509  1.031586E-05  2.633315E-05
200510  1.033018E-05  2.626657E-05
200511  1.033091E-05  2.616256E-05
200512  1.030488E-05  2.602675E-05
200513  1.024188E-05  2.587595E-05
200514  1.014172E-05  2.573646E-05
200515  1.001985E-05  2.563902E-05
200516  9.907503E-06  2.561143E-05
200517  9.843854E-06  2.567055E-05
200518  9.861559E-06  2.581587E-05
200519  9.970941E-06  2.602711E-05
200520  1.015056E-05  2.626677E-05
200521  1.035021E-05  2.648781E-05
200522  1.050715E-05  2.664441E-05
200523  1.056957E-05  2.670306E-05
200524  1.051718E-05  2.665089E-05
200525  1.036949E-05  2.649889E-05
200526  1.017773E-05  2.627913E-05
200527  1.000438E-05  2.603677E-05
200528  9.899525E-06  2.581910E-05
200529  9.884461E-06  2.566465E-05
200530  9.948520E-06  2.559516E-05
200531  1.005854E-05  2.561253E-05
200532  1.017493E-05  2.570087E-05
200533  1.026648E-05  2.583268E-05
200534  1.031838E-05  2.597696E-05
200535  1.033219E-05  2.610697E-05
200536  1.031995E-05  2.620559E-05
200537  1.029664E-05  2.626735E-05
200538  1.027426E-05  2.629710E-05
200539  1.025928E-05  2.630606E-05
200540  1.025324E-05  2.630680E-05
200541  1.025499E-05  2.630859E-05
200542  1.026315E-05  2.631423E-05
200543  1.027712E-05  2.631912E-05
200544  1.029646E-05  2.631286E-05
200545  1.031893E-05  2.628262E-05
200546  1.033828E-05  2.621787E-05
200547  1.034368E-05  2.611504E-05
200548  1.032192E-05  2.598089E-05
200549  1.026274E-05  2.583348E-05
200550  1.016591E-05  2.569999E-05
200551  1.004671E-05  2.561137E-05
200552  9.936065E-06  2.559487E-05
200553  9.872751E-06  2.566621E-05
200554  9.889036E-06  2.582349E-05
200555  9.995009E-06  2.604514E-05
200556  1.016924E-05  2.629280E-05
200557  1.036186E-05  2.651913E-05
200558  1.051071E-05  2.667852E-05
200559  1.056476E-05  2.673803E-05
200560  1.050451E-05  2.668543E-05
200561  1.035015E-05  2.653227E-05
200562  1.015335E-05  2.631099E-05
200563  9.976766E-06  2.606691E-05
200564  9.870400E-06  2.584741E-05
200565  9.855329E-06  2.569113E-05
200566  9.920629E-06  2.562008E-05
200567  1.003295E-05  2.563662E-05
200568  1.015261E-05  2.572547E-05
200569  1.024835E-05  2.585969E-05
200570  1.030534E-05  2.600861E-05
200571  1.032492E-05  2.614533E-05
200572  1.031876E-05  2.625204E-05
200573  1.030125E-05  2.632210E-05
200574  1.028373E-05  2.635894E-05
200575  1.027207E-05  2.637255E-05
200576  1.026738E-05  2.637482E-05
200577  6.059400E-06  9.116606E-06
200578  6.062481E-06  9.129516E-06
200579  6.066563E-06  9.165171E-06
200580  6.076792E-06  9.208440E-06
200581  6.097233E-06  9.238180E-06
200582  6.125408E-06  9.233180E-06
200583  6.148497E-06  9.178884E-06
200584  6.144050E-06  9.073326E-06
200585  6.086938E-06  8.930420E-06
200586  5.961533E-06  8.779184E-06
200587  5.774490E-06  8.658304E-06
200588  5.560898E-06  8.606772E-06
200589  5.377583E-06  8.652657E-06
200590  5.282883E-06  8.803156E-06
200591  5.310210E-06  9.039305E-06
200592  5.448387E-06  9.317826E-06
200593  5.640703E-06  9.580445E-06
200594  5.806049E-06  9.768434E-06
200595  5.873771E-06  9.838153E-06
200596  5.815652E-06  9.772902E-06
200597  5.658935E-06  9.587478E-06
200598  5.473715E-06  9.324121E-06
200599  5.341085E-06  9.041072E-06
200600  5.318020E-06  8.797203E-06
200601  5.415784E-06  8.637327E-06
200602  5.600552E-06  8.582403E-06
200603  5.813106E-06  8.627007E-06
200604  5.995682E-06  8.744005E-06
200605  6.112779E-06  8.894218E-06
200606  6.158295E-06  9.037831E-06
200607  6.149435E-06  9.144327E-06
200608  6.113569E-06  9.198621E-06
200609  6.075420E-06  9.202346E-06
200610  6.049487E-06  9.170633E-06
200611  6.038954E-06  9.125832E-06
200612  6.039410E-06  9.090105E-06
200613  6.044486E-06  9.078994E-06
200614  6.050588E-06  9.097254E-06
200615  6.058859E-06  9.137759E-06
200616  6.073729E-06  9.183517E-06
200617  6.098647E-06  9.212314E-06
200618  6.130756E-06  9.203061E-06
200619  6.157150E-06  9.142541E-06
200620  6.155525E-06  9.030905E-06
200621  6.100992E-06  8.884303E-06
200622  5.978092E-06  8.733415E-06
200623  5.793439E-06  8.617553E-06
200624  5.581827E-06  8.575181E-06
200625  5.399591E-06  8.632933E-06
200626  5.304535E-06  8.796164E-06
200627  5.329668E-06  9.044212E-06
200628  5.463704E-06  9.332665E-06
200629  5.650188E-06  9.602839E-06
200630  5.808609E-06  9.796216E-06
200631  5.869137E-06  9.869704E-06
200632  5.804411E-06  9.807164E-06
200633  5.642377E-06  9.623734E-06
200634  5.453534E-06  9.361692E-06
200635  5.319023E-06  9.079071E-06
200636  5.295582E-06  8.834469E-06
200637  5.394084E-06  8.672567E-06
200638  5.580339E-06  8.614505E-06
200639  5.794923E-06  8.655439E-06
200640  5.980081E-06  8.769143E-06
200641  6.100470E-06  8.917453E-06
200642  6.150140E-06  9.061349E-06
200643  6.146274E-06  9.170556E-06
200644  6.115924E-06  9.229474E-06
200645  6.083194E-06  9.238517E-06
200646  6.061806E-06  9.211209E-06
200647  6.054217E-06  9.168432E-06
200648  6.055559E-06  9.131613E-06
200649  1.519204E-06 -5.920839E-06
200650  1.514497E-06 -5.896569E-06
200651  1.498326E-06 -5.823865E-06
200652  1.483677E-06 -5.722659E-06
200653  1.485086E-06 -5.621912E-06
200654  1.509520E-06 -5.552830E-06
200655  1.548127E-06 -5.540613E-06
200656  1.573207E-06 -5.596531E-06
200657  1.544438E-06 -5.712535E-06
200658  1.425283E-06 -5.860458E-06
200659  1.204570E-06 -5.996870E-06
200660  9.123816E-07 -6.073326E-06
200661  6.183096E-07 -6.050081E-06
200662  4.072690E-07 -5.909754E-06
200663  3.410835E-07 -5.666337E-06
200664  4.252077E-07 -5.365413E-06
200665  6.006654E-07 -5.074027E-06
200666  7.691149E-07 -4.862565E-06
200667  8.403084E-07 -4.784362E-06
200668  7.774804E-07 -4.859826E-06
200669  6.161670E-07 -5.070344E-06
200670  4.460923E-07 -5.363892E-06
200671  3.659658E-07 -5.670470E-06
200672  4.355599E-07 -5.922225E-06
200673  6.498656E-07 -6.071662E-06
200674  9.466012E-07 -6.102327E-06
200675  1.239533E-06 -6.029449E-06
200676  1.457522E-06 -5.891786E-06
200677  1.569583E-06 -5.738387E-06
200678  1.587279E-06 -5.614652E-06
200679  1.548915E-06 -5.551294E-06
200680  1.497431E-06 -5.558445E-06
200681  1.463119E-06 -5.625680E-06
200682  1.456603E-06 -5.727215E-06
200683  1.471491E-06 -5.830337E-06
200684  1.492701E-06 -5.904548E-06
200685  1.505892E-06 -5.929172E-06
200686  1.504510E-06 -5.897955E-06
200687  1.492468E-06 -5.820133E-06
200688  1.481915E-06 -5.718088E-06
200689  1.486731E-06 -5.622101E-06
200690  1.513568E-06 -5.563006E-06
200691  1.553651E-06 -5.563985E-06
200692  1.579661E-06 -5.633247E-06
200693  1.551778E-06 -5.759578E-06
200694  1.433858E-06 -5.912445E-06
200695  1.214836E-06 -6.047471E-06
200696  9.245451E-07 -6.116791E-06
200697  6.320393E-07 -6.082421E-06
200698  4.215857E-07 -5.929244E-06
200699  3.544680E-07 -5.673291E-06
200700  4.358972E-07 -5.361452E-06
200701  6.070514E-07 -5.061188E-06
200702  7.701289E-07 -4.842609E-06
200703  8.356843E-07 -4.758477E-06
200704  7.678124E-07 -4.828739E-06
200705  6.027406E-07 -5.034676E-06
200706  4.305393E-07 -5.324553E-06
200707  3.498591E-07 -5.628922E-06
200708  4.200832E-07 -5.880506E-06
200709  6.356684E-07 -6.032159E-06
200710  9.338763E-07 -6.067327E-06
200711  1.228272E-06 -6.000593E-06
200712  1.447834E-06 -5.869574E-06
200713  1.561929E-06 -5.721932E-06
200714  1.582496E-06 -5.601844E-06
200715  1.547998E-06 -5.539400E-06
200716  1.501133E-06 -5.545035E-06
200717  1.471546E-06 -5.609566E-06
200718  1.468986E-06 -5.709026E-06
200719  1.486244E-06 -5.812411E-06
200720  1.507760E-06 -5.890079E-06
200721 -1.736152E-06 -1.572544E-05
200722 -1.753094E-06 -1.569252E-05
200723 -1.802087E-06 -1.559083E-05
200724 -1.861543E-06 -1.544268E-05
200725 -1.904197E-06 -1.528157E-05
200726 -1.909047E-06 -1.514546E-05
200727 -1.874296E-06 -1.506793E-05
200728 -1.826029E-06 -1.506900E-05
200729 -1.815718E-06 -1.514808E-05
200730 -1.902106E-06 -1.528139E-05
200731 -2.120982E-06 -1.542529E-05
200732 -2.456816E-06 -1.552579E-05
200733 -2.835334E-06 -1.553313E-05
200734 -3.148504E-06 -1.541844E-05
200735 -3.304567E-06 -1.518719E-05
200736 -3.277080E-06 -1.488305E-05
200737 -3.122873E-06 -1.457842E-05
200738 -2.954737E-06 -1.435329E-05
200739 -2.881409E-06 -1.426981E-05
200740 -2.948006E-06 -1.435179E-05
200741 -3.110962E-06 -1.457695E-05
200742 -3.262026E-06 -1.488435E-05
200743 -3.287578E-06 -1.519438E-05
200744 -3.129361E-06 -1.543385E-05
200745 -2.812968E-06 -1.555705E-05
200746 -2.430661E-06 -1.555573E-05
200747 -2.092244E-06 -1.545625E-05
200748 -1.874139E-06 -1.530723E-05
200749 -1.793230E-06 -1.516349E-05
200750 -1.813465E-06 -1.507125E-05
200751 -1.874146E-06 -1.505767E-05
200752 -1.920889E-06 -1.512623E-05
200753 -1.924866E-06 -1.525824E-05
200754 -1.886230E-06 -1.541953E-05
200755 -1.825745E-06 -1.557024E-05
200756 -1.771493E-06 -1.567485E-05
200757 -1.746406E-06 -1.570995E-05
200758 -1.759923E-06 -1.566867E-05
200759 -1.805077E-06 -1.556143E-05
200760 -1.861170E-06 -1.541353E-05
200761 -1.901585E-06 -1.526003E-05
200762 -1.905555E-06 -1.513827E-05
200763 -1.871078E-06 -1.507924E-05
200764 -1.823676E-06 -1.509913E-05
200765 -1.814128E-06 -1.519347E-05
200766 -1.900612E-06 -1.533563E-05
200767 -2.118677E-06 -1.548084E-05
200768 -2.452977E-06 -1.557584E-05
200769 -2.829756E-06 -1.557291E-05
200770 -3.141663E-06 -1.544581E-05
200771 -3.297557E-06 -1.520225E-05
200772 -3.271347E-06 -1.488724E-05
200773 -3.119841E-06 -1.457348E-05
200774 -2.955415E-06 -1.434058E-05
200775 -2.886093E-06 -1.425005E-05
200776 -2.956183E-06 -1.432537E-05
200777 -3.121459E-06 -1.454439E-05
200778 -3.273372E-06 -1.484670E-05
200779 -3.298435E-06 -1.515349E-05
200780 -3.138881E-06 -1.539230E-05
200781 -2.820926E-06 -1.551788E-05
200782 -2.437339E-06 -1.552195E-05
200783 -2.098103E-06 -1.543022E-05
200784 -1.879429E-06 -1.529007E-05
200785 -1.797694E-06 -1.515474E-05
200786 -1.816287E-06 -1.506892E-05
200787 -1.874211E-06 -1.505886E-05
200788 -1.917257E-06 -1.512813E-05
200789 -1.917271E-06 -1.525925E-05
200790 -1.875349E-06 -1.542004E-05
200791 -1.813116E-06 -1.557260E-05
200792 -1.759107E-06 -1.568241E-05
200793 -3.339379E-06 -2.008584E-05
200794 -3.370325E-06 -2.004890E-05
200795 -3.457656E-06 -1.993247E-05
200796 -3.572841E-06 -1.975851E-05
200797 -3.676969E-06 -1.956103E-05
200798 -3.733625E-06 -1.938023E-05
200799 -3.725553E-06 -1.925401E-05
200800 -3.669862E-06 -1.920847E-05
200801 -3.622189E-06 -1.925017E-05
200802 -3.660390E-06 -1.936229E-05
200803 -3.847612E-06 -1.950590E-05
200804 -4.190432E-06 -1.962692E-05
200805 -4.618802E-06 -1.966918E-05
200806 -5.008155E-06 -1.959251E-05
200807 -5.239141E-06 -1.939089E-05
200808 -5.262795E-06 -1.910167E-05
200809 -5.130128E-06 -1.879879E-05
200810 -4.964415E-06 -1.856955E-05
200811 -4.889998E-06 -1.848388E-05
200812 -4.959320E-06 -1.856878E-05
200813 -5.121851E-06 -1.879841E-05
200814 -5.253704E-06 -1.910389E-05
200815 -5.230290E-06 -1.939840E-05
200816 -4.998545E-06 -1.960749E-05
200817 -4.606209E-06 -1.969184E-05
200818 -4.173212E-06 -1.965463E-05
200819 -3.826308E-06 -1.953322E-05
200820 -3.638179E-06 -1.938244E-05
200821 -3.603920E-06 -1.925716E-05
200822 -3.660156E-06 -1.919916E-05
200823 -3.726901E-06 -1.922914E-05
200824 -3.745410E-06 -1.934402E-05
200825 -3.695854E-06 -1.951942E-05
200826 -3.594192E-06 -1.971691E-05
200827 -3.477103E-06 -1.989410E-05
200828 -3.384644E-06 -2.001450E-05
200829 -3.346556E-06 -2.005478E-05
200830 -3.374222E-06 -2.000841E-05
200831 -3.458196E-06 -1.988592E-05
200832 -3.570795E-06 -1.971268E-05
200833 -3.673685E-06 -1.952438E-05
200834 -3.730620E-06 -1.936048E-05
200835 -3.724062E-06 -1.925582E-05
200836 -3.670492E-06 -1.923218E-05
200837 -3.624782E-06 -1.929182E-05
200838 -3.664141E-06 -1.941485E-05
200839 -3.851398E-06 -1.956125E-05
200840 -4.193216E-06 -1.967781E-05
200841 -4.619980E-06 -1.971067E-05
200842 -5.007736E-06 -1.962247E-05
200843 -5.237738E-06 -1.940947E-05
200844 -5.261450E-06 -1.911029E-05
200845 -5.130012E-06 -1.879895E-05
200846 -4.966465E-06 -1.856221E-05
200847 -4.894590E-06 -1.846940E-05
200848 -4.966106E-06 -1.854728E-05
200849 -5.129859E-06 -1.877034E-05
200850 -5.261678E-06 -1.907040E-05
200851 -5.237145E-06 -1.936151E-05
200852 -5.003724E-06 -1.956991E-05
200853 -4.609805E-06 -1.965676E-05
200854 -4.175815E-06 -1.962520E-05
200855 -3.828650E-06 -1.951206E-05
200856 -3.640715E-06 -1.937098E-05
200857 -3.606506E-06 -1.925526E-05
200858 -3.661997E-06 -1.920504E-05
200859 -3.726823E-06 -1.923994E-05
200860 -3.742388E-06 -1.935676E-05
200861 -3.689547E-06 -1.953223E-05
200862 -3.585229E-06 -1.973001E-05
200863 -3.466955E-06 -1.990985E-05
200864 -3.375159E-06 -2.003645E-05
200865 -3.667756E-06 -2.027378E-05
200866 -3.711413E-06 -2.023785E-05
200867 -3.834234E-06 -2.012242E-05
200868 -4.004052E-06 -1.994688E-05
200869 -4.174036E-06 -1.974224E-05
200870 -4.294299E-06 -1.954654E-05
200871 -4.330412E-06 -1.939725E-05
200872 -4.284906E-06 -1.932250E-05
200873 -4.210011E-06 -1.933387E-05
200874 -4.196602E-06 -1.942252E-05
200875 -4.333620E-06 -1.955855E-05
200876 -4.653536E-06 -1.969385E-05
200877 -5.097906E-06 -1.977079E-05
200878 -5.533400E-06 -1.973951E-05
200879 -5.818389E-06 -1.958036E-05
200880 -5.882788E-06 -1.932043E-05
200881 -5.769454E-06 -1.903142E-05
200882 -5.607660E-06 -1.880579E-05
200883 -5.533137E-06 -1.872046E-05
200884 -5.603938E-06 -1.880537E-05
200885 -5.764283E-06 -1.903129E-05
200886 -5.878870E-06 -1.932212E-05
200887 -5.816665E-06 -1.958615E-05
200888 -5.532215E-06 -1.975149E-05
200889 -5.094114E-06 -1.978950E-05
200890 -4.644683E-06 -1.971703E-05
200891 -4.319769E-06 -1.958105E-05
200892 -4.180750E-06 -1.943757E-05
200893 -4.196944E-06 -1.933529E-05
200894 -4.279122E-06 -1.930681E-05
200895 -4.334130E-06 -1.936500E-05
200896 -4.306563E-06 -1.950205E-05
200897 -4.191346E-06 -1.969187E-05
200898 -4.022087E-06 -1.989661E-05
200899 -3.849536E-06 -2.007586E-05
200900 -3.722019E-06 -2.019584E-05
200901 -3.672705E-06 -2.023558E-05
200902 -3.713491E-06 -2.018960E-05
200903 -3.833600E-06 -2.006765E-05
200904 -4.001565E-06 -1.989277E-05
200905 -4.171006E-06 -1.969774E-05
200906 -4.292146E-06 -1.951968E-05
200907 -4.330290E-06 -1.939278E-05
200908 -4.287400E-06 -1.934062E-05
200909 -4.215005E-06 -1.937039E-05
200910 -4.203369E-06 -1.947025E-05
200911 -4.341085E-06 -1.960938E-05
200912 -4.660606E-06 -1.974072E-05
200913 -5.103754E-06 -1.980909E-05
200914 -5.537647E-06 -1.976745E-05
200915 -5.821163E-06 -1.959837E-05
200916 -5.884683E-06 -1.932992E-05
200917 -5.771357E-06 -1.903374E-05
200918 -5.610450E-06 -1.880155E-05
200919 -5.537319E-06 -1.870973E-05
200920 -5.609386E-06 -1.878816E-05
200921 -5.770260E-06 -1.900808E-05
200922 -5.884351E-06 -1.929417E-05
200923 -5.820793E-06 -1.955542E-05
200924 -5.534665E-06 -1.972049E-05
200925 -5.095178E-06 -1.976102E-05
200926 -4.645090E-06 -1.969388E-05
200927 -4.320317E-06 -1.956562E-05
200928 -4.181918E-06 -1.943132E-05
200929 -4.198602E-06 -1.933830E-05
200930 -4.280487E-06 -1.931766E-05
200931 -4.334053E-06 -1.938106E-05
200932 -4.304049E-06 -1.952044E-05
200933 -4.186093E-06 -1.971067E-05
200934 -4.014727E-06 -1.991588E-05
200935 -3.841453E-06 -2.009794E-05
200936 -3.714842E-06 -2.022442E-05
200937 -3.345183E-06 -1.793072E-05
200938 -3.398054E-06 -1.789999E-05
200939 -3.547313E-06 -1.779902E-05
200940 -3.760841E-06 -1.764338E-05
200941 -3.988673E-06 -1.745883E-05
200942 -4.171503E-06 -1.727789E-05
200943 -4.259069E-06 -1.713330E-05
200944 -4.236762E-06 -1.705063E-05
200945 -4.147489E-06 -1.704307E-05
200946 -4.088196E-06 -1.710919E-05
200947 -4.168761E-06 -1.723123E-05
200948 -4.447088E-06 -1.737265E-05
200949 -4.880571E-06 -1.747987E-05
200950 -5.334255E-06 -1.749591E-05
200951 -5.651196E-06 -1.738656E-05
200952 -5.744018E-06 -1.716534E-05
200953 -5.646679E-06 -1.689855E-05
200954 -5.490104E-06 -1.668184E-05
200955 -5.416499E-06 -1.659854E-05
200956 -5.487389E-06 -1.668148E-05
200957 -5.643835E-06 -1.689804E-05
200958 -5.744035E-06 -1.716556E-05
200959 -5.654939E-06 -1.738933E-05
200960 -5.339604E-06 -1.750335E-05
200961 -4.883777E-06 -1.749297E-05
200962 -4.445238E-06 -1.738993E-05
200963 -4.161664E-06 -1.724834E-05
200964 -4.078668E-06 -1.711997E-05
200965 -4.140059E-06 -1.704157E-05
200966 -4.235534E-06 -1.703321E-05
200967 -4.265793E-06 -1.710006E-05
200968 -4.184820E-06 -1.723272E-05
200969 -4.004966E-06 -1.740793E-05
200970 -3.776183E-06 -1.759276E-05
200971 -3.559226E-06 -1.775236E-05
200972 -3.405870E-06 -1.785802E-05
200973 -3.349018E-06 -1.789244E-05
200974 -3.399677E-06 -1.785155E-05
200975 -3.547008E-06 -1.774379E-05
200976 -3.759341E-06 -1.758844E-05
200977 -3.986991E-06 -1.741301E-05
200978 -4.170723E-06 -1.724899E-05
200979 -4.260109E-06 -1.712574E-05
200980 -4.240151E-06 -1.706433E-05
200981 -4.153247E-06 -1.707379E-05
200982 -4.095867E-06 -1.715001E-05
200983 -4.177564E-06 -1.727455E-05
200984 -4.456105E-06 -1.741212E-05
200985 -4.888925E-06 -1.751156E-05
200986 -5.341266E-06 -1.751861E-05
200987 -5.656533E-06 -1.740099E-05
200988 -5.747827E-06 -1.717298E-05
200989 -5.649573E-06 -1.690054E-05
200990 -5.492933E-06 -1.667856E-05
200991 -5.419928E-06 -1.658990E-05
200992 -5.491526E-06 -1.666755E-05
200993 -5.648162E-06 -1.687947E-05
200994 -5.747721E-06 -1.714369E-05
200995 -5.657321E-06 -1.736592E-05
200996 -5.340541E-06 -1.748036E-05
200997 -4.883688E-06 -1.747244E-05
200998 -4.444860E-06 -1.737388E-05
200999 -4.161698E-06 -1.723859E-05
201000 -4.079455E-06 -1.711780E-05
201001 -4.141377E-06 -1.704722E-05
201002 -4.236601E-06 -1.704568E-05
201003 -4.265550E-06 -1.711723E-05
201004 -4.182424E-06 -1.725206E-05
201005 -4.000254E-06 -1.742760E-05
201006 -3.769841E-06 -1.761274E-05
201007 -3.552520E-06 -1.777487E-05
201008 -3.400135E-06 -1.788677E-05
201009 -2.929257E-06 -1.442965E-05
201010 -2.986968E-06 -1.440695E-05
201011 -3.150967E-06 -1.432982E-05
201012 -3.392139E-06 -1.420980E-05
201013 -3.661672E-06 -1.406655E-05
201014 -3.895440E-06 -1.392504E-05
201015 -4.030788E-06 -1.380992E-05
201016 -4.036667E-06 -1.373994E-05
201017 -3.943758E-06 -1.372606E-05
201018 -3.849201E-06 -1.377260E-05
201019 -3.877236E-06 -1.387557E-05
201020 -4.107026E-06 -1.401449E-05
201021 -4.512354E-06 -1.414479E-05
201022 -4.961919E-06 -1.420559E-05
201023 -5.290813E-06 -1.414817E-05
201024 -5.399833E-06 -1.397042E-05
201025 -5.314789E-06 -1.373066E-05
201026 -5.164565E-06 -1.352609E-05
201027 -5.092902E-06 -1.344583E-05
201028 -5.162530E-06 -1.352554E-05
201029 -5.313527E-06 -1.372933E-05
201030 -5.402532E-06 -1.396860E-05
201031 -5.298295E-06 -1.414725E-05
201032 -4.971803E-06 -1.420771E-05
201033 -4.520631E-06 -1.415148E-05
201034 -4.110658E-06 -1.402520E-05
201035 -3.875966E-06 -1.388712E-05
201036 -3.845642E-06 -1.377986E-05
201037 -3.941995E-06 -1.372369E-05
201038 -4.040205E-06 -1.372429E-05
201039 -4.040809E-06 -1.378050E-05
201040 -3.910221E-06 -1.388494E-05
201041 -3.677573E-06 -1.402130E-05
201042 -3.405666E-06 -1.416504E-05
201043 -3.160532E-06 -1.428901E-05
201044 -2.993049E-06 -1.437061E-05
201045 -2.932925E-06 -1.439652E-05
201046 -2.989280E-06 -1.436402E-05
201047 -3.152236E-06 -1.428009E-05
201048 -3.392799E-06 -1.415988E-05
201049 -3.662228E-06 -1.402466E-05
201050 -3.896457E-06 -1.389828E-05
201051 -4.032832E-06 -1.380206E-05
201052 -4.040190E-06 -1.375054E-05
201053 -3.948994E-06 -1.375096E-05
201054 -3.856113E-06 -1.380545E-05
201055 -3.885511E-06 -1.390972E-05
201056 -4.116089E-06 -1.404462E-05
201057 -4.521403E-06 -1.416794E-05
201058 -4.970052E-06 -1.422117E-05
201059 -5.297287E-06 -1.415722E-05
201060 -5.404381E-06 -1.397439E-05
201061 -5.317791E-06 -1.373050E-05
201062 -5.166872E-06 -1.352202E-05
201063 -5.095341E-06 -1.343779E-05
201064 -5.165404E-06 -1.351381E-05
201065 -5.316470E-06 -1.371487E-05
201066 -5.404843E-06 -1.395282E-05
201067 -5.299475E-06 -1.413160E-05
201068 -4.971893E-06 -1.419336E-05
201069 -4.520165E-06 -1.413942E-05
201070 -4.110330E-06 -1.401639E-05
201071 -3.876276E-06 -1.388258E-05
201072 -3.846666E-06 -1.378050E-05
201073 -3.943319E-06 -1.372988E-05
201074 -4.041017E-06 -1.373553E-05
201075 -4.040185E-06 -1.379537E-05
201076 -3.907554E-06 -1.390147E-05
201077 -3.672928E-06 -1.403792E-05
201078 -3.399815E-06 -1.418166E-05
201079 -3.154603E-06 -1.430765E-05
201080 -2.988010E-06 -1.439483E-05
201081 -2.795511E-06 -1.065903E-05
201082 -2.853905E-06 -1.064584E-05
201083 -3.021275E-06 -1.059793E-05
201084 -3.273191E-06 -1.052333E-05
201085 -3.564825E-06 -1.043566E-05
201086 -3.831193E-06 -1.035141E-05
201087 -4.001677E-06 -1.028480E-05
201088 -4.032201E-06 -1.024437E-05
201089 -3.941639E-06 -1.023545E-05
201090 -3.823596E-06 -1.026614E-05
201091 -3.809767E-06 -1.034666E-05
201092 -3.993783E-06 -1.047534E-05
201093 -4.363024E-06 -1.062051E-05
201094 -4.792816E-06 -1.072042E-05
201095 -5.117111E-06 -1.071305E-05
201096 -5.231133E-06 -1.057984E-05
201097 -5.154503E-06 -1.036938E-05
201098 -5.011323E-06 -1.017885E-05
201099 -4.942471E-06 -1.010224E-05
201100 -5.009767E-06 -1.017785E-05
201101 -5.154296E-06 -1.036684E-05
201102 -5.235542E-06 -1.057557E-05
201103 -5.126932E-06 -1.070808E-05
201104 -4.805613E-06 -1.071690E-05
201105 -4.374826E-06 -1.062048E-05
201106 -4.001681E-06 -1.047925E-05
201107 -3.813537E-06 -1.035265E-05
201108 -3.825581E-06 -1.027043E-05
201109 -3.945325E-06 -1.023359E-05
201110 -4.040370E-06 -1.023282E-05
201111 -4.014943E-06 -1.026246E-05
201112 -3.847590E-06 -1.032031E-05
201113 -3.580826E-06 -1.040032E-05
201114 -3.285738E-06 -1.048868E-05
201115 -3.029494E-06 -1.056701E-05
201116 -2.859127E-06 -1.061888E-05
201117 -2.799550E-06 -1.063454E-05
201118 -2.857556E-06 -1.061237E-05
201119 -3.024815E-06 -1.055798E-05
201120 -3.276646E-06 -1.048273E-05
201121 -3.568064E-06 -1.040164E-05
201122 -3.834152E-06 -1.033003E-05
201123 -4.004509E-06 -1.027896E-05
201124 -4.035283E-06 -1.025316E-05
201125 -3.945470E-06 -1.025491E-05
201126 -3.828646E-06 -1.029073E-05
201127 -3.816289E-06 -1.037095E-05
201128 -4.001624E-06 -1.049531E-05
201129 -4.371519E-06 -1.063427E-05
201130 -4.800897E-06 -1.072804E-05
201131 -5.123682E-06 -1.071578E-05
201132 -5.235585E-06 -1.057904E-05
201133 -5.157038E-06 -1.036581E-05
201134 -5.012811E-06 -1.017267E-05
201135 -4.943860E-06 -1.009360E-05
201136 -5.011464E-06 -1.016743E-05
201137 -5.155989E-06 -1.035597E-05
201138 -5.236596E-06 -1.056572E-05
201139 -5.127005E-06 -1.070026E-05
201140 -4.804973E-06 -1.071138E-05
201141 -4.374179E-06 -1.061699E-05
201142 -4.001703E-06 -1.047753E-05
201143 -3.814490E-06 -1.035276E-05
201144 -3.827193E-06 -1.027281E-05
201145 -3.946897E-06 -1.023869E-05
201146 -4.041005E-06 -1.024072E-05
201147 -4.013855E-06 -1.027252E-05
201148 -3.844453E-06 -1.033132E-05
201149 -3.575989E-06 -1.041111E-05
201150 -3.280090E-06 -1.049917E-05
201151 -3.024007E-06 -1.057894E-05
201152 -2.854367E-06 -1.063548E-05
201153 -3.147788E-06 -7.057968E-06
201154 -3.203446E-06 -7.054846E-06
201155 -3.364570E-06 -7.038747E-06
201156 -3.611787E-06 -7.014862E-06
201157 -3.905478E-06 -6.991255E-06
201158 -4.182648E-06 -6.975473E-06
201159 -4.369403E-06 -6.969775E-06
201160 -4.413906E-06 -6.970243E-06
201161 -4.326431E-06 -6.974379E-06
201162 -4.195565E-06 -6.992578E-06
201163 -4.154024E-06 -7.048958E-06
201164 -4.301642E-06 -7.161601E-06
201165 -4.634169E-06 -7.313804E-06
201166 -5.034426E-06 -7.445551E-06
201167 -5.341028E-06 -7.483550E-06
201168 -5.449968E-06 -7.393435E-06
201169 -5.377444E-06 -7.213145E-06
201170 -5.241147E-06 -7.038094E-06
201171 -5.175625E-06 -6.965716E-06
201172 -5.240036E-06 -7.036383E-06
201173 -5.378084E-06 -7.208981E-06
201174 -5.455561E-06 -7.386316E-06
201175 -5.352351E-06 -7.474252E-06
201176 -5.049155E-06 -7.436220E-06
201177 -4.648596E-06 -7.306936E-06
201178 -4.313129E-06 -7.158648E-06
201179 -4.162380E-06 -7.049473E-06
201180 -4.202753E-06 -6.994263E-06
201181 -4.335215E-06 -6.973841E-06
201182 -4.426307E-06 -6.964215E-06
201183 -4.385546E-06 -6.956547E-06
201184 -4.200500E-06 -6.955929E-06
201185 -3.921778E-06 -6.968669E-06
201186 -3.623914E-06 -6.993181E-06
201187 -3.372141E-06 -7.020388E-06
201188 -3.208311E-06 -7.039679E-06
201189 -3.152239E-06 -7.044304E-06
201190 -3.208478E-06 -7.033416E-06
201191 -3.370398E-06 -7.011483E-06
201192 -3.617992E-06 -6.986601E-06
201193 -3.911257E-06 -6.967963E-06
201194 -4.187286E-06 -6.961891E-06
201195 -4.372642E-06 -6.967738E-06
201196 -4.416071E-06 -6.978370E-06
201197 -4.328318E-06 -6.988968E-06
201198 -4.198179E-06 -7.009066E-06
201199 -4.158190E-06 -7.063309E-06
201200 -4.307623E-06 -7.171253E-06
201201 -4.641442E-06 -7.317987E-06
201202 -5.041790E-06 -7.444960E-06
201203 -5.347111E-06 -7.479546E-06
201204 -5.453906E-06 -7.387199E-06
201205 -5.379319E-06 -7.205272E-06
201206 -5.241829E-06 -7.028829E-06
201207 -5.176092E-06 -6.955575E-06
201208 -5.240669E-06 -7.026595E-06
201209 -5.378515E-06 -7.201295E-06
201210 -5.455175E-06 -7.382248E-06
201211 -5.350994E-06 -7.474295E-06
201212 -5.047417E-06 -7.439599E-06
201213 -4.647469E-06 -7.312060E-06
201214 -4.313356E-06 -7.163911E-06
201215 -4.164008E-06 -7.053904E-06
201216 -4.205122E-06 -6.997733E-06
201217 -4.337264E-06 -6.976841E-06
201218 -4.426973E-06 -6.967376E-06
201219 -4.384140E-06 -6.960127E-06
201220 -4.196976E-06 -6.959585E-06
201221 -3.916785E-06 -6.971790E-06
201222 -3.618478E-06 -6.995756E-06
201223 -3.367090E-06 -7.023819E-06
201224 -3.203804E-06 -7.046757E-06
